-0.211637   -0.0426983  0.0578651
-0.379393   -0.0323707  0.0583815
-0.387663   -0.303076  0.0448462
-0.461394   -0.297704  0.0451148
-0.429416   0.165807  0.0682903
-0.375297   0.0778498  0.0638925
-0.477567   -0.18902  0.050549
-0.439944   -0.239136  0.0480432
-0.419386   -0.264608  0.0467696
-0.442047   -0.363604  0.0418198
-0.380045   -0.394696  0.0402652
-0.406211   -0.20522  0.049739
-0.440178   -0.545329  0.0327336
-0.436969   -0.335034  0.0432483
-0.428933   -0.303821  0.0448089
-0.464858   -0.257267  0.0471366
-0.432572   -0.35934  0.042033
-0.404988   -0.145472  0.0527264
-0.40618   -0.0486938  0.0575653
-0.446384   -0.386015  0.0406993
-0.369502   -0.166856  0.0516572
-0.447521   -0.469777  0.0365112
-0.499073   -0.557858  0.0321071
-0.431543   -0.0241683  0.0587916
-0.438645   -0.210311  0.0494844
-0.472177   -0.0373095  0.0581345
-0.475663   -0.304639  0.0447681
-0.444206   -0.363373  0.0418314
-0.403488   -0.396667  0.0401666
-0.380202   -0.246431  0.0476784
-0.372069   -0.108217  0.0545892
-0.449843   -0.157754  0.0521123
-0.480759   -0.420593  0.0389703
-0.2953   -0.170702  0.0514649
-0.41798   -0.246263  0.0476869
-0.395867   0.0585525  0.0629276
-0.394135   -0.22018  0.048991
-0.439044   -0.244183  0.0477909
-0.378887   -0.342651  0.0428674
-0.435935   -0.181969  0.0509015
-0.39694   -0.342846  0.0428577
-0.369714   -0.178955  0.0510522
-0.383057   -0.0569124  0.0571544
-0.536362   -0.268718  0.0465641
-0.40823   -0.334067  0.0432966
-0.40316   -0.20049  0.0499755
-0.426071   -0.380712  0.0409644
-0.330558   0.177966  0.0688983
-0.37768   -0.356107  0.0421947
-0.433306   -0.223837  0.0488082
-0.350366   -0.199957  0.0500022
-0.415296   -0.284517  0.0457742
-0.356133   -0.128051  0.0535975
-0.455252   0.12261  0.0661305
-0.392108   -0.251773  0.0474114
-0.44239   -0.313372  0.0443314
-0.350134   -0.385267  0.0407367
-0.425337   -0.258934  0.0470533
-0.452759   -0.3554  0.04223
-0.467355   -0.454443  0.0372779
-0.381223   0.372279  0.0786139
-0.339342   -0.34758  0.042621
-0.438195   0.160368  0.0680184
-0.3931   -0.135776  0.0532112
-0.477036   -0.124759  0.053762
-0.504343   -0.391712  0.0404144
-0.421814   -0.0389864  0.0580507
-0.326717   -0.273099  0.0463451
-0.458974   -0.593957  0.0303021
-0.429594   -0.0345545  0.0582723
-0.404067   0.0241506  0.0612075
-0.437358   -0.271985  0.0464007
-0.329224   -0.154064  0.0522968
-0.447279   -0.389717  0.0405141
-0.429251   -0.460119  0.036994
-0.328938   -0.387624  0.0406188
-0.403717   0.200423  0.0700212
-0.413904   -0.033455  0.0583273
-0.358363   -0.310875  0.0444563
-0.389493   -0.104149  0.0547925
-0.336458   -0.206584  0.0496708
-0.352568   -0.095082  0.0552459
-0.425258   -0.332759  0.0433621
-0.53554   -0.226481  0.0486759
-0.381166   -0.371698  0.0414151
-0.338491   -0.233304  0.0483348
-0.394618   -0.0452081  0.0577396
-0.37129   -0.152909  0.0523546
-0.365845   -0.00864817  0.0595676
-0.444354   -0.30505  0.0447475
-0.306031   -0.0432046  0.0578398
-0.391471   -0.0379673  0.0581016
-0.381295   -0.0976231  0.0551188
-0.406487   -0.459465  0.0370267
-0.361194   -0.24267  0.0478665
-0.396112   -0.487745  0.0356127
-0.383241   0.262427  0.0731214
-0.466617   -0.112577  0.0543712
-0.360244   0.0578706  0.0628935
-0.429508   -0.12686  0.053657
-0.35684   -0.286969  0.0456515
-0.464761   -0.368368  0.0415816
-0.353422   -0.332139  0.043393
-0.410532   0.056908  0.0628454
-0.422198   -0.0467379  0.0576631
-0.411285   -0.354338  0.0422831
-0.451438   0.127741  0.0663871
-0.396171   -0.413284  0.0393358
-0.440898   -0.278376  0.0460812
-0.393429   -0.338381  0.043081
-0.459887   -0.483905  0.0358047
-0.440169   -0.0154977  0.0592251
-0.421723   -0.254631  0.0472684
-0.354519   -0.0484839  0.0575758
-0.353806   -0.243266  0.0478367
-0.447168   -0.211628  0.0494186
-0.458851   -0.441628  0.0379186
-0.382114   -0.216752  0.0491624
-0.389851   -0.328117  0.0435942
-0.406286   -0.161416  0.0519292
-0.407096   -0.183448  0.0508276
-0.460495   0.152624  0.0676312
-0.461527   -0.353087  0.0423457
-0.452264   -0.258143  0.0470928
-0.426724   0.00746492  0.0603732
-0.336812   -0.295007  0.0452497
-0.390114   -0.269336  0.0465332
-0.491186   -0.345382  0.0427309
-0.391288   -0.349217  0.0425392
-0.473951   -0.156395  0.0521803
-0.487993   -0.226338  0.0486831
-0.458425   -0.206601  0.0496699
-0.369924   -0.206431  0.0496785
-0.429638   -0.489321  0.0355339
-0.398651   -0.438648  0.0380676
-0.417775   -0.32234  0.043883
-0.40209   -0.2451  0.047745
-0.430712   -0.289202  0.0455399
-0.453141   -0.245508  0.0477246
-0.411002   -0.327584  0.0436208
-0.387532   -0.234466  0.0482767
-0.410539   -0.264858  0.0467571
-0.391453   0.0210353  0.0610518
-0.433975   -0.408729  0.0395636
-0.525692   -0.160864  0.0519568
-0.46358   -0.148702  0.0525649
-0.410694   -0.254165  0.0472917
-0.456059   -0.293697  0.0453152
-0.376269   -0.208872  0.0495564
-0.323721   -0.0426248  0.0578688
-0.358852   -0.0321902  0.0583905
-0.40531   -0.356287  0.0421857
-0.467643   -0.297327  0.0451336
-0.388174   0.0833612  0.0641681
-0.327945   -0.108594  0.0545703
-0.332108   0.053229  0.0626615
-0.482844   -0.286182  0.0456909
-0.396119   -0.264304  0.0467848
-0.436406   -0.12175  0.0539125
-0.416069   -0.314771  0.0442614
-0.385554   -0.19202  0.050399
-0.348162   -0.179502  0.0510249
-0.487395   -0.337038  0.0431481
-0.447991   -0.105498  0.0547251
-0.46676   -0.166014  0.0516993
-0.396633   -0.127668  0.0536166
-0.366067   -0.0764101  0.0561795
-0.324682   0.0184615  0.0609231
-0.409212   -0.194362  0.0502819
-0.456159   -0.512271  0.0343865
-0.450461   -0.285873  0.0457064
-0.368515   -0.389758  0.0405121
-0.343755   -0.219323  0.0490339
-0.371676   -0.277783  0.0461108
-0.362348   0.00208316  0.0601042
-0.494225   -0.208361  0.049582
-0.413036   -0.403449  0.0398276
-0.427928   -0.312334  0.0443833
-0.500034   -0.265637  0.0467181
-0.468136   -0.0939528  0.0553024
-0.418882   -0.0772321  0.0561384
-0.509471   -0.185892  0.0507054
-0.422685   -0.221977  0.0489012
-0.349941   -0.191065  0.0504467
-0.449794   -0.40186  0.039907
-0.350048   -0.20486  0.049757
-0.375122   0.126819  0.066341
-0.513252   -0.531661  0.0334169
-0.488997   -0.331666  0.0434167
-0.616387   -0.270815  0.0464592
-0.451997   -0.370087  0.0414957
-0.356151   -0.00853195  0.0595734
-0.389185   -0.129997  0.0535002
-0.358512   -0.25974  0.047013
-0.471458   -0.156779  0.052161
-0.435712   -0.1375  0.053125
-0.405902   -0.413444  0.0393278
-0.311909   -0.0665247  0.0566738
-0.390147   -0.448212  0.0375894
-0.432895   -0.203975  0.0498012
-0.38489   -0.0613773  0.0569311
-0.476321   -0.397569  0.0401216
-0.573591   -0.317419  0.044129
-0.480372   -0.387908  0.0406046
-0.424896   -0.172789  0.0513606
-0.358226   0.0387434  0.0619372
-0.408109   -0.246159  0.047692
-0.645869   -0.388751  0.0405624
-0.5125   -0.234928  0.0482536
-0.460536   -0.303377  0.0448311
-0.395845   -0.0629143  0.0568543
-0.534486   -0.480145  0.0359928
-0.416068   -0.231545  0.0484228
-0.335008   -0.238611  0.0480694
-0.425274   0.00570878  0.0602854
-0.415309   -0.317375  0.0441313
-0.351879   -0.398557  0.0400721
-0.41855   -0.239081  0.048046
-0.40812   -0.250853  0.0474573
-0.316776   -0.256337  0.0471831
-0.413312   -0.275234  0.0462383
-0.393687   -0.0431373  0.0578431
-0.454785   -0.376528  0.0411736
-0.451522   -0.453382  0.0373309
-0.397357   -0.0281585  0.0585921
-0.437464   -0.21344  0.049328
-0.430665   -0.249428  0.0475286
-0.419564   -0.13518  0.053241
-0.393438   -0.0523617  0.0573819
-0.422828   -0.407698  0.0396151
-0.391966   -0.143893  0.0528054
-0.428788   -0.29703  0.0451485
-0.395318   -0.412416  0.0393792
-0.389486   -0.169574  0.0515213
-0.349029   -0.341485  0.0429257
-0.405489   -0.378014  0.0410993
-0.409458   -0.162942  0.0518529
-0.426698   -0.160386  0.0519807
-0.330238   -0.117033  0.0541484
-0.439128   -0.439438  0.0380281
-0.421386   -0.471009  0.0364496
-0.522141   -0.0554928  0.0572254
-0.444841   -0.430418  0.0384791
-0.408478   -0.110017  0.0544992
-0.38651   0.0439721  0.0621986
-0.320972   -0.12576  0.053712
-0.369574   -0.31064  0.044468
-0.480163   -0.470928  0.0364536
-0.382657   -0.324224  0.0437888
-0.433965   -0.158711  0.0520644
-0.431212   -0.342867  0.0428566
-0.374171   -0.339407  0.0430297
-0.369309   0.00989757  0.0604949
-0.425485   -0.33686  0.043157
-0.346808   -0.104998  0.0547501
-0.391575   -0.401366  0.0399317
-0.409617   -0.372141  0.041393
-0.347075   -0.19389  0.0503055
-0.348908   0.137146  0.0668573
-0.320749   0.0643841  0.0632192
-0.326674   -0.202577  0.0498711
-0.391955   -0.438455  0.0380772
-0.332209   -0.246814  0.0476593
-0.35807   -0.1091  0.054545
-0.446296   -0.367323  0.0416338
-0.45414   -0.267856  0.0466072
-0.34409   -0.34182  0.042909
-0.403433   0.00233033  0.0601165
-0.513049   -0.111793  0.0544104
-0.358636   -0.300357  0.0449822
-0.402428   -0.41623  0.0391885
-0.477341   -0.0134634  0.0593268
-0.481948   -0.162336  0.0518832
-0.364861   -0.0381793  0.058091
-0.396329   -0.438507  0.0380747
-0.406805   -0.277199  0.0461401
-0.403672   -0.401977  0.0399012
-0.418212   -0.281034  0.0459483
-0.472803   -0.222307  0.0488847
-0.393452   0.121615  0.0660808
-0.336885   -0.0427736  0.0578613
-0.379649   -0.19059  0.0504705
-0.372713   -0.31167  0.0444165
-0.439079   -0.176141  0.0511929
-0.451192   -0.505883  0.0347058
-0.387459   -0.204896  0.0497552
-0.376437   -0.182213  0.0508894
-0.405546   -0.322374  0.0438813
-0.506262   -0.316344  0.0441828
-0.400807   -0.408063  0.0395968
-0.371076   -0.366584  0.0416708
-0.394513   -0.342826  0.0428587
-0.500657   -0.38184  0.040908
-0.456331   -0.362777  0.0418611
-0.488981   -0.0107193  0.059464
-0.408045   -0.446943  0.0376529
-0.36289   -0.33825  0.0430875
-0.402136   -0.171491  0.0514255
-0.396798   -0.311204  0.0444398
-0.359686   -0.277317  0.0461342
-0.416819   -0.279008  0.0460496
-0.419216   -0.248674  0.0475663
-0.409617   -0.394808  0.0402596
-0.394316   -0.157227  0.0521387
-0.430061   -0.161989  0.0519006
-0.437874   -0.36855  0.0415725
-0.321478   -0.218055  0.0490972
-0.413344   -0.0100914  0.0594954
-0.350724   -0.00555054  0.0597225
-0.386588   -0.0128284  0.0593586
-0.479474   -0.417701  0.0391149
-0.376783   -0.348991  0.0425505
-0.352626   -0.0300391  0.058498
-0.450681   -0.118739  0.0540631
-0.480348   -0.395207  0.0402396
-0.508067   -0.443863  0.0378068
-0.395351   -0.317726  0.0441137
-0.360507   -0.11588  0.054206
-0.419095   -0.183408  0.0508296
-0.426785   -0.0616807  0.056916
-0.487605   0.0345629  0.0617281
-0.446929   -0.00671485  0.0596643
-0.442543   -0.165395  0.0517303
-0.510514   -0.316579  0.0441711
-0.435457   -0.450717  0.0374641
-0.431968   -0.394041  0.0402979
-0.469131   -0.0685397  0.056573
-0.486413   -0.238392  0.0480804
-0.444859   -0.280914  0.0459543
-0.367579   -0.315102  0.0442449
-0.407352   -0.28185  0.0459075
-0.437809   -0.419734  0.0390133
-0.419825   -0.066377  0.0566811
-0.4715   -0.379255  0.0410373
-0.580914   -0.0135009  0.059325
-0.45707   -0.330916  0.0434542
-0.402052   -0.323929  0.0438036
-0.392444   -0.260632  0.0469684
-0.365905   -0.404353  0.0397824
-0.338644   -0.187709  0.0506146
-0.394855   0.0141832  0.0607092
-0.440213   -0.119222  0.0540389
-0.345848   -0.314337  0.0442832
-0.329898   -0.165525  0.0517237
-0.451382   -0.295524  0.0452238
-0.39083   -0.235492  0.0482254
-0.40896   -0.325105  0.0437448
-0.458918   -0.228324  0.0485838
-0.302314   -0.113007  0.0543496
-0.422524   -0.28776  0.045612
-0.436127   -0.0838827  0.0558059
-0.33548   0.0468085  0.0623404
-0.426358   -0.0306134  0.0584693
-0.392051   -0.231316  0.0484342
-0.375978   -0.213943  0.0493028
-0.465246   -0.286101  0.045695
-0.449958   -0.428074  0.0385963
-0.436695   -0.135249  0.0532375
-0.356129   -0.0261669  0.0586917
-0.492891   -0.302235  0.0448882
-0.368561   -0.419934  0.0390033
-0.408152   0.0668247  0.0633412
-0.472408   -0.197657  0.0501171
-0.439021   -0.409147  0.0395426
-0.449009   0.0941906  0.0647095
-0.449208   -0.228227  0.0485886
-0.416716   -0.288214  0.0455893
-0.433798   -0.383626  0.0408187
-0.376317   0.0488747  0.0624437
-0.418897   -0.291708  0.0454146
-0.453156   -0.206211  0.0496894
-0.356817   0.0145832  0.0607292
-0.3992   -0.212717  0.0493642
-0.399814   -0.140794  0.0529603
-0.424414   -0.164012  0.0517994
-0.356775   -0.415586  0.0392207
-0.361388   -0.272141  0.0463929
-0.342325   -0.356947  0.0421526
-0.444403   -0.220307  0.0489847
-0.421482   -0.126014  0.0536993
-0.433115   -0.0554354  0.0572282
-0.456258   -0.5203  0.033985
-0.53763   -0.432946  0.0383527
-0.449739   -0.174764  0.0512618
-0.365563   -0.273611  0.0463195
-0.368965   0.00550249  0.0602751
-0.397161   -0.073309  0.0563345
-0.41449   -0.286211  0.0456895
-0.450156   -0.143405  0.0528297
-0.36769   0.0201013  0.0610051
-0.364237   -0.304952  0.0447524
-0.403735   -0.0674172  0.0566291
-0.476876   0.0017952  0.0600898
-0.507095   -0.510457  0.0344772
-0.409898   -0.299775  0.0450113
-0.418463   0.133407  0.0666704
-0.397454   -0.246798  0.0476601
-0.485957   -0.267409  0.0466296
-0.422877   -0.314392  0.0442804
-0.388013   -0.112532  0.0543734
-0.400109   0.110415  0.0655208
-0.271938   0.0417685  0.0620884
-0.394694   -0.315993  0.0442004
-0.39326   -0.166515  0.0516743
-0.336204   -0.154068  0.0522966
-0.472581   -0.434036  0.0382982
-0.441209   -0.143543  0.0528228
-0.406141   -0.470729  0.0364636
-0.39915   -0.172594  0.0513703
-0.394801   -0.255174  0.0472413
-0.351603   -0.154792  0.0522604
-0.323373   -0.0953046  0.0552348
-0.491244   -0.316191  0.0441905
-0.43862   -0.100827  0.0549586
-0.39344   -0.380616  0.0409692
-0.384046   -0.337731  0.0431134
-0.374441   -0.37871  0.0410645
-0.420006   -0.289539  0.045523
-0.442449   -0.289955  0.0455022
-0.470099   -0.360915  0.0419543
-0.373764   -0.399858  0.0400071
-0.363888   -0.243308  0.0478346
-0.496521   -0.139824  0.0530088
-0.416769   -0.362628  0.0418686
-0.42734   -0.152419  0.0523791
-0.458809   -0.47671  0.0361645
-0.359083   -0.287012  0.0456494
-0.424664   -0.21365  0.0493175
-0.403251   -0.424429  0.0387786
-0.429071   -0.0131382  0.0593431
-0.27401   0.10526  0.065263
-0.481038   -0.288378  0.0455811
-0.349119   -0.307701  0.044615
-0.428722   -0.410644  0.0394678
-0.378151   -0.420334  0.0389833
-0.457678   -0.398214  0.0400893
-0.400382   -0.261119  0.046944
-0.49591   -0.124526  0.0537737
-0.435026   -0.364478  0.0417761
-0.401052   -0.104015  0.0547992
-0.423936   -0.280124  0.0459938
-0.432364   -0.48906  0.035547
-0.487564   -0.423673  0.0388163
-0.450273   -0.472411  0.0363795
-0.370914   -0.108147  0.0545926
-0.371018   -0.493673  0.0353163
-0.382686   -0.228441  0.0485779
-0.457222   -0.151665  0.0524168
-0.386668   -0.143576  0.0528212
-0.520752   -0.319015  0.0440492
-0.468169   -0.446472  0.0376764
-0.37945   -0.08561  0.0557195
-0.389601   -0.0653777  0.0567311
-0.379404   0.0631622  0.0631581
-0.328637   -0.138289  0.0530856
-0.350576   -0.33161  0.0434195
-0.334958   0.246079  0.072304
-0.304986   -0.0367279  0.0581636
-0.460551   -0.431127  0.0384436
-0.51118   -0.446927  0.0376537
-0.461814   -0.201111  0.0499445
-0.543768   -0.183236  0.0508382
-0.401641   -0.255853  0.0472073
-0.402835   -0.000730011  0.0599635
-0.448811   0.0204032  0.0610202
-0.361941   -0.339417  0.0430292
-0.463523   -0.258488  0.0470756
-0.424414   -0.232262  0.0483869
-0.388024   -0.217294  0.0491353
-0.336705   -0.155414  0.0522293
-0.291598   -0.0655995  0.05672
-0.471838   -0.133482  0.0533259
-0.498438   -0.0610818  0.0569459
-0.422948   -0.213311  0.0493345
-0.331286   -0.386174  0.0406913
-0.364093   -0.365938  0.0417031
-0.378732   -0.289137  0.0455432
-0.394766   -0.297494  0.0451253
-0.448455   -0.137671  0.0531165
-0.500837   -0.311479  0.044426
-0.462035   -0.393367  0.0403316
-0.474355   -0.186051  0.0506974
-0.415391   -0.210261  0.0494869
-0.484995   -0.175638  0.0512181
-0.383817   0.0382295  0.0619115
-0.463515   -0.340899  0.0429551
-0.511927   -0.165998  0.0517001
-0.368012   0.162797  0.0681399
-0.350038   -0.326246  0.0436877
-0.268668   0.0246964  0.0612348
-0.377361   -0.18643  0.0506785
-0.401004   -0.115799  0.0542101
-0.503993   -0.389072  0.0405464
-0.403495   -0.302472  0.0448764
-0.433758   -0.401786  0.0399107
-0.382765   -0.375093  0.0412453
-0.448094   -0.355794  0.0422103
-0.366243   -0.106476  0.0546762
-0.408557   -0.161208  0.0519396
-0.3939   -0.203734  0.0498133
-0.463458   -0.196922  0.0501539
-0.343121   0.205041  0.0702521
-0.352827   -0.233385  0.0483307
-0.448242   -0.373852  0.0413074
-0.418574   -0.426403  0.0386799
-0.421519   -0.251434  0.0474283
-0.443288   -0.516196  0.0341902
-0.297499   -0.204439  0.0497781
-0.371611   -0.189197  0.0505401
-0.396896   -0.04154  0.057923
-0.478925   -0.315391  0.0442305
-0.340091   -0.262773  0.0468614
-0.451453   -0.330667  0.0434666
-0.448754   -0.353932  0.0423034
-0.365387   -0.386839  0.040658
-0.453671   -0.251225  0.0474387
-0.39293   -0.373036  0.0413482
-0.365255   0.0416001  0.06208
-0.448961   -0.151917  0.0524042
-0.442505   -0.0707682  0.0564616
-0.488895   -0.25288  0.047356
-0.409674   -0.324436  0.0437782
-0.398681   0.108429  0.0654214
-0.411311   0.139721  0.0669861
-0.404217   -0.288724  0.0455638
-0.523169   -0.454426  0.0372787
-0.426127   -0.0386839  0.0580658
-0.372301   -0.127378  0.0536311
-0.411795   -0.0555872  0.0572206
-0.333578   0.0435171  0.0621759
-0.507894   -0.302298  0.0448851
-0.399904   0.178721  0.0689361
-0.335297   -0.326648  0.0436676
-0.295858   -0.131172  0.0534414
-0.409661   -0.182728  0.0508636
-0.494991   -0.440997  0.0379501
-0.376302   -0.00201026  0.0598995
-0.42608   -0.144502  0.0527749
-0.407464   -0.195856  0.0502072
-0.411889   -0.135279  0.053236
-0.369974   -0.354996  0.0422502
-0.332609   -0.276451  0.0461774
-0.456394   -0.11465  0.0542675
-0.484354   -0.359313  0.0420344
-0.396976   -0.231196  0.0484402
-0.408661   -0.26604  0.046698
-0.345371   0.0498591  0.062493
-0.451264   -0.372341  0.041383
-0.584323   -0.180985  0.0509507
-0.357969   -0.280786  0.0459607
-0.342416   -0.360533  0.0419733
-0.455772   0.0122395  0.060612
-0.456672   -0.283404  0.0458298
-0.391786   0.0328744  0.0616437
-0.376337   -0.286951  0.0456525
-0.440068   -0.16624  0.051688
-0.509071   -0.419108  0.0390446
-0.471617   -0.26061  0.0469695
-0.354227   -0.259853  0.0470074
-0.496967   0.187361  0.069368
-0.399853   -0.167092  0.0516454
-0.369481   -0.397057  0.0401472
-0.351114   0.00328015  0.060164
-0.513552   -0.279042  0.0460479
-0.398785   -0.246699  0.0476651
-0.517497   -0.540493  0.0329754
-0.481444   -0.0626424  0.0568679
-0.438987   -0.369477  0.0415262
-0.442348   -0.356873  0.0421563
-0.455988   -0.36036  0.041982
-0.419684   -0.297389  0.0451306
-0.486147   -0.188614  0.0505693
-0.511497   -0.100181  0.054991
-0.379687   -0.381909  0.0409045
-0.428812   -0.115802  0.0542099
-0.40299   -0.313201  0.04434
-0.466209   -0.011263  0.0594369
-0.532313   -0.0976636  0.0551168
-0.442952   -0.247294  0.0476353
-0.382298   -0.101603  0.0549199
-0.404697   0.163047  0.0681523
-0.3771   -0.198121  0.050094
-0.413766   -0.277733  0.0461133
-0.372545   -0.271789  0.0464105
-0.449165   -0.302623  0.0448688
-0.376746   -0.206968  0.0496516
-0.415071   -0.269116  0.0465442
-0.449957   -0.334027  0.0432986
-0.400432   -0.274488  0.0462756
-0.508417   -0.00823256  0.0595884
-0.343745   -0.314401  0.0442799
-0.425482   -0.307191  0.0446405
-0.360309   -0.322089  0.0438955
-0.35708   0.22908  0.071454
-0.399357   -0.327481  0.0436259
-0.407439   -0.213371  0.0493314
-0.32738   -0.313511  0.0443245
-0.455142   -0.317533  0.0441234
-0.441595   -0.0791598  0.056042
-0.413877   -0.319406  0.0440297
-0.420944   -0.0717376  0.0564131
-0.353938   -0.364647  0.0417677
-0.422244   -0.492346  0.0353827
-0.370905   -0.286804  0.0456598
-0.42332   -0.0373003  0.058135
-0.334106   -0.152289  0.0523856
-0.400649   -0.195238  0.0502381
-0.54284   -0.326925  0.0436538
-0.497733   -0.13312  0.053344
-0.429021   -0.241362  0.0479319
-0.394648   -0.431282  0.0384359
-0.45378   -0.291702  0.0454149
-0.320384   0.0355492  0.0617775
-0.350781   0.0680398  0.063402
-0.389512   -0.376393  0.0411804
-0.298631   -0.134927  0.0532536
-0.374664   -0.0129543  0.0593523
-0.385939   -0.155591  0.0522204
-0.428809   -0.153387  0.0523307
-0.418554   -0.254906  0.0472547
-0.324461   -0.103073  0.0548463
-0.337037   -0.183961  0.0508019
-0.454905   -0.185708  0.0507146
-0.411341   -0.239482  0.0480259
-0.455489   -0.183657  0.0508172
-0.541184   -0.278918  0.0460541
-0.421474   -0.197741  0.0501129
-0.384009   -0.22225  0.0488875
-0.42488   -0.295732  0.0452134
-0.434319   -0.39783  0.0401085
-0.41265   -0.131115  0.0534443
-0.49744   -0.463674  0.0368163
-0.374058   -0.123939  0.053803
-0.326416   -0.273852  0.0463074
-0.393482   -0.290952  0.0454524
-0.404531   -0.331775  0.0434112
-0.360823   -0.228813  0.0485593
-0.385076   -0.36488  0.041756
-0.391853   -0.262749  0.0468625
-0.387524   -0.369181  0.041541
-0.45533   -0.30246  0.044877
-0.390101   -0.067855  0.0566073
-0.453842   -0.314547  0.0442727
-0.43113   -0.259256  0.0470372
-0.446372   -0.221978  0.0489011
-0.374344   -0.219889  0.0490055
-0.312808   -0.0976325  0.0551184
-0.467806   -0.26532  0.046734
-0.448041   -0.230275  0.0484862
-0.399133   -0.398628  0.0400686
-0.432961   -0.0896353  0.0555182
-0.379045   -0.0260221  0.0586989
-0.413232   -0.0121771  0.0593911
-0.557125   -0.271734  0.0464133
-0.449248   -0.253762  0.0473119
-0.395622   -0.16904  0.051548
-0.561916   -0.428654  0.0385673
-0.557026   0.19763  0.0698815
-0.474398   -0.314349  0.0442826
-0.359524   -0.18375  0.0508125
-0.443761   -0.13329  0.0533355
-0.345498   0.0725636  0.0636282
-0.428356   -0.228155  0.0485923
-0.436106   -0.401044  0.0399478
-0.309564   0.0644502  0.0632225
-0.55382   -0.546814  0.0326593
-0.542387   0.129851  0.0664926
-0.461677   -0.260785  0.0469608
-0.398587   -0.0285863  0.0585707
-0.415349   0.0120725  0.0606036
-0.424035   -0.297815  0.0451093
-0.305985   0.103601  0.06518
-0.421355   -0.234034  0.0482983
-0.425006   -0.254587  0.0472706
-0.356429   -0.0473882  0.0576306
-0.419499   -0.23244  0.048378
-0.427426   -0.38392  0.040804
-0.400839   -0.127838  0.0536081
-0.480919   -0.412448  0.0393776
-0.524471   -0.163146  0.0518427
-0.498139   -0.194273  0.0502864
-0.357585   -0.312953  0.0443524
-0.395913   -0.463256  0.0368372
-0.411793   -0.3297  0.043515
-0.378302   -0.25748  0.047126
-0.442489   -0.156166  0.0521917
-0.477237   -0.0720444  0.0563978
-0.384056   -0.0454349  0.0577283
-0.356848   0.0769186  0.0638459
-0.393111   -0.190435  0.0504783
-0.54219   -0.0669882  0.0566506
-0.426596   -0.0697302  0.0565135
-0.482385   -0.267988  0.0466006
-0.369557   -0.00140109  0.0599299
-0.410516   -0.210544  0.0494728
-0.422058   -0.36411  0.0417945
-0.342605   -0.356128  0.0421936
-0.39446   -0.356674  0.0421663
-0.445392   -0.15749  0.0521255
-0.418097   -0.164386  0.0517807
-0.374465   -0.0457091  0.0577145
-0.385778   0.202518  0.0701259
-0.392247   -0.312309  0.0443845
-0.400349   -0.208642  0.0495679
-0.454653   -0.278135  0.0460932
-0.358785   0.0302372  0.0615119
-0.445272   -0.283814  0.0458093
-0.480745   -0.211619  0.049419
-0.369923   -0.256219  0.047189
-0.311225   -0.088724  0.0555638
-0.435003   -0.191369  0.0504315
-0.382504   -0.182259  0.0508871
-0.40422   -0.21422  0.049289
-0.415536   -0.191514  0.0504243
-0.322149   0.0885407  0.064427
-0.386904   -0.0711465  0.0564427
-0.353736   -0.346279  0.042686
-0.41882   -0.241275  0.0479362
-0.473462   -0.32693  0.0436535
-0.32435   -0.211759  0.049412
-0.519385   -0.263926  0.0468037
-0.550623   -0.375478  0.0412261
-0.462816   -0.414266  0.0392867
-0.412839   -0.243822  0.0478089
-0.377689   -0.256122  0.0471939
-0.370348   0.0260023  0.0613001
-0.432818   -0.385878  0.0407061
-0.400736   -0.176158  0.0511921
-0.426738   -0.0625077  0.0568746
-0.541319   -0.58051  0.0309745
-0.409115   -0.0152944  0.0592353
-0.451448   -0.273598  0.0463201
-0.44506   -0.303755  0.0448123
-0.454085   -0.209403  0.0495299
-0.427065   -0.289618  0.0455191
-0.446685   -0.550727  0.0324637
-0.351292   -0.345414  0.0427293
-0.481351   -0.415283  0.0392359
-0.363301   0.280347  0.0740174
-0.31077   -0.356502  0.0421749
-0.476683   -0.25477  0.0472615
-0.506555   0.0336548  0.0616827
-0.450085   -0.147021  0.0526489
-0.352515   -0.370404  0.0414798
-0.400707   -0.156342  0.0521829
-0.448088   -0.142564  0.0528718
-0.387293   -0.423471  0.0388264
-0.449095   0.283302  0.0741651
-0.494511   -0.240802  0.0479599
-0.409922   -0.290837  0.0454581
-0.470935   -0.404941  0.0397529
-0.366597   -0.278441  0.0460779
-0.342481   -0.0835243  0.0558238
-0.41363   -0.283831  0.0458084
-0.393163   -0.197834  0.0501083
-0.319654   -0.383068  0.0408466
-0.443553   -0.154052  0.0522974
-0.448876   -0.48419  0.0357905
-0.488749   -0.188331  0.0505835
-0.48068   -0.380468  0.0409766
-0.4554   0.176791  0.0688396
-0.498216   -0.29102  0.045449
-0.530379   -0.226259  0.048687
-0.389511   -0.231486  0.0484257
-0.409638   0.125572  0.0662786
-0.379148   -0.16902  0.051549
-0.382176   -0.238641  0.0480679
-0.365676   -0.168297  0.0515852
-0.480553   -0.25976  0.047012
-0.447314   -0.0546196  0.057269
-0.364596   -0.310942  0.0444529
-0.367313   -0.154463  0.0522769
-0.41349   -0.35489  0.0422555
-0.395064   -0.279281  0.0460359
-0.469932   -0.315757  0.0442122
-0.417901   -0.44934  0.037533
-0.428586   -0.161119  0.051944
-0.410845   -0.128257  0.0535872
-0.425155   -0.383295  0.0408353
-0.311398   0.00106027  0.060053
-0.496254   -0.461064  0.0369468
-0.336471   0.0725911  0.0636296
-0.491854   -0.112312  0.0543844
-0.413123   -0.0354929  0.0582254
-0.491152   -0.290028  0.0454986
-0.38714   -0.252998  0.0473501
-0.286666   0.0835916  0.0641796
-0.417063   -0.361123  0.0419438
-0.337253   -0.162761  0.0518619
-0.363896   -0.406709  0.0396645
-0.514478   -0.203072  0.0498464
-0.374564   -0.112202  0.0543899
-0.383079   -0.255565  0.0472217
-0.407466   -0.346854  0.0426573
-0.35073   0.0277838  0.0613892
-0.41922   -0.172156  0.0513922
-0.389758   -0.254671  0.0472664
-0.393566   -0.210716  0.0494642
-0.404882   -0.100199  0.0549901
-0.418905   -0.178207  0.0510896
-0.397319   -0.154366  0.0522817
-0.402136   -0.418324  0.0390838
-0.354023   -0.307125  0.0446437
-0.466092   -0.447432  0.0376284
-0.415942   -0.3455  0.042725
-0.392703   0.0869372  0.0643469
-0.460607   -0.205942  0.0497029
-0.406459   -0.0170997  0.059145
-0.45678   -0.369054  0.0415473
-0.363339   -0.439904  0.0380048
-0.493954   -0.315091  0.0442454
-0.485082   -0.233359  0.048332
-0.348186   -0.363621  0.041819
-0.351509   -0.173228  0.0513386
-0.389778   -0.251422  0.0474289
-0.425963   -0.352757  0.0423621
-0.501376   -0.223581  0.048821
-0.408913   -0.284059  0.0457971
-0.45147   -0.362788  0.0418606
-0.422258   -0.395974  0.0402013
-0.373331   -0.151911  0.0524044
-0.424219   -0.239134  0.0480433
-0.400363   -0.281958  0.0459021
-0.321427   -0.242125  0.0478937
-0.418223   -0.173916  0.0513042
-0.514132   -0.148217  0.0525891
-0.443542   -0.299471  0.0450264
-0.448101   -0.375048  0.0412476
-0.329549   -0.0263313  0.0586834
-0.507267   -0.544691  0.0327654
-0.39664   -0.142936  0.0528532
-0.434642   0.0188779  0.0609439
-0.423299   -0.225196  0.0487402
-0.3351   -0.0201912  0.0589904
-0.432297   -0.0273251  0.0586337
-0.410005   -0.340776  0.0429612
-0.442817   0.10528  0.065264
-0.402456   -0.185056  0.0507472
-0.558476   -0.397068  0.0401466
-0.458739   -0.0942919  0.0552854
-0.454962   -0.499686  0.0350157
-0.41909   -0.208376  0.0495812
-0.442146   -0.25491  0.0472545
-0.444671   -0.281592  0.0459204
-0.334131   -0.182738  0.0508631
-0.440074   -0.385726  0.0407137
-0.456139   -0.426268  0.0386866
-0.443637   -0.28416  0.045792
-0.47108   -0.191768  0.0504116
-0.367167   -0.355346  0.0422327
-0.391942   -0.145699  0.0527151
-0.412807   -0.160455  0.0519772
-0.466718   -0.404083  0.0397959
-0.39419   -0.07277  0.0563615
-0.38425   -0.181543  0.0509228
-0.46477   -0.334827  0.0432587
-0.438371   -0.143358  0.0528321
-0.491646   -0.192074  0.0503963
-0.416538   -0.176607  0.0511697
-0.425054   -0.386481  0.040676
-0.391194   -0.264757  0.0467622
-0.395516   -0.231285  0.0484357
-0.494787   -0.314583  0.0442708
-0.43648   -0.309757  0.0445121
-0.444068   -0.216332  0.0491834
-0.380835   -0.167584  0.0516208
-0.423088   -0.480769  0.0359615
-0.400927   -0.345541  0.0427229
-0.415674   -0.408242  0.0395879
-0.301601   -0.19897  0.0500515
-0.426103   -0.122128  0.0538936
-0.416254   -0.106462  0.0546769
-0.477811   -0.488689  0.0355655
-0.4095   -0.261881  0.046906
-0.343222   -0.299791  0.0450105
-0.448264   -0.270604  0.0464698
-0.487476   -0.311463  0.0444268
-0.368567   -0.279359  0.0460321
-0.517181   -0.169167  0.0515417
-0.451756   -0.299121  0.0450439
-0.371744   -0.335037  0.0432482
-0.460534   -0.229955  0.0485022
-0.430502   -0.321919  0.0439041
-0.353578   -0.209364  0.0495318
-0.423696   -0.15382  0.052309
-0.415129   -0.235628  0.0482186
-0.42092   0.0396839  0.0619842
-0.423146   -0.105046  0.0547477
-0.447105   -0.36854  0.041573
-0.350715   -0.192571  0.0503714
-0.438998   -0.256863  0.0471568
-0.397877   -0.143547  0.0528226
-0.508885   -0.06721  0.0566395
-0.384488   0.0261643  0.0613082
-0.459805   -0.0685821  0.0565709
-0.314686   0.089022  0.0644511
-0.409759   -0.100942  0.0549529
-0.431731   -0.322341  0.043883
-0.368764   -0.0288594  0.058557
-0.493655   -0.351153  0.0424423
-0.438764   -0.0942158  0.0552892
-0.41752   -0.0840014  0.0557999
-0.375951   -0.166862  0.0516569
-0.417166   -0.108932  0.0545534
-0.388497   -0.131632  0.0534184
-0.392977   -0.232279  0.048386
-0.42229   -0.375894  0.0412053
-0.44079   -0.0888185  0.0555591
-0.460116   -0.436205  0.0381897
-0.428832   -0.37109  0.0414455
-0.39688   -0.1637  0.051815
-0.405903   -0.236748  0.0481626
-0.416385   -0.249476  0.0475262
-0.430007   -0.175656  0.0512172
-0.442916   -0.209816  0.0495092
-0.373337   -0.334666  0.0432667
-0.370818   -0.162496  0.0518752
-0.395782   -0.160862  0.0519569
-0.358883   -0.277672  0.0461164
-0.474701   -0.0402727  0.0579864
-0.459364   -0.460194  0.0369903
-0.349026   0.0528631  0.0626432
-0.381159   -0.275731  0.0462134
-0.421773   -0.354391  0.0422805
-0.410089   -0.19294  0.050353
-0.439709   -0.421957  0.0389022
-0.327649   0.121882  0.0660941
-0.366223   -0.398829  0.0400586
-0.492853   -0.55792  0.032104
-0.400207   -0.166106  0.0516947
-0.451746   -0.479646  0.0360177
-0.456305   -0.314352  0.0442824
-0.504948   -0.0774428  0.0561279
-0.445623   -0.382054  0.0408973
-0.400284   -0.367407  0.0416296
-0.451189   -0.0172892  0.0591355
-0.442372   -0.260639  0.046968
-0.391666   -0.0490037  0.0575498
-0.345688   -0.246951  0.0476524
-0.364846   -0.0462913  0.0576854
-0.366329   -0.343145  0.0428428
-0.399781   -0.353702  0.0423149
-0.43708   -0.148751  0.0525625
-0.521115   -0.312638  0.0443681
-0.440362   -0.351601  0.04242
-0.301426   -0.00886403  0.0595568
-0.415592   -0.393565  0.0403218
-0.376674   -0.44688  0.037656
-0.490989   -0.474767  0.0362616
-0.455526   -0.0663154  0.0566842
-0.372379   -0.155826  0.0522087
-0.446611   -0.40886  0.039557
-0.40406   -0.321722  0.0439139
-0.356327   -0.154666  0.0522667
-0.411501   -0.267404  0.0466298
-0.49329   -0.24146  0.047927
-0.328339   -0.0363379  0.0581831
-0.43337   -0.33806  0.043097
-0.413687   -0.363358  0.0418321
-0.353886   -0.216563  0.0491719
-0.316617   -0.286057  0.0456972
-0.378831   -0.465065  0.0367468
-0.458747   -0.149575  0.0525212
-0.3935   -0.336345  0.0431828
-0.449025   -0.279865  0.0460067
-0.357754   -0.17001  0.0514995
-0.381185   0.1253  0.066265
-0.371132   -0.0342381  0.0582881
-0.363388   -0.182956  0.0508522
-0.433314   -0.394386  0.0402807
-0.353876   -0.331916  0.0434042
-0.43212   -0.298379  0.045081
-0.399587   -0.117002  0.0541499
-0.480547   -0.328534  0.0435733
-0.436249   -0.373852  0.0413074
-0.407395   -0.325763  0.0437119
-0.45334   -0.483867  0.0358066
-0.492212   -0.482863  0.0358568
-0.318414   -0.149436  0.0525282
-0.360666   -0.107981  0.054601
-0.373949   -0.244397  0.0477802
-0.445245   -0.270131  0.0464935
-0.399525   -0.246354  0.0476823
-0.36053   -0.191354  0.0504323
-0.543312   -0.314218  0.0442891
-0.365393   0.0749804  0.063749
-0.428729   -0.264717  0.0467641
-0.417938   -0.334247  0.0432877
-0.421967   -0.354856  0.0422572
-0.413511   -0.23109  0.0484455
-0.322833   -0.167495  0.0516253
-0.419964   -0.407966  0.0396017
-0.533728   -0.414909  0.0392546
-0.355292   -0.293577  0.0453211
-0.424271   -0.193492  0.0503254
-0.394626   -0.422193  0.0388904
-0.411398   -0.266022  0.0466989
-0.389526   -0.317896  0.0441052
-0.408067   -0.162332  0.0518834
-0.375768   -0.24122  0.047939
-0.399851   -0.182987  0.0508506
-0.396942   -0.244049  0.0477975
-0.406066   0.0550916  0.0627546
-0.493954   -0.241702  0.0479149
-0.394087   -0.247197  0.0476402
-0.413119   -0.195005  0.0502498
-0.458445   -0.175144  0.0512428
-0.399547   -0.303045  0.0448477
-0.453066   -0.165332  0.0517334
-0.396768   -0.45723  0.0371385
-0.529976   -0.140057  0.0529972
-0.387269   -0.174511  0.0512745
-0.358387   -0.296784  0.0451608
-0.497204   -0.542386  0.0328807
-0.438191   -0.160172  0.0519914
-0.438057   -0.193975  0.0503013
-0.351616   -0.414707  0.0392647
-0.408141   -0.343816  0.0428092
-0.478605   -0.183671  0.0508164
-0.3936   -0.233734  0.0483133
-0.332703   -0.259852  0.0470074
-0.438752   -0.387839  0.0406081
-0.459115   -0.0492869  0.0575357
-0.468463   -0.164459  0.0517771
-0.390414   -0.413287  0.0393356
-0.396885   -0.331541  0.0434229
-0.385886   -0.349277  0.0425362
-0.3959   -0.292183  0.0453908
-0.385171   -0.165066  0.0517467
-0.356034   -0.0759434  0.0562028
-0.365539   -0.164127  0.0517936
-0.441583   -0.281845  0.0459077
-0.42169   -0.0638379  0.0568081
-0.446731   -0.487823  0.0356089
-0.417169   -0.500092  0.0349954
-0.363244   -0.131996  0.0534002
-0.383126   -0.146853  0.0526573
-0.500948   -0.0667972  0.0566601
-0.517357   -0.333579  0.0433211
-0.41094   -0.433021  0.038349
-0.444818   -0.272209  0.0463895
-0.450641   -0.324699  0.043765
-0.308681   -0.0404609  0.057977
-0.4968   -0.411846  0.0394077
-0.391065   -0.274554  0.0462723
-0.412316   0.107017  0.0653508
-0.384074   -0.231476  0.0484262
-0.472468   -0.314912  0.0442544
-0.429694   -0.298104  0.0450948
-0.558287   -0.447005  0.0376498
-0.513155   -0.461249  0.0369375
-0.389643   -0.27748  0.046126
-0.386611   -0.12863  0.0535685
-0.321361   -0.290929  0.0454535
-0.320195   -0.422057  0.0388972
-0.390789   -0.32075  0.0439625
-0.436662   -0.425143  0.0387429
-0.494666   -0.35183  0.0424085
-0.485693   -0.239915  0.0480043
-0.474409   -0.259271  0.0470364
-0.494366   -0.157775  0.0521112
-0.394546   -0.402438  0.0398781
-0.375218   -0.382783  0.0408609
-0.358702   -0.231013  0.0484493
-0.454007   -0.483631  0.0358184
-0.43715   -0.268042  0.0465979
-0.318379   0.129026  0.0664513
-0.403795   0.0139895  0.0606995
-0.456036   -0.289634  0.0455183
-0.383215   -0.311962  0.0444019
-0.349229   -0.196763  0.0501618
-0.478237   -0.361472  0.0419264
-0.454381   -0.0898045  0.0555098
-0.419749   0.0571705  0.0628585
-0.35966   -0.34757  0.0426215
-0.383886   -0.165881  0.051706
-0.358734   -0.350503  0.0424749
-0.439658   -0.123357  0.0538322
-0.435063   -0.295799  0.0452101
-0.477966   0.0288329  0.0614416
-0.473049   -0.336786  0.0431607
-0.455276   -0.381189  0.0409406
-0.428288   -0.258612  0.0470694
-0.42372   -0.28256  0.045872
-0.404448   -0.261938  0.0469031
-0.395238   -0.323791  0.0438105
-0.405496   -0.411184  0.0394408
-0.395103   -0.341134  0.0429433
-0.383395   -0.136777  0.0531611
-0.401101   0.265812  0.0732906
-0.446226   -0.244036  0.0477982
-0.336263   -0.277566  0.0461217
-0.505829   -0.32832  0.043584
-0.448255   -0.214854  0.0492573
-0.448222   -0.284706  0.0457647
-0.408268   -0.137371  0.0531315
-0.42021   -0.239077  0.0480461
-0.312423   -0.0961374  0.0551931
-0.381832   -0.164306  0.0517847
-0.479455   -0.352024  0.0423988
-0.430701   -0.0517168  0.0574142
-0.426668   -0.359432  0.0420284
-0.34933   -0.384221  0.040789
-0.491285   -0.224335  0.0487833
-0.41374   -0.397559  0.0401221
-0.405522   -0.0629604  0.056852
-0.440531   -0.0416294  0.0579185
-0.398567   -0.344309  0.0427846
-0.344052   -0.0511065  0.0574447
-0.419741   -0.399784  0.0400108
-0.459222   -0.110414  0.0544793
-0.337268   -0.244109  0.0477945
-0.484657   -0.475955  0.0362022
-0.313806   0.11512  0.065756
-0.491337   -0.482174  0.0358913
-0.494512   -0.30571  0.0447145
-0.44867   -0.261809  0.0469095
-0.445055   -0.383539  0.040823
-0.422078   -0.128699  0.053565
-0.389413   -0.133842  0.0533079
-0.372791   -0.0945001  0.055275
-0.426201   -0.183544  0.0508228
-0.404677   -0.274637  0.0462682
-0.431647   0.0913384  0.0645669
-0.452666   -0.168031  0.0515985
-0.409455   -0.383378  0.0408311
-0.383158   -0.182346  0.0508827
-0.362002   -0.189336  0.0505332
-0.468625   -0.590943  0.0304529
-0.428647   -0.119691  0.0540154
-0.444138   -0.374828  0.0412586
-0.442137   -0.482081  0.035896
-0.45535   -0.229288  0.0485356
-0.399187   -0.291827  0.0454087
-0.508893   -0.339224  0.0430388
-0.428348   -0.25256  0.047372
-0.415194   -0.175044  0.0512478
-0.37043   -0.383571  0.0408215
-0.392132   -0.270301  0.0464849
-0.36783   -0.384997  0.0407501
-0.446479   -0.38559  0.0407205
-0.435055   -0.375337  0.0412331
-0.441019   -0.223807  0.0488096
-0.462349   -0.342221  0.0428889
-0.353311   -0.24452  0.047774
-0.435994   -0.363716  0.0418142
-0.464454   -0.201595  0.0499202
-0.393589   0.252063  0.0726031
-0.388798   -0.285419  0.045729
-0.333689   -0.340793  0.0429604
-0.432544   -0.112722  0.0543639
-0.346221   -0.40796  0.039602
-0.375383   -0.300732  0.0449634
-0.43113   0.0124302  0.0606215
-0.371196   -0.272956  0.0463522
-0.396581   -0.0636292  0.0568185
-0.439313   -0.25933  0.0470335
-0.402808   -0.333079  0.0433461
-0.449115   -0.537034  0.0331483
-0.418925   -0.0644261  0.0567787
-0.559275   -0.383478  0.0408261
-0.400902   -0.186004  0.0506998
-0.366753   -0.389566  0.0405217
-0.433161   -0.231327  0.0484337
-0.478061   -0.256647  0.0471677
-0.411535   -0.18517  0.0507415
-0.579983   -0.269093  0.0465454
-0.615144   -0.124308  0.0537846
-0.486092   -0.289013  0.0455493
-0.420351   -0.153256  0.0523372
-0.341007   0.0242376  0.0612119
-0.405158   -0.243923  0.0478039
-0.402312   -0.257311  0.0471344
-0.37825   -0.175565  0.0512217
-0.390954   -0.245558  0.0477221
-0.41912   -0.376336  0.0411832
-0.411591   -0.382746  0.0408627
-0.463158   -0.137955  0.0531022
-0.383184   -0.31439  0.0442805
-0.460444   -0.175793  0.0512103
-0.479798   -0.279179  0.046041
-0.513648   -0.348474  0.0425763
-0.425295   -0.304642  0.0447679
-0.469511   -0.214861  0.0492569
-0.456283   -0.183314  0.0508343
-0.430222   -0.232001  0.0483999
-0.392126   -0.347809  0.0426096
-0.444065   -0.267794  0.0466103
-0.332523   -0.233836  0.0483082
-0.444309   -0.221753  0.0489123
-0.329201   -0.331282  0.0434359
-0.359724   -0.397181  0.0401409
-0.442812   -0.03706  0.058147
-0.440294   -0.245106  0.0477447
-0.353868   -0.127071  0.0536465
-0.368713   -0.291677  0.0454162
-0.444126   -0.278739  0.046063
-0.393859   -0.213319  0.049334
-0.513226   -0.563748  0.0318126
-0.415035   -0.178968  0.0510516
-0.468887   -0.352813  0.0423593
-0.459359   -0.408059  0.0395971
-0.342335   -0.272262  0.0463869
-0.379588   -0.428489  0.0385756
-0.48005   -0.413364  0.0393318
-0.439958   -0.22731  0.0486345
-0.440606   -0.221901  0.0489049
-0.342124   0.0940021  0.0647001
-0.413989   -0.0967121  0.0551644
-0.428978   -0.154038  0.0522981
-0.452959   -0.0622132  0.0568893
-0.39791   -0.267195  0.0466403
-0.462213   -0.233463  0.0483269
-0.421405   -0.256767  0.0471616
-0.435592   -0.239038  0.0480481
-0.424264   -0.229286  0.0485357
-0.403565   -0.315995  0.0442002
-0.392083   0.0476153  0.0623808
-0.387443   -0.388689  0.0405656
-0.412436   -0.467723  0.0366138
-0.423995   -0.265078  0.0467461
-0.427308   -0.476365  0.0361817
-0.317605   -0.12563  0.0537185
-0.41187   -0.0238491  0.0588075
-0.429281   -0.319784  0.0440108
-0.434082   -0.408603  0.0395699
-0.434174   -0.361137  0.0419431
-0.469838   -0.131265  0.0534368
-0.438472   -0.413514  0.0393243
-0.365281   -0.254522  0.0472739
-0.590054   -0.418601  0.0390699
-0.358747   -0.303961  0.0448019
-0.438997   -0.281177  0.0459411
-0.416119   -0.182473  0.0508764
-0.397742   0.0406029  0.0620301
-0.4441   -0.291899  0.0454051
-0.490872   -0.372775  0.0413613
-0.382948   -0.3184  0.04408
-0.377545   -0.361894  0.0419053
-0.384706   -0.458731  0.0370635
-0.450884   -0.308439  0.0445781
-0.406288   0.0883679  0.0644184
-0.437893   0.292099  0.074605
-0.436137   -0.361055  0.0419473
-0.404726   -0.132474  0.0533763
-0.462316   -0.307933  0.0446034
-0.31119   0.343134  0.0771567
-0.435693   0.177634  0.0688817
-0.421127   -0.11843  0.0540785
-0.3981   -0.0715628  0.0564219
-0.415675   -0.192493  0.0503753
-0.360134   -0.122801  0.05386
-0.508189   -0.290502  0.0454749
-0.418238   -0.325531  0.0437235
-0.416385   -0.198981  0.0500509
-0.387677   -0.228492  0.0485754
-0.461278   -0.430198  0.0384901
-0.431167   -0.266356  0.0466822
-0.419267   -0.129526  0.0535237
-0.339171   -0.127054  0.0536473
-0.480302   -0.278349  0.0460826
-0.392589   -0.140964  0.0529518
-0.442055   0.0153911  0.0607696
-0.351123   -0.306835  0.0446582
-0.350517   0.0908916  0.0645446
-0.464565   -0.185792  0.0507104
-0.45341   -0.0999788  0.0550011
-0.489037   -0.452062  0.0373969
-0.285076   0.285414  0.0742707
-0.351969   -0.320536  0.0439732
-0.38754   0.0684992  0.063425
-0.414346   -0.325137  0.0437431
-0.438571   -0.0946769  0.0552662
-0.447891   -0.173136  0.0513432
-0.536   -0.104282  0.0547859
-0.429732   -0.364241  0.041788
-0.410092   -0.36036  0.041982
-0.393708   -0.305303  0.0447348
-0.390047   -0.0678419  0.0566079
-0.407289   -0.489947  0.0355026
-0.373312   -0.199154  0.0500423
-0.414148   -0.347135  0.0426433
-0.408693   -0.136042  0.0531979
-0.441437   -0.193131  0.0503435
-0.434794   -0.14297  0.0528515
-0.433146   -0.182758  0.0508621
-0.400098   -0.371017  0.0414492
-0.420211   -0.179219  0.051039
-0.508762   -0.459237  0.0370381
-0.346861   -0.162854  0.0518573
-0.423746   -0.380439  0.0409781
-0.395497   -0.372408  0.0413796
-0.323313   -0.0573508  0.0571325
-0.514937   -0.31865  0.0440675
-0.494397   0.0627482  0.0631374
-0.341208   -0.0494413  0.0575279
-0.425268   -0.296821  0.0451589
-0.39471   -0.00702511  0.0596487
-0.308314   0.0131444  0.0606572
-0.353994   0.0121011  0.0606051
-0.477648   -0.249919  0.0475041
-0.45765   -0.303937  0.0448031
-0.412458   -0.446583  0.0376709
-0.403327   -0.052978  0.0573511
-0.37478   -0.258096  0.0470952
-0.425237   -0.291653  0.0454173
-0.32281   -0.0503376  0.0574831
-0.470462   -0.287664  0.0456168
-0.394683   -0.231378  0.0484311
-0.409064   -0.29799  0.0451005
-0.406177   -0.249531  0.0475234
-0.483059   -0.323586  0.0438207
-0.428761   -0.100242  0.0549879
-0.373799   -0.222712  0.0488644
-0.404863   -0.284341  0.045783
-0.402765   -0.14097  0.0529515
-0.478025   -0.326454  0.0436773
-0.386375   -0.215913  0.0492043
-0.452069   -0.284514  0.0457743
-0.371305   -0.283415  0.0458292
-0.498898   -0.0486997  0.057565
-0.413113   -0.360861  0.041957
-0.409356   -0.268861  0.0465569
-0.389316   -0.213479  0.0493261
-0.439198   -0.0514266  0.0574287
-0.474816   0.214692  0.0707346
-0.458429   -0.269525  0.0465238
-0.392175   -0.158432  0.0520784
-0.405697   -0.346687  0.0426657
-0.366915   -0.341637  0.0429181
-0.367113   -0.439983  0.0380009
-0.328302   -0.174047  0.0512976
-0.439389   -0.399544  0.0400228
-0.390089   -0.43996  0.038002
-0.431456   -0.242215  0.0478892
-0.513999   -0.359978  0.0420011
-0.529768   -0.15279  0.0523605
-0.399635   -0.317191  0.0441405
-0.412826   -0.19303  0.0503485
-0.38786   -0.174238  0.0512881
-0.374449   -0.00315869  0.0598421
-0.351929   -0.111793  0.0544104
-0.449405   -0.303438  0.0448281
-0.359458   -0.297031  0.0451485
-0.430083   -0.265556  0.0467222
-0.427051   -0.254544  0.0472728
-0.456697   0.0284706  0.0614235
-0.462015   -0.356352  0.0421824
-0.368688   0.00396465  0.0601982
-0.396569   -0.0615293  0.0569235
-0.43255   -0.311971  0.0444014
-0.488247   -0.0691423  0.0565429
-0.339342   -0.149186  0.0525407
-0.367278   -0.382648  0.0408676
-0.441114   -0.258504  0.0470748
-0.390829   0.101189  0.0650595
-0.37872   0.0496434  0.0624822
-0.419525   -0.244052  0.0477974
-0.39586   -0.36803  0.0415985
-0.332754   -0.193054  0.0503473
-0.370999   -0.0813534  0.0559323
-0.378423   -0.151268  0.0524366
-0.41813   0.0412156  0.0620608
-0.418769   -0.239584  0.0480208
-0.376227   -0.207091  0.0496454
-0.379897   -0.368411  0.0415795
-0.369079   -0.0252145  0.0587393
-0.440314   0.0954857  0.0647743
-0.485197   -0.409586  0.0395207
-0.363179   -0.27263  0.0463685
-0.411064   -0.135162  0.0532419
-0.499266   0.00166363  0.0600832
-0.438366   -0.278632  0.0460684
-0.448083   0.104908  0.0652454
-0.432143   -0.181466  0.0509267
-0.431774   -0.339344  0.0430328
-0.395955   -0.395875  0.0402063
-0.382662   -0.0162648  0.0591868
-0.325885   -0.297359  0.0451321
-0.396537   -0.396297  0.0401851
-0.54909   -0.4965  0.035175
-0.440826   -0.276801  0.04616
-0.412187   -0.00226182  0.0598869
-0.394506   -0.348949  0.0425525
-0.383733   -0.32535  0.0437325
-0.388738   -0.203394  0.0498303
-0.382381   -0.195943  0.0502029
-0.299114   0.192966  0.0696483
-0.388319   -0.147317  0.0526342
-0.407425   -0.175477  0.0512262
-0.367371   -0.200709  0.0499646
-0.337115   -0.197365  0.0501318
-0.32731   -0.13819  0.0530905
-0.365713   -0.070216  0.0564892
-0.456233   -0.366105  0.0416947
-0.383068   -0.374795  0.0412602
-0.344051   -0.298549  0.0450725
-0.542943   -0.470884  0.0364558
-0.39715   -0.286186  0.0456907
-0.441538   -0.181434  0.0509283
-0.322301   -0.271955  0.0464022
-0.404961   -0.153686  0.0523157
-0.357282   -0.234916  0.0482542
-0.425362   -0.32793  0.0436035
-0.383711   -0.211916  0.0494042
-0.374829   -0.179968  0.0510016
-0.410252   -0.383468  0.0408266
-0.524089   -0.0679709  0.0566015
-0.430738   -0.471458  0.0364271
-0.393836   -0.295244  0.0452378
-0.43156   -0.0244292  0.0587785
-0.338682   -0.183153  0.0508423
-0.418185   -0.291965  0.0454017
-0.442659   -0.172835  0.0513582
-0.34198   0.00995003  0.0604975
-0.3813   -0.140629  0.0529685
-0.355115   -0.269871  0.0465064
-0.303729   0.0719767  0.0635988
-0.421466   -0.196008  0.0501996
-0.395663   -0.381333  0.0409334
-0.38157   -0.273639  0.046318
-0.435444   -0.261125  0.0469438
-0.457104   -0.0625861  0.0568707
-0.341191   -0.231196  0.0484402
-0.480728   -0.127064  0.0536468
-0.353594   -0.157474  0.0521263
-0.465495   -0.0657774  0.0567111
-0.367247   -0.0590849  0.0570458
-0.376917   -0.326527  0.0436736
-0.347437   -0.0957009  0.055215
-0.439816   -0.265103  0.0467448
-0.395201   -0.131863  0.0534068
-0.364304   -0.437154  0.0381423
-0.462598   -0.37678  0.041161
-0.407383   -0.103518  0.0548241
-0.447026   -0.314287  0.0442857
-0.352729   -0.255863  0.0472069
-0.372914   -0.15467  0.0522665
-0.396024   -0.191111  0.0504444
-0.471727   -0.360026  0.0419987
-0.422876   -0.193387  0.0503307
-0.381826   -0.334328  0.0432836
-0.4227   -0.252859  0.047357
-0.372908   -0.0632719  0.0568364
-0.452006   -0.259479  0.0470261
-0.362077   -0.0878377  0.0556081
-0.42687   -0.130218  0.0534891
-0.383898   -0.432526  0.0383737
-0.318109   -0.120378  0.0539811
-0.458849   -0.484093  0.0357953
-0.325688   -0.278741  0.046063
-0.358224   -0.309165  0.0445418
-0.477391   -0.268  0.0466
-0.364222   -0.170805  0.0514597
-0.468981   -0.112187  0.0543906
-0.489548   -0.203621  0.0498189
-0.351312   -0.122844  0.0538578
-0.445092   -0.449327  0.0375336
-0.393015   -0.39907  0.0400465
-0.421338   -0.0473251  0.0576337
-0.388533   -0.217701  0.049115
-0.486804   -0.498885  0.0350557
-0.395369   -0.4022  0.03989
-0.391176   -0.0153213  0.0592339
-0.367472   -0.0471979  0.0576401
-0.479724   -0.218038  0.0490981
-0.450278   -0.407031  0.0396484
-0.445701   -0.336665  0.0431667
-0.363172   -0.110194  0.0544903
-0.346442   0.0557378  0.0627869
-0.375211   -0.33539  0.0432305
-0.382416   -0.0847406  0.055763
-0.334444   0.468729  0.0834364
-0.405426   -0.0381456  0.0580927
-0.452767   -0.321338  0.0439331
-0.470578   0.0586488  0.0629324
-0.385255   -0.458084  0.0370958
-0.406312   -0.291265  0.0454368
-0.362934   -0.315176  0.0442412
-0.300385   -0.074107  0.0562947
-0.500516   -0.165348  0.0517326
-0.475221   -0.062999  0.05685
-0.445703   -0.30008  0.044996
-0.39554   -0.400787  0.0399606
-0.389542   -0.132653  0.0533674
-0.404495   -0.149542  0.0525229
-0.428617   -0.297875  0.0451062
-0.393735   0.0792122  0.0639606
-0.361605   0.0291056  0.0614553
-0.533714   -0.434534  0.0382733
-0.387393   -0.35819  0.0420905
-0.344913   -0.118626  0.0540687
-0.428323   -0.198989  0.0500506
-0.376657   -0.339121  0.0430439
-0.440461   -0.0578703  0.0571065
-0.469914   -0.265528  0.0467236
-0.383371   0.179987  0.0689994
-0.373566   -0.356987  0.0421506
-0.411635   -0.176271  0.0511864
-0.478883   -0.40237  0.0398815
-0.374439   -0.173949  0.0513026
-0.339703   0.124427  0.0662213
-0.378552   -0.234676  0.0482662
-0.481428   -0.163478  0.0518261
-0.346207   -0.257898  0.0471051
-0.437   -0.354047  0.0422977
-0.406029   -0.366992  0.0416504
-0.344047   -0.295618  0.0452191
-0.401504   -0.28091  0.0459545
-0.349887   -0.118889  0.0540555
-0.479099   -0.502252  0.0348874
-0.381047   -0.121009  0.0539495
-0.42031   -0.304358  0.0447821
-0.439572   -0.449064  0.0375468
-0.540095   -0.211388  0.0494306
-0.501497   -0.499195  0.0350403
-0.431279   -0.35184  0.042408
-0.384049   -0.229052  0.0485474
-0.366258   -0.132252  0.0533874
-0.389434   -0.467417  0.0366291
-0.47411   -0.205014  0.0497493
-0.424752   0.0101589  0.0605079
-0.455284   -0.30689  0.0446555
-0.481942   -0.0292863  0.0585357
-0.42606   -0.366051  0.0416975
-0.505586   -0.290744  0.0454628
-0.476396   -0.374898  0.0412551
-0.400368   -0.0888788  0.0555561
-0.500358   -0.444483  0.0377759
-0.458365   -0.0433505  0.0578325
-0.350597   -0.226199  0.04869
-0.447241   -0.162634  0.0518683
-0.451253   -0.117061  0.054147
-0.38527   -0.121542  0.0539229
-0.364238   -0.375985  0.0412008
-0.36176   -0.215912  0.0492044
-0.393256   -0.253985  0.0473007
-0.485329   -0.365371  0.0417315
-0.466027   -0.0330864  0.0583457
-0.468454   -0.0223105  0.0588845
-0.477797   -0.28261  0.0458695
-0.419091   -0.315721  0.044214
-0.347102   -0.159006  0.0520497
-0.386124   -0.129717  0.0535141
-0.381427   -0.195154  0.0502423
-0.351114   -0.400761  0.039962
-0.391403   -0.19455  0.0502725
-0.314346   -0.290426  0.0454787
-0.446693   -0.215961  0.0492019
-0.391109   -0.237631  0.0481185
-0.404419   -0.464885  0.0367558
-0.40176   -0.260556  0.0469722
-0.438923   -0.416674  0.0391663
-0.47561   -0.352387  0.0423807
-0.300844   0.426091  0.0813045
-0.418214   -0.359389  0.0420305
-0.404887   -0.00593866  0.0597031
-0.394418   -0.253161  0.047342
-0.37434   -0.327411  0.0436294
-0.460528   -0.26735  0.0466325
-0.446113   -0.30291  0.0448545
-0.29673   -0.303521  0.044824
-0.529553   -0.347726  0.0426137
-0.447457   -0.396243  0.0401879
-0.438783   -0.272014  0.0463993
-0.351866   -0.265502  0.0467249
-0.36162   0.416459  0.080823
-0.425481   -0.103061  0.054847
-0.456164   -0.217112  0.0491444
-0.461217   -0.444852  0.0377574
-0.382388   0.0714836  0.0635742
-0.38783   -0.134254  0.0532873
-0.394575   -0.422308  0.0388846
-0.439508   -0.306951  0.0446524
-0.45756   -0.494099  0.0352951
-0.39941   -0.298048  0.0450976
-0.384506   -0.210247  0.0494876
-0.472596   -0.222898  0.0488551
-0.378096   -0.110394  0.0544803
-0.412589   -0.129794  0.0535103
-0.494697   -0.347075  0.0426463
-0.464861   -0.559452  0.0320274
-0.341482   -0.24748  0.047626
-0.36118   -0.287535  0.0456233
-0.380876   -0.327959  0.0436021
-0.402464   -0.0647009  0.056765
-0.468206   -0.442534  0.0378733
-0.450535   -0.478089  0.0360956
-0.366617   -0.291076  0.0454462
-0.36248   -0.236206  0.0481897
-0.41998   -0.0876353  0.0556182
-0.450466   -0.254232  0.0472884
-0.403817   -0.0523243  0.0573838
-0.380287   -0.0833872  0.0558306
-0.378724   -0.267342  0.0466329
-0.478582   -0.172684  0.0513658
-0.406836   -0.164775  0.0517613
-0.399854   -0.191465  0.0504267
-0.481976   -0.310043  0.0444978
-0.417959   -0.410732  0.0394634
-0.385237   -0.352903  0.0423549
-0.37225   0.347088  0.0773544
-0.374284   -0.366647  0.0416676
-0.428089   -0.23196  0.048402
-0.379995   -0.386213  0.0406893
-0.45024   0.160991  0.0680496
-0.520497   -0.500024  0.0349988
-0.345035   -0.149892  0.0525054
-0.381706   -0.384207  0.0407896
-0.465155   -0.368748  0.0415626
-0.435991   -0.320691  0.0439654
-0.45606   -0.0304304  0.0584785
-0.389074   -0.0206032  0.0589698
-0.455853   -0.211241  0.049438
-0.556897   -0.226322  0.0486839
-0.443353   -0.264038  0.0467981
-0.462281   -0.476104  0.0361948
-0.535801   -0.245664  0.0477168
-0.342138   -0.125331  0.0537334
-0.350014   -0.324479  0.043776
-0.446226   -0.228661  0.0485669
-0.410276   -0.287049  0.0456476
-0.398397   -0.0691192  0.056544
-0.397228   -0.308106  0.0445947
-0.423234   -0.338683  0.0430659
-0.410106   -0.212851  0.0493575
-0.406848   -0.418863  0.0390568
-0.4356   -0.390976  0.0404512
-0.413708   -0.0516909  0.0574155
-0.37913   -0.231482  0.0484259
-0.359433   -0.327268  0.0436366
-0.375025   -0.206845  0.0496578
-0.365394   -0.44814  0.037593
-0.466584   -0.157036  0.0521482
-0.473317   -0.437876  0.0381062
-0.451813   -0.461378  0.0369311
-0.414114   -0.309143  0.0445429
-0.339366   0.181052  0.0690526
-0.38712   -0.434661  0.0382669
-0.518968   -0.305683  0.0447159
-0.322043   -0.148937  0.0525532
-0.377212   -0.0831452  0.0558427
-0.450867   -0.196289  0.0501856
-0.381944   0.0251511  0.0612576
-0.354198   -0.0914305  0.0554285
-0.314759   -0.214894  0.0492553
-0.383004   -0.303576  0.0448212
-0.414826   -0.212581  0.049371
-0.303642   0.0178668  0.0608933
-0.360379   -0.246344  0.0476828
-0.439185   -0.141873  0.0529063
-0.330111   0.096293  0.0648146
-0.413024   -0.29774  0.045113
-0.340534   -0.0930774  0.0553461
-0.503446   -0.225556  0.0487222
-0.434146   -0.218261  0.049087
-0.471898   -0.0313431  0.0584328
-0.52532   0.00620237  0.0603101
-0.321291   -0.309829  0.0445086
-0.418706   -0.159953  0.0520023
-0.383984   -0.242829  0.0478585
-0.384334   0.0347329  0.0617366
-0.353489   -0.286267  0.0456866
-0.508869   -0.224207  0.0487897
-0.356736   -0.330788  0.0434606
-0.381129   0.00294703  0.0601474
-0.387222   -0.239335  0.0480332
-0.418111   -0.279956  0.0460022
-0.384734   -0.441446  0.0379277
-0.318246   -0.38838  0.040581
-0.435907   -0.11082  0.054459
-0.429343   -0.362902  0.0418549
-0.411627   0.0365112  0.0618256
-0.412845   -0.347334  0.0426333
-0.49342   -0.22496  0.048752
-0.397786   0.0210712  0.0610536
-0.432272   -0.255028  0.0472486
-0.402256   -0.102728  0.0548636
-0.444845   -0.429546  0.0385227
-0.367494   -0.0712419  0.0564379
-0.387257   -0.173903  0.0513049
-0.432411   -0.00214877  0.0598926
-0.284157   -0.00830351  0.0595848
-0.387688   0.0748566  0.0637428
-0.399214   0.0439851  0.0621993
-0.420282   -0.334068  0.0432966
-0.372485   -0.228932  0.0485534
-0.442446   -0.212677  0.0493662
-0.38921   -0.321914  0.0439043
-0.500277   -0.34095  0.0429525
-0.425662   -0.202035  0.0498982
-0.319379   -0.189605  0.0505198
-0.36434   -0.126004  0.0536998
-0.406667   -0.174847  0.0512576
-0.459411   -0.229415  0.0485292
-0.433519   -0.295589  0.0452206
-0.404369   -0.419726  0.0390137
-0.434412   -0.378913  0.0410543
-0.3587   -0.260891  0.0469555
-0.524731   -0.289143  0.0455429
-0.44933   -0.0522502  0.0573875
-0.419154   -0.172258  0.0513871
-0.41772   -0.179545  0.0510227
-0.275017   0.110526  0.0655263
-0.377328   -0.195233  0.0502384
-0.447084   -0.155977  0.0522012
-0.456875   -0.254129  0.0472936
-0.477791   -0.318807  0.0440596
-0.510025   0.104523  0.0652261
-0.394753   -0.0491955  0.0575402
-0.355742   -0.0971261  0.0551437
-0.369905   -0.255214  0.0472393
-0.368816   -0.258112  0.0470944
-0.396475   -0.0934158  0.0553292
-0.386946   -0.296469  0.0451766
-0.399671   -0.305021  0.044749
-0.423248   0.0748033  0.0637402
-0.349925   -0.0136079  0.0593196
-0.35036   -0.257242  0.0471379
-0.385559   -0.156966  0.0521517
-0.445194   -0.257439  0.0471281
-0.400332   -0.420801  0.03896
-0.320377   -0.0589399  0.057053
-0.414742   -0.352138  0.0423931
-0.416276   -0.125634  0.0537183
-0.474006   -0.488303  0.0355849
-0.413751   -0.114105  0.0542947
-0.458705   0.0296555  0.0614828
-0.446261   -0.235391  0.0482304
-0.433662   -0.311084  0.0444458
-0.382573   -0.0404981  0.0579751
-0.371803   -0.226906  0.0486547
-0.447498   -0.493787  0.0353106
-0.314177   -0.0608166  0.0569592
-0.435422   -0.346491  0.0426754
-0.456627   -0.358102  0.0420949
-0.361663   -0.353859  0.0423071
-0.386351   -0.437775  0.0381112
-0.498043   -0.300386  0.0449807
-0.497896   -0.289393  0.0455303
-0.334791   -0.0768563  0.0561572
-0.365613   -0.331117  0.0434442
-0.343224   -0.0653622  0.0567319
-0.395738   0.103981  0.0651991
-0.447025   -0.181301  0.050935
-0.424435   -0.149777  0.0525111
-0.38302   -0.0882104  0.0555895
-0.373438   -0.194622  0.0502689
-0.298013   -0.240791  0.0479605
-0.454236   -0.187288  0.0506356
-0.434498   -0.19596  0.050202
-0.3342   -0.144297  0.0527851
-0.4041   -0.3121  0.044395
-0.45135   -0.177019  0.051149
-0.405884   -0.390936  0.0404532
-0.375533   -0.0627422  0.0568629
-0.29315   -0.073069  0.0563465
-0.412191   -0.0255679  0.0587216
-0.409079   -0.361137  0.0419431
-0.374403   -0.0515318  0.0574234
-0.408293   -0.132413  0.0533794
-0.434814   -0.233459  0.0483271
-0.379082   -0.420143  0.0389929
-0.466849   -0.315503  0.0442249
-0.398031   -0.147416  0.0526292
-0.433365   -0.458198  0.0370901
-0.556703   0.170653  0.0685327
-0.47267   -0.191384  0.0504308
-0.384779   -0.217537  0.0491231
-0.407433   -0.121187  0.0539407
-0.433427   -0.410344  0.0394828
-0.459954   -0.338449  0.0430775
-0.380248   -0.0622108  0.0568895
-0.458346   -0.0957051  0.0552147
-0.424046   0.0105626  0.0605281
-0.385349   0.132129  0.0666064
-0.367008   -0.331352  0.0434324
-0.482528   -0.0031492  0.0598425
-0.475558   -0.240336  0.0479832
-0.463696   -0.438412  0.0380794
-0.365608   -0.18797  0.0506015
-0.467807   -0.37942  0.041029
-0.439684   -0.095547  0.0552227
-0.453527   -0.238937  0.0480532
-0.371392   -0.29116  0.045442
-0.334863   -0.26472  0.046764
-0.370793   -0.300801  0.0449599
-0.463004   -0.542466  0.0328767
-0.396724   -0.333607  0.0433196
-0.388653   -0.209515  0.0495243
-0.372399   0.0350113  0.0617506
-0.370742   -0.029515  0.0585243
-0.477593   -0.188296  0.0505852
-0.357507   -0.403607  0.0398196
-0.446558   -0.102981  0.054851
-0.398309   -0.266012  0.0466994
-0.444131   -0.161709  0.0519145
-0.351376   -0.0730502  0.0563475
-0.500567   -0.41659  0.0391705
-0.382973   -0.222013  0.0488994
-0.457129   0.0107158  0.0605358
-0.466796   -0.135234  0.0532383
-0.529612   -0.264827  0.0467586
-0.374371   -0.1978  0.05011
-0.391319   -0.467381  0.036631
-0.378775   0.35868  0.077934
-0.357239   -0.0673046  0.0566348
-0.451502   -0.189237  0.0505382
-0.54843   -0.076804  0.0561598
-0.443951   -0.369535  0.0415232
-0.398958   -0.157413  0.0521294
-0.398329   -0.214008  0.0492996
-0.476202   -0.53561  0.0332195
-0.361964   -0.197225  0.0501388
-0.441266   -0.0941423  0.0552929
-0.349126   -0.162845  0.0518578
-0.430806   -0.275489  0.0462255
-0.404885   -0.261592  0.0469204
-0.437079   -0.176751  0.0511624
-0.449871   -0.444484  0.0377758
-0.472733   0.164611  0.0682306
-0.310948   -0.13044  0.053478
-0.354592   -0.138736  0.0530632
-0.376793   -0.0916358  0.0554182
-0.400936   -0.0840689  0.0557966
-0.479778   -0.108483  0.0545759
-0.377428   -0.370258  0.0414871
-0.373555   -0.0227416  0.0588629
-0.430592   -0.0918775  0.0554061
-0.387733   -0.249595  0.0475203
-0.405625   0.171897  0.0685948
-0.44807   -0.22933  0.0485335
-0.445077   -0.411126  0.0394437
-0.404651   -0.265054  0.0467473
-0.432367   -0.235162  0.0482419
-0.448638   -0.285321  0.045734
-0.504777   -0.190844  0.0504578
-0.406973   -0.147578  0.0526211
-0.337498   -0.223354  0.0488323
-0.385183   -0.150594  0.0524703
-0.400968   -0.162435  0.0518783
-0.496996   -0.134905  0.0532547
-0.417894   -0.114777  0.0542611
-0.452808   -0.165773  0.0517114
-0.374044   -0.00255585  0.0598722
-0.346957   0.0937676  0.0646884
-0.476046   -0.271708  0.0464146
-0.473177   -0.361586  0.0419207
-0.408876   -0.259828  0.0470086
-0.438786   -0.237107  0.0481447
-0.395997   -0.403429  0.0398285
-0.519013   -0.449402  0.0375299
-0.461876   -0.0739428  0.0563029
-0.346673   -0.218466  0.0490767
-0.441436   -0.233733  0.0483134
-0.439215   0.0498513  0.0624926
-0.473226   -0.346605  0.0426698
-0.414426   -0.365994  0.0417003
-0.391896   -0.0533144  0.0573343
-0.389237   -0.205672  0.0497164
-0.439155   -0.102938  0.0548531
-0.435957   -0.207548  0.0496226
-0.454384   -0.42515  0.0387425
-0.413456   -0.418002  0.0390999
-0.422795   -0.296753  0.0451624
-0.443452   -0.400356  0.0399822
-0.337014   -0.171448  0.0514276
-0.382588   -0.0383572  0.0580821
-0.512181   -0.482723  0.0358638
-0.465674   -0.139963  0.0530019
-0.400399   -0.175564  0.0512218
-0.36747   -0.241573  0.0479214
-0.439982   -0.222523  0.0488738
-0.369493   -0.247549  0.0476225
-0.435356   -0.0113151  0.0594342
-0.395332   -0.020097  0.0589952
-0.490037   -0.00382726  0.0598086
-0.433935   -0.253381  0.0473309
-0.446578   -0.276185  0.0461908
-0.414916   -0.210287  0.0494856
-0.42899   -0.0636973  0.0568151
-0.367708   -0.0390966  0.0580452
-0.424616   -0.298139  0.0450931
-0.400707   -0.0938644  0.0553068
-0.459469   -0.276699  0.046165
-0.426466   -0.145436  0.0527282
-0.405329   -0.225644  0.0487178
-0.404886   0.121992  0.0660996
-0.437279   -0.296885  0.0451558
-0.365659   -0.474883  0.0362558
-0.419662   -0.394333  0.0402833
-0.470497   -0.142435  0.0528782
-0.417608   -0.350965  0.0424518
-0.456621   -0.0764313  0.0561784
-0.344385   -0.0613801  0.056931
-0.374447   -0.207462  0.0496269
-0.5037   0.000658947  0.0600329
-0.378241   -0.176236  0.0511882
-0.330817   -0.229951  0.0485024
-0.439686   -0.179878  0.0510061
-0.391863   -0.356812  0.0421594
-0.393036   -0.276835  0.0461583
-0.42282   -0.214733  0.0492633
-0.413207   -0.233562  0.0483219
-0.431333   -0.435776  0.0382112
-0.4485   -0.358182  0.0420909
-0.434936   -0.504791  0.0347604
-0.436589   -0.317673  0.0441163
-0.487585   -0.338803  0.0430598
-0.444094   0.0748931  0.0637447
-0.484789   -0.193151  0.0503424
-0.390903   -0.320195  0.0439902
-0.349109   -0.358668  0.0420666
-0.363937   -0.257254  0.0471373
-0.363069   -0.150764  0.0524618
-0.374783   -0.274664  0.0462668
-0.442982   -0.345518  0.0427241
-0.40033   -0.421959  0.0389021
-0.41366   -0.493092  0.0353454
-0.447681   -0.264817  0.0467592
-0.451458   -0.262467  0.0468767
-0.364889   -0.313507  0.0443247
-0.444234   -0.432579  0.038371
-0.444062   -0.309383  0.0445308
-0.47457   -0.157469  0.0521266
-0.306477   -0.11585  0.0542075
-0.434219   -0.187543  0.0506229
-0.346277   -0.221278  0.0489361
-0.401696   -0.0118013  0.0594099
-0.420397   -0.227107  0.0486446
-0.369498   -0.233661  0.0483169
-0.377408   -0.445726  0.0377137
-0.334122   -0.378754  0.0410623
-0.510611   -0.263967  0.0468017
-0.561586   -0.473298  0.0363351
-0.393298   -0.245383  0.0477308
-0.47951   -0.30248  0.044876
-0.445296   -0.195808  0.0502096
-0.399974   -0.265758  0.0467121
-0.371871   -0.142036  0.0528982
-0.46025   -0.523757  0.0338122
-0.493878   -0.169295  0.0515352
-0.4023   -0.152073  0.0523963
-0.365977   -0.323235  0.0438382
-0.40173   -0.128853  0.0535573
-0.414746   -0.147151  0.0526425
-0.452983   -0.242921  0.047854
-0.353645   -0.193583  0.0503209
-0.50388   -0.0892502  0.0555375
-0.427809   -0.496763  0.0351618
-0.481067   -0.353036  0.0423482
-0.416004   -0.48272  0.035864
-0.379889   -0.225566  0.0487217
-0.384516   -0.343186  0.0428407
-0.393107   -0.184821  0.050759
-0.400395   -0.180061  0.0509969
-0.498988   -0.274012  0.0462994
-0.485437   -0.318851  0.0440575
-0.45319   -0.349121  0.0425439
-0.417938   -0.249314  0.0475343
-0.412838   -0.402254  0.0398873
-0.465549   -0.116065  0.0541968
-0.445692   -0.364831  0.0417585
-0.370579   0.123565  0.0661783
-0.496791   -0.481189  0.0359406
-0.362523   -0.31459  0.0442705
-0.438488   -0.455492  0.0372254
-0.322559   -0.381276  0.0409362
-0.357306   -0.425358  0.0387321
-0.432579   -0.355703  0.0422148
-0.416714   -0.223772  0.0488114
-0.440571   -0.339731  0.0430134
-0.412883   -0.123329  0.0538336
-0.429374   -0.0107633  0.0594618
-0.508104   -0.372849  0.0413575
-0.416404   -0.232611  0.0483694
-0.334176   -0.286589  0.0456705
-0.421311   -0.362389  0.0418806
-0.439954   -0.308277  0.0445861
-0.397142   -0.21042  0.049479
-0.399221   -0.160626  0.0519687
-0.340531   0.227308  0.0713654
-0.392709   -0.181945  0.0509027
-0.394705   -0.286313  0.0456843
-0.346871   -0.174958  0.0512521
-0.361887   -0.189736  0.0505132
-0.445516   -0.236208  0.0481896
-0.421777   -0.238686  0.0480657
-0.400233   0.0652825  0.0632641
-0.404532   -0.179931  0.0510034
-0.401484   -0.159583  0.0520209
-0.337529   -0.133899  0.053305
-0.391504   -0.119649  0.0540176
-0.332066   -0.244553  0.0477724
-0.435643   0.0380019  0.0619001
-0.384343   -0.372026  0.0413987
-0.369962   0.101802  0.0650901
-0.383776   -0.307578  0.0446211
-0.399749   -0.0822003  0.05589
-0.389527   -0.410029  0.0394985
