           1           0           0           0
           1    0.064633           0           0
           1    0.129266           0           0
           1    0.193899           0           0
           1    0.258532           0           0
           1    0.323165           0           0
           1    0.387798           0           0
           1    0.452431           0           0
           1    0.517064           0           0
           1    0.581697           0           0
           1     0.64633           0           0
           1    0.710963           0           0
           1    0.775596           0           0
           1     0.84023 0.000399122           0
           1    0.904863    0.148949           0
           1    0.969496     1.07267           0
           1     1.03413     2.06428           0
           1     1.09876     2.32585           0
           1     1.16339     2.05979           0
           1     1.22803     1.82223           0
           1     1.29266     1.59974           0
           1     1.35729     1.46299           0
           1     1.42193     1.35354           0
           1     1.48656     1.24766           0
           1     1.55119     1.18961           0
           1     1.61583     1.12769           0
           1     1.68046     1.08958           0
           1     1.74509     1.08611           0
           1     1.80973     1.08147           0
           1     1.87436     1.06237           0
           1     1.93899     1.06023           0
           1     2.00362      1.0458           0
           1     2.06826     1.04916           0
           1     2.13289     1.05344           0
           1     2.19752     1.04938           0
           1     2.26216     1.04878           0
           1     2.32679     1.02758           0
           1     2.39142     1.02735           0
           1     2.45606      1.0208           0
           1     2.52069     1.01504           0
           1     2.58532     1.00868           0
           1     2.64995     1.01461           0
           1     2.71459     1.02081           0
           1     2.77922     1.01651           0
           1     2.84385     1.00006           0
           1     2.90849     1.00648           0
           1     2.97312     1.00664           0
           1     3.03775    0.988953           0
           1     3.10239    0.988424           0
           1     3.16702     1.00211           0
           1     3.23165     1.00099           0
           1     3.29629    0.992123           0
           1     3.36092    0.996946           0
           1     3.42555    0.998163           0
           1     3.49018    0.995668           0
           1     3.55482    0.995644           0
           1     3.61945    0.991374           0
           1     3.68408    0.988733           0
           1     3.74872    0.993836           0
           1     3.81335    0.987834           0
           1     3.87798    0.983392           0
           1     3.94262    0.991943           0
           1     4.00725    0.990328           0
           1     4.07188    0.994322           0
           1     4.13651     0.99156           0
           1     4.20115    0.984143           0
           1     4.26578    0.989604           0
           1     4.33041    0.992404           0
           1     4.39505    0.991123           0
           1     4.45968     0.98625           0
           1     4.52431    0.987826           0
           1     4.58895    0.986231           0
           1     4.65358      0.9888           0
           1     4.71821    0.984149           0
           1     4.78285    0.989053           0
           1     4.84748    0.991572           0
           1     4.91211    0.989737           0
           1     4.97674    0.984413           0
           1     5.04138    0.987156           0
           1     5.10601    0.986278           0
           1     5.17064    0.987587           0
           1     5.23528    0.983994           0
           1     5.29991    0.986319           0
           1     5.36454    0.983716           0
           1     5.42918    0.985256           0
           1     5.49381    0.990591           0
           1     5.55844    0.984962           0
           1     5.62307    0.983626           0
           1     5.68771      0.9874           0
           1     5.75234    0.981043           0
           1     5.81697    0.984704           0
           1     5.88161    0.983198           0
           1     5.94624    0.989391           0
           1     6.01087    0.986159           0
           1     6.07551    0.988537           0
           1     6.14014     0.98857           0
           1     6.20477    0.984532           0
           1      6.2694    0.987747           0
           1     6.33404    0.988243           0
           1     6.39867    0.987157           0
           2           0           0           0
           2    0.064633           0           0
           2    0.129266           0           0
           2    0.193899           0           0
           2    0.258532           0           0
           2    0.323165           0           0
           2    0.387798           0           0
           2    0.452431           0           0
           2    0.517064           0           0
           2    0.581697           0           0
           2     0.64633           0           0
           2    0.710963           0           0
           2    0.775596           0           0
           2     0.84023 0.000598682 0.000199561
           2    0.904863     0.15189  0.00294091
           2    0.969496     1.06949  0.00317941
           2     1.03413     2.06488 0.000601247
           2     1.09876     2.29396   0.0318927
           2     1.16339     2.05331  0.00648369
           2     1.22803     1.83481   0.0125806
           2     1.29266     1.60857  0.00882974
           2     1.35729      1.4659  0.00291198
           2     1.42193     1.34984  0.00370094
           2     1.48656     1.24776 9.88169e-05
           2     1.55119     1.19897  0.00936434
           2     1.61583      1.1278 0.000111901
           2     1.68046     1.10613   0.0165527
           2     1.74509     1.08522  0.00089002
           2     1.80973     1.08091 0.000559909
           2     1.87436     1.07291   0.0105355
           2     1.93899      1.0668  0.00657071
           2     2.00362     1.04974  0.00394178
           2     2.06826     1.05319   0.0040302
           2     2.13289     1.05613   0.0026909
           2     2.19752     1.05154  0.00215507
           2     2.26216     1.04448  0.00430172
           2     2.32679     1.02816 0.000573519
           2     2.39142      1.0306  0.00324711
           2     2.45606     1.02633  0.00552304
           2     2.52069     1.01753  0.00249521
           2     2.58532     1.01689   0.0082075
           2     2.64995     1.01081  0.00380274
           2     2.71459     1.01681  0.00399856
           2     2.77922     1.01676  0.00024997
           2     2.84385     1.00758  0.00752414
           2     2.90849     1.00609 0.000386655
           2     2.97312     1.00888  0.00224647
           2     3.03775    0.998363  0.00940977
           2     3.10239    0.998726   0.0103019
           2     3.16702     1.00096  0.00115085
           2     3.23165     0.99993  0.00105579
           2     3.29629    0.996205  0.00408132
           2     3.36092     0.99888  0.00193396
           2     3.42555    0.995932  0.00223099
           2     3.49018    0.992091    0.003577
           2     3.55482    0.993666   0.0019786
           2     3.61945    0.992981  0.00160713
           2     3.68408    0.990912  0.00217901
           2     3.74872    0.994245 0.000409336
           2     3.81335    0.991909  0.00407512
           2     3.87798    0.987239  0.00384708
           2     3.94262    0.992635  0.00069265
           2     4.00725    0.991459  0.00113174
           2     4.07188    0.995843  0.00152049
           2     4.13651    0.989164  0.00239642
           2     4.20115    0.986432  0.00228989
           2     4.26578    0.990168 0.000563612
           2     4.33041    0.992556 0.000151733
           2     4.39505    0.992046 0.000922783
           2     4.45968    0.989741  0.00349152
           2     4.52431    0.989437  0.00161057
           2     4.58895    0.988125  0.00189323
           2     4.65358    0.984753  0.00404616
           2     4.71821    0.984472 0.000323297
           2     4.78285    0.989387 0.000334343
           2     4.84748    0.990216  0.00135644
           2     4.91211    0.989482 0.000254915
           2     4.97674    0.985309 0.000896589
           2     5.04138     0.98699 0.000165331
           2     5.10601     0.98698 0.000702362
           2     5.17064    0.986161  0.00142619
           2     5.23528    0.985782  0.00178856
           2     5.29991    0.984897  0.00142203
           2     5.36454    0.987693  0.00397666
           2     5.42918    0.984588 0.000667566
           2     5.49381    0.988774  0.00181676
           2     5.55844     0.98449 0.000471711
           2     5.62307    0.985118  0.00149228
           2     5.68771    0.989005  0.00160509
           2     5.75234    0.984945  0.00390197
           2     5.81697    0.988262  0.00355854
           2     5.88161    0.984724  0.00152546
           2     5.94624    0.987103  0.00228789
           2     6.01087    0.986769  0.00060975
           2     6.07551    0.987684 0.000853606
           2     6.14014    0.987495   0.0010752
           2     6.20477    0.987793  0.00326069
           2      6.2694    0.986187  0.00155975
           2     6.33404    0.988007 0.000236268
           2     6.39867    0.984913  0.00224376
           3           0           0           0
           3    0.064633           0           0
           3    0.129266           0           0
           3    0.193899           0           0
           3    0.258532           0           0
           3    0.323165           0           0
           3    0.387798           0           0
           3    0.452431           0           0
           3    0.517064           0           0
           3    0.581697           0           0
           3     0.64633           0           0
           3    0.710963           0           0
           3    0.775596           0           0
           3     0.84023 0.000532162 0.000133041
           3    0.904863    0.151717  0.00170673
           3    0.969496     1.06949  0.00183563
           3     1.03413     2.06125  0.00364631
           3     1.09876     2.30111   0.0197515
           3     1.16339     2.05816  0.00612969
           3     1.22803     1.82338   0.0135448
           3     1.29266     1.61405  0.00748639
           3     1.35729        1.46  0.00613742
           3     1.42193     1.34961  0.00214882
           3     1.48656     1.24529  0.00247108
           3     1.55119     1.19595  0.00619301
           3     1.61583     1.13979   0.0119923
           3     1.68046     1.10605  0.00955702
           3     1.74509     1.09412  0.00890702
           3     1.80973     1.08258  0.00169589
           3     1.87436     1.06887  0.00730288
           3     1.93899     1.06512  0.00414968
           3     2.00362     1.05103  0.00261572
           3     2.06826     1.05329  0.00232913
           3     2.13289     1.05447   0.0022767
           3     2.19752     1.04887  0.00294073
           3     2.26216     1.04695  0.00350503
           3     2.32679     1.03111  0.00296805
           3     2.39142     1.03418  0.00403659
           3     2.45606     1.02845  0.00382871
           3     2.52069      1.0188  0.00191853
           3     2.58532      1.0212  0.00640603
           3     2.64995     1.01442  0.00422142
           3     2.71459     1.01447  0.00329193
           3     2.77922     1.01404  0.00272145
           3     2.84385     1.01031  0.00512989
           3     2.90849      1.0056 0.000540373
           3     2.97312     1.00703  0.00226249
           3     3.03775    0.999779  0.00561435
           3     3.10239    0.999608  0.00601279
           3     3.16702    0.996956  0.00406165
           3     3.23165    0.996962  0.00302957
           3     3.29629    0.997062   0.0025075
           3     3.36092    0.996941  0.00223696
           3     3.42555    0.993993  0.00232752
           3     3.49018    0.992095  0.00206519
           3     3.55482    0.993246  0.00121688
           3     3.61945    0.992255  0.00117795
           3     3.68408    0.990259  0.00141742
           3     3.74872    0.995452  0.00122967
           3     3.81335    0.990869  0.00257228
           3     3.87798    0.990391  0.00385533
           3     3.94262    0.992818 0.000439694
           3     4.00725    0.988632  0.00290156
           3     4.07188    0.995886 0.000878941
           3     4.13651    0.988126  0.00172958
           3     4.20115    0.987478  0.00168582
           3     4.26578    0.988579  0.00162233
           3     4.33041    0.990243  0.00231492
           3     4.39505    0.989851  0.00225826
           3     4.45968    0.989597  0.00202099
           3     4.52431    0.990679  0.00155159
           3     4.58895    0.987916  0.00111282
           3     4.65358    0.984519  0.00234776
           3     4.71821     0.98434 0.000228881
           3     4.78285     0.98683  0.00256402
           3     4.84748    0.987993  0.00235638
           3     4.91211    0.990365 0.000895061
           3     4.97674    0.987123  0.00188581
           3     5.04138    0.988626  0.00163838
           3     5.10601    0.984532  0.00248202
           3     5.17064    0.984611  0.00175489
           3     5.23528    0.986859  0.00149165
           3     5.29991     0.98646  0.00176534
           3     5.36454    0.986778  0.00247154
           3     5.42918    0.986296   0.0017501
           3     5.49381    0.986956  0.00209925
           3     5.55844    0.985302 0.000856569
           3     5.62307    0.985426  0.00091474
           3     5.68771    0.989044 0.000927538
           3     5.75234    0.985599  0.00234584
           3     5.81697    0.987967  0.00207555
           3     5.88161    0.984905 0.000899151
           3     5.94624    0.985827  0.00183642
           3     6.01087    0.984817  0.00198284
           3     6.07551    0.988133  0.00066661
           3     6.14014    0.986896 0.000862717
           3     6.20477    0.985723   0.0027982
           3      6.2694    0.986148 0.000901364
           3     6.33404    0.988566 0.000575202
           3     6.39867    0.984891  0.00129564
           4           0           0           0
           4    0.064633           0           0
           4    0.129266           0           0
           4    0.193899           0           0
           4    0.258532           0           0
           4    0.323165           0           0
           4    0.387798           0           0
           4    0.452431           0           0
           4    0.517064           0           0
           4    0.581697           0           0
           4     0.64633           0           0
           4    0.710963           0           0
           4    0.775596           0           0
           4     0.84023 0.000698463 0.000191065
           4    0.904863    0.150808  0.00151041
           4    0.969496     1.06612  0.00361008
           4     1.03413     2.04501   0.0164481
           4     1.09876     2.30637   0.0149262
           4     1.16339     2.06024  0.00480825
           4     1.22803      1.8245  0.00964337
           4     1.29266     1.60519   0.0103198
           4     1.35729     1.45992  0.00434052
           4     1.42193     1.34265  0.00712268
           4     1.48656      1.2472  0.00258901
           4     1.55119     1.19712  0.00453319
           4     1.61583     1.14009  0.00848523
           4     1.68046     1.10395  0.00707608
           4     1.74509     1.09622  0.00663933
           4     1.80973     1.08066  0.00226571
           4     1.87436     1.06562   0.0060981
           4     1.93899      1.0664  0.00320166
           4     2.00362     1.05332  0.00294025
           4     2.06826     1.05165  0.00232762
           4     2.13289     1.05726  0.00322892
           4     2.19752     1.04872  0.00208521
           4     2.26216     1.04557  0.00283837
           4     2.32679     1.02964  0.00255725
           4     2.39142     1.03351  0.00293053
           4     2.45606     1.02937  0.00286084
           4     2.52069     1.02078  0.00240036
           4     2.58532     1.02216    0.004631
           4     2.64995     1.01135   0.0042759
           4     2.71459     1.01115  0.00405367
           4     2.77922     1.01257   0.0024212
           4     2.84385     1.01251  0.00424254
           4     2.90849     1.00652 0.000990574
           4     2.97312     1.00503  0.00256088
           4     3.03775    0.997278  0.00469203
           4     3.10239    0.999225  0.00426889
           4     3.16702    0.996772  0.00287793
           4     3.23165    0.995161  0.00279887
           4     3.29629    0.997038  0.00177323
           4     3.36092      0.9999  0.00335449
           4     3.42555    0.993278  0.00179443
           4     3.49018    0.993004  0.00171987
           4     3.55482     0.99216  0.00138616
           4     3.61945    0.992918  0.00106459
           4     3.68408    0.990915  0.00119771
           4     3.74872    0.995343 0.000876309
           4     3.81335    0.991292  0.00186744
           4     3.87798    0.993693  0.00428258
           4     3.94262    0.991361  0.00149025
           4     4.00725    0.988178  0.00210136
           4     4.07188    0.993501  0.00246491
           4     4.13651    0.989463   0.0018123
           4     4.20115    0.985958  0.00193242
           4     4.26578    0.987632  0.00148748
           4     4.33041    0.989072   0.0020124
           4     4.39505    0.990702  0.00180947
           4     4.45968    0.988764  0.00165412
           4     4.52431     0.98918  0.00185706
           4     4.58895    0.987758 0.000802542
           4     4.65358    0.985465  0.00191048
           4     4.71821    0.986749  0.00241444
           4     4.78285    0.987378  0.00189387
           4     4.84748    0.987573  0.00171839
           4     4.91211    0.990385 0.000633226
           4     4.97674     0.98642  0.00150754
           4     5.04138    0.987851  0.00139383
           4     5.10601    0.985623  0.00206675
           4     5.17064    0.985269  0.00140472
           4     5.23528    0.986585  0.00108974
           4     5.29991     0.98572   0.0014509
           4     5.36454    0.987601  0.00193147
           4     5.42918    0.987725  0.00189067
           4     5.49381    0.986847   0.0014884
           4     5.55844    0.984694 0.000858119
           4     5.62307    0.985819 0.000757196
           4     5.68771    0.988317 0.000979166
           4     5.75234    0.986078  0.00172629
           4     5.81697    0.986838  0.00185175
           4     5.88161    0.984257 0.000908026
           4     5.94624    0.985802  0.00129879
           4     6.01087    0.984553  0.00142671
           4     6.07551    0.988638 0.000691225
           4     6.14014    0.986284 0.000863925
           4     6.20477    0.985323  0.00201869
           4      6.2694    0.986638 0.000803712
           4     6.33404    0.987992 0.000703327
           4     6.39867    0.984614 0.000957076
           5           0           0           0
           5    0.064633           0           0
           5    0.129266           0           0
           5    0.193899           0           0
           5    0.258532           0           0
           5    0.323165           0           0
           5    0.387798           0           0
           5    0.452431           0           0
           5    0.517064           0           0
           5    0.581697           0           0
           5     0.64633           0           0
           5    0.710963           0           0
           5    0.775596           0           0
           5     0.84023 0.000838155 0.000203513
           5    0.904863    0.150644  0.00118144
           5    0.969496     1.06677  0.00286943
           5     1.03413     2.03532    0.016009
           5     1.09876     2.29464   0.0164742
           5     1.16339     2.06302  0.00464727
           5     1.22803     1.82918  0.00881126
           5     1.29266     1.60031  0.00936673
           5     1.35729     1.45633  0.00491769
           5     1.42193     1.34126  0.00568887
           5     1.48656     1.25079  0.00410672
           5     1.55119      1.1959  0.00371872
           5     1.61583     1.13897  0.00666862
           5     1.68046     1.10392  0.00548123
           5     1.74509     1.09375  0.00570226
           5     1.80973      1.0781  0.00310374
           5     1.87436     1.06544  0.00472707
           5     1.93899     1.06126  0.00570456
           5     2.00362     1.05395  0.00236322
           5     2.06826     1.05444  0.00332632
           5     2.13289     1.05649  0.00261743
           5     2.19752     1.04804   0.0017502
           5     2.26216      1.0439  0.00276277
           5     2.32679     1.03029   0.0020839
           5     2.39142     1.03119  0.00324825
           5     2.45606     1.02874  0.00230337
           5     2.52069     1.01796  0.00337628
           5     2.58532     1.01849  0.00513039
           5     2.64995     1.01026   0.0034892
           5     2.71459     1.01184  0.00321616
           5     2.77922     1.01155  0.00213675
           5     2.84385     1.01016   0.0040406
           5     2.90849     1.00735  0.00113517
           5     2.97312     1.00373  0.00236841
           5     3.03775    0.997481  0.00364006
           5     3.10239    0.997752  0.00362006
           5     3.16702    0.997822   0.0024644
           5     3.23165    0.995544  0.00220158
           5     3.29629    0.997948  0.00164777
           5     3.36092    0.998934  0.00277201
           5     3.42555    0.994614  0.00192752
           5     3.49018    0.991535  0.00198294
           5     3.55482    0.992712  0.00120768
           5     3.61945     0.99364   0.0010957
           5     3.68408    0.991891  0.00134709
           5     3.74872    0.995137 0.000709278
           5     3.81335    0.991495  0.00146061
           5     3.87798    0.992973  0.00339455
           5     3.94262    0.991616  0.00118215
           5     4.00725    0.988399  0.00164267
           5     4.07188    0.993129  0.00194517
           5     4.13651    0.991247   0.0022699
           5     4.20115    0.986051  0.00149975
           5     4.26578    0.986063  0.00194634
           5     4.33041    0.988507  0.00165803
           5     4.39505    0.988376  0.00271562
           5     4.45968     0.98891  0.00128963
           5     4.52431    0.988693  0.00151885
           5     4.58895    0.987165 0.000859041
           5     4.65358    0.986021  0.00158093
           5     4.71821     0.98663  0.00187397
           5     4.78285    0.988455  0.00181995
           5     4.84748    0.987146  0.00139788
           5     4.91211    0.990056 0.000591081
           5     4.97674    0.986594  0.00118065
           5     5.04138    0.986395  0.00181246
           5     5.10601    0.985732  0.00160461
           5     5.17064    0.985666  0.00115834
           5     5.23528    0.987096 0.000987063
           5     5.29991     0.98625  0.00124225
           5     5.36454     0.98764  0.00149663
           5     5.42918     0.98722  0.00154913
           5     5.49381     0.98556  0.00172781
           5     5.55844     0.98399 0.000968331
           5     5.62307     0.98559  0.00062984
           5     5.68771    0.988025 0.000812803
           5     5.75234    0.986765  0.00150356
           5     5.81697    0.984912  0.00240204
           5     5.88161    0.984776 0.000874319
           5     5.94624    0.985322  0.00111455
           5     6.01087    0.985861  0.00171199
           5     6.07551    0.988587 0.000537857
           5     6.14014    0.985962 0.000742444
           5     6.20477    0.984752  0.00166455
           5      6.2694    0.985976 0.000908455
           5     6.33404    0.986741  0.00136457
           5     6.39867     0.98389  0.00103574
           6           0           0           0
           6    0.064633           0           0
           6    0.129266           0           0
           6    0.193899           0           0
           6    0.258532           0           0
           6    0.323165           0           0
           6    0.387798           0           0
           6    0.452431           0           0
           6    0.517064           0           0
           6    0.581697           0           0
           6     0.64633           0           0
           6    0.710963           0           0
           6    0.775596           0           0
           6     0.84023 0.000964544 0.000208772
           6    0.904863    0.152841  0.00239948
           6    0.969496     1.06563  0.00260355
           6     1.03413     2.04101   0.0142585
           6     1.09876     2.28289   0.0178561
           6     1.16339     2.07171   0.0094832
           6     1.22803     1.82945  0.00719971
           6     1.29266     1.60798   0.0108292
           6     1.35729     1.45822  0.00443513
           6     1.42193     1.33996  0.00482556
           6     1.48656     1.24841   0.0041096
           6     1.55119     1.19771    0.003535
           6     1.61583     1.13927  0.00545328
           6     1.68046     1.10513  0.00463624
           6     1.74509     1.09359  0.00465886
           6     1.80973     1.07698  0.00276937
           6     1.87436     1.06416  0.00406789
           6     1.93899     1.06032  0.00475191
           6     2.00362     1.05498  0.00219089
           6     2.06826     1.05635  0.00331669
           6     2.13289     1.05604  0.00218389
           6     2.19752     1.04896  0.00169742
           6     2.26216     1.04579  0.00294728
           6     2.32679     1.03205  0.00244844
           6     2.39142     1.03124   0.0026526
           6     2.45606     1.02819  0.00196058
           6     2.52069     1.01725  0.00284836
           6     2.58532     1.01866  0.00419234
           6     2.64995     1.01072  0.00288613
           6     2.71459     1.01322   0.0029652
           6     2.77922     1.01185  0.00176993
           6     2.84385       1.009  0.00349713
           6     2.90849     1.00748 0.000935942
           6     2.97312     1.00415  0.00197749
           6     3.03775    0.998075  0.00303098
           6     3.10239    0.997231  0.00300129
           6     3.16702    0.999535  0.00264236
           6     3.23165    0.996194  0.00191153
           6     3.29629    0.998077  0.00135156
           6     3.36092    0.999357  0.00230259
           6     3.42555    0.995498  0.00180505
           6     3.49018    0.991813  0.00164284
           6     3.55482    0.994587  0.00211817
           6     3.61945    0.994062  0.00098922
           6     3.68408    0.991578  0.00114374
           6     3.74872    0.994091  0.00119579
           6     3.81335    0.992287  0.00143204
           6     3.87798    0.992838  0.00277495
           6     3.94262    0.992812  0.00153699
           6     4.00725    0.987972  0.00140755
           6     4.07188    0.992638  0.00166253
           6     4.13651    0.992608  0.00229952
           6     4.20115    0.986116  0.00122626
           6     4.26578    0.986984  0.00183662
           6     4.33041    0.988708  0.00136862
           6     4.39505    0.987035   0.0025914
           6     4.45968    0.988407  0.00116725
           6     4.52431    0.989452  0.00145431
           6     4.58895    0.987546 0.000797986
           6     4.65358    0.986053  0.00129121
           6     4.71821    0.986909  0.00155533
           6     4.78285    0.987496  0.00176862
           6     4.84748    0.986642  0.00124763
           6     4.91211    0.989829 0.000532957
           6     4.97674    0.985456  0.00149135
           6     5.04138    0.986245  0.00148743
           6     5.10601    0.986151  0.00137557
           6     5.17064     0.98614   0.0010577
           6     5.23528    0.987353 0.000845672
           6     5.29991    0.986457  0.00103532
           6     5.36454     0.98759  0.00122303
           6     5.42918    0.986527  0.00144204
           6     5.49381    0.985753  0.00142391
           6     5.55844    0.984224 0.000824561
           6     5.62307     0.98532 0.000580584
           6     5.68771    0.987711 0.000734206
           6     5.75234    0.986946  0.00124085
           6     5.81697    0.985155  0.00197626
           6     5.88161    0.984574 0.000741932
           6     5.94624     0.98446  0.00125347
           6     6.01087    0.985762  0.00140132
           6     6.07551    0.987916 0.000801994
           6     6.14014     0.98531 0.000890202
           6     6.20477    0.984765  0.00135916
           6      6.2694    0.986458 0.000884266
           6     6.33404     0.98612   0.0012755
           6     6.39867     0.98378 0.000852851
           7           0           0           0
           7    0.064633           0           0
           7    0.129266           0           0
           7    0.193899           0           0
           7    0.258532           0           0
           7    0.323165           0           0
           7    0.387798           0           0
           7    0.452431           0           0
           7    0.517064           0           0
           7    0.581697           0           0
           7     0.64633           0           0
           7    0.710963           0           0
           7    0.775596           0           0
           7     0.84023 0.000969295 0.000176508
           7    0.904863    0.152532  0.00205132
           7    0.969496     1.06525  0.00223271
           7     1.03413     2.04428   0.0124857
           7     1.09876     2.27571   0.0167136
           7     1.16339     2.07066  0.00808329
           7     1.22803     1.83243  0.00677215
           7     1.29266      1.6049  0.00965711
           7     1.35729     1.45373  0.00584878
           7     1.42193     1.33786  0.00458464
           7     1.48656      1.2464  0.00401177
           7     1.55119     1.19729  0.00301599
           7     1.61583     1.13703  0.00512351
           7     1.68046     1.10805  0.00488803
           7     1.74509     1.09556  0.00440286
           7     1.80973     1.07439  0.00349047
           7     1.87436     1.06546  0.00367698
           7     1.93899     1.06062  0.00402728
           7     2.00362     1.05522  0.00186692
           7     2.06826     1.05847  0.00351605
           7     2.13289     1.05505  0.00209794
           7     2.19752     1.04694  0.00247971
           7     2.26216     1.04436   0.0028738
           7     2.32679     1.03411  0.00291528
           7     2.39142      1.0293  0.00296262
           7     2.45606     1.02775  0.00171295
           7     2.52069     1.01549  0.00297884
           7     2.58532     1.01743  0.00375149
           7     2.64995     1.01039  0.00246078
           7     2.71459     1.01372  0.00255549
           7     2.77922     1.01094  0.00175123
           7     2.84385     1.00688  0.00363579
           7     2.90849     1.00775 0.000836202
           7     2.97312     1.00371  0.00172832
           7     3.03775    0.996926  0.00280745
           7     3.10239    0.996328  0.00269226
           7     3.16702    0.999937  0.00226916
           7     3.23165     0.99568  0.00169533
           7     3.29629    0.996072  0.00230746
           7     3.36092    0.998434  0.00215403
           7     3.42555    0.994491  0.00182776
           7     3.49018     0.99134  0.00146684
           7     3.55482    0.993582  0.00205295
           7     3.61945    0.993465   0.0010275
           7     3.68408    0.990924  0.00116666
           7     3.74872    0.992728  0.00169634
           7     3.81335    0.991772  0.00131564
           7     3.87798    0.991679  0.00261604
           7     3.94262    0.991846  0.00161834
           7     4.00725     0.98833  0.00124222
           7     4.07188    0.992113  0.00150001
           7     4.13651    0.992959  0.00197494
           7     4.20115    0.986109  0.00103641
           7     4.26578    0.987176  0.00156408
           7     4.33041     0.98845  0.00118512
           7     4.39505     0.98684  0.00219878
           7     4.45968    0.987965  0.00108083
           7     4.52431    0.988259   0.0017132
           7     4.58895    0.986935 0.000909862
           7     4.65358    0.986127  0.00109378
           7     4.71821    0.988005  0.00171153
           7     4.78285    0.987263  0.00151277
           7     4.84748    0.985531  0.00153193
           7     4.91211    0.988526  0.00137936
           7     4.97674    0.985823  0.00131271
           7     5.04138    0.986117   0.0012637
           7     5.10601    0.986588  0.00124188
           7     5.17064    0.985907 0.000923759
           7     5.23528    0.986486  0.00112318
           7     5.29991    0.985901  0.00103704
           7     5.36454    0.987427  0.00104636
           7     5.42918    0.986809  0.00125097
           7     5.49381    0.985446  0.00124183
           7     5.55844    0.984675  0.00082989
           7     5.62307    0.985562  0.00054713
           7     5.68771    0.987317 0.000734798
           7     5.75234    0.986481  0.00114685
           7     5.81697    0.985366   0.0016836
           7     5.88161     0.98503 0.000775337
           7     5.94624    0.984099  0.00111925
           7     6.01087    0.985322  0.00126336
           7     6.07551    0.987379 0.000865087
           7     6.14014    0.986589  0.00148334
           7     6.20477     0.98554  0.00138603
           7      6.2694    0.986454 0.000747349
           7     6.33404    0.986098  0.00107823
           7     6.39867    0.983194 0.000928964
           8           0           0           0
           8    0.064633           0           0
           8    0.129266           0           0
           8    0.193899           0           0
           8    0.258532           0           0
           8    0.323165           0           0
           8    0.387798           0           0
           8    0.452431           0           0
           8    0.517064           0           0
           8    0.581697           0           0
           8     0.64633           0           0
           8    0.710963           0           0
           8    0.775596           0           0
           8     0.84023  0.00102275 0.000161937
           8    0.904863    0.152733  0.00178781
           8    0.969496     1.06499  0.00195166
           8     1.03413     2.03232   0.0161255
           8     1.09876     2.27164   0.0150347
           8     1.16339     2.06974   0.0070606
           8     1.22803     1.82721    0.007852
           8     1.29266     1.60737  0.00872092
           8     1.35729     1.45015  0.00619912
           8     1.42193     1.33428  0.00534801
           8     1.48656     1.24753  0.00365324
           8     1.55119     1.19437  0.00392024
           8     1.61583     1.13521  0.00479524
           8     1.68046     1.10831  0.00424124
           8     1.74509     1.09585  0.00382423
           8     1.80973     1.07318   0.0032555
           8     1.87436     1.06498  0.00322034
           8     1.93899     1.06033  0.00349963
           8     2.00362     1.05521  0.00161686
           8     2.06826     1.05862  0.00304845
           8     2.13289     1.05243  0.00318855
           8     2.19752     1.04827  0.00252585
           8     2.26216      1.0425  0.00310801
           8     2.32679     1.03261  0.00293401
           8     2.39142     1.02946  0.00257077
           8     2.45606     1.02974  0.00247545
           8     2.52069     1.01584  0.00260319
           8     2.58532     1.01682  0.00330639
           8     2.64995     1.01124  0.00229322
           8     2.71459     1.01226  0.00265295
           8     2.77922     1.00971  0.00195027
           8     2.84385     1.00794  0.00332236
           8     2.90849     1.00655  0.00140385
           8     2.97312     1.00374  0.00149714
           8     3.03775    0.997526  0.00250423
           8     3.10239    0.996193  0.00233549
           8     3.16702     1.00004  0.00196776
           8     3.23165    0.996233  0.00156875
           8     3.29629    0.994661   0.0024463
           8     3.36092    0.998089  0.00189697
           8     3.42555    0.994553  0.00158409
           8     3.49018    0.991916  0.00139489
           8     3.55482    0.993019  0.00186498
           8     3.61945    0.993957  0.00101697
           8     3.68408    0.991327  0.00108772
           8     3.74872    0.992271  0.00153851
           8     3.81335    0.991449  0.00118418
           8     3.87798    0.992295  0.00234803
           8     3.94262    0.991416  0.00146615
           8     4.00725    0.988758  0.00115774
           8     4.07188    0.991673  0.00137156
           8     4.13651     0.99213  0.00190101
           8     4.20115     0.98615 0.000898512
           8     4.26578    0.987469  0.00138592
           8     4.33041    0.989052  0.00118991
           8     4.39505    0.987066  0.00191758
           8     4.45968    0.987392  0.00109757
           8     4.52431    0.988025  0.00150194
           8     4.58895    0.987071 0.000799657
           8     4.65358    0.987098   0.0013565
           8     4.71821    0.987376  0.00161032
           8     4.78285    0.986612  0.00146277
           8     4.84748    0.985711  0.00133883
           8     4.91211    0.988413  0.00119987
           8     4.97674     0.98676  0.00147318
           8     5.04138    0.985548  0.00123316
           8     5.10601    0.986465  0.00108251
           8     5.17064    0.986321 0.000900866
           8     5.23528    0.986618 0.000981641
           8     5.29991    0.986464  0.00106026
           8     5.36454    0.986612  0.00121861
           8     5.42918    0.987387  0.00122784
           8     5.49381    0.986114  0.00126601
           8     5.55844    0.984677  0.00071871
           8     5.62307    0.985595 0.000474936
           8     5.68771    0.987178 0.000651473
           8     5.75234    0.986951  0.00109858
           8     5.81697    0.985957  0.00157319
           8     5.88161    0.985669 0.000927044
           8     5.94624     0.98407 0.000969734
           8     6.01087    0.985177  0.00110369
           8     6.07551    0.986802 0.000945214
           8     6.14014    0.986268  0.00132408
           8     6.20477    0.985764  0.00122092
           8      6.2694     0.98639 0.000650357
           8     6.33404    0.985827 0.000972275
           8     6.39867    0.983217 0.000804838
           9           0           0           0
           9    0.064633           0           0
           9    0.129266           0           0
           9    0.193899           0           0
           9    0.258532           0           0
           9    0.323165           0           0
           9    0.387798           0           0
           9    0.452431           0           0
           9    0.517064           0           0
           9    0.581697           0           0
           9     0.64633           0           0
           9    0.710963           0           0
           9    0.775596           0           0
           9     0.84023 0.000997804 0.000144978
           9    0.904863    0.152485    0.001596
           9    0.969496     1.06798  0.00345016
           9     1.03413     2.02971   0.0144587
           9     1.09876     2.26898   0.0135238
           9     1.16339     2.06988  0.00622831
           9     1.22803     1.82741  0.00692776
           9     1.29266     1.60956  0.00799734
           9     1.35729     1.45058  0.00548328
           9     1.42193     1.33535  0.00483634
           9     1.48656     1.24866  0.00341336
           9     1.55119     1.19318  0.00365623
           9     1.61583      1.1336  0.00452405
           9     1.68046     1.10769  0.00379233
           9     1.74509     1.09323  0.00426824
           9     1.80973     1.07292  0.00288311
           9     1.87436     1.06279  0.00358902
           9     1.93899     1.05965  0.00316148
           9     2.00362     1.05494  0.00145154
           9     2.06826     1.05905  0.00272396
           9     2.13289     1.05329  0.00294114
           9     2.19752     1.04684  0.00264429
           9     2.26216     1.04125  0.00301086
           9     2.32679     1.03245  0.00259257
           9     2.39142     1.02983  0.00229762
           9     2.45606     1.02943  0.00220436
           9     2.52069     1.01632  0.00234617
           9     2.58532     1.01653  0.00292941
           9     2.64995     1.01047  0.00216518
           9     2.71459      1.0125  0.00235251
           9     2.77922     1.00827  0.00224645
           9     2.84385     1.00703  0.00306834
           9     2.90849     1.00661  0.00123956
           9     2.97312     1.00337   0.0013728
           9     3.03775    0.997156  0.00223934
           9     3.10239    0.995617  0.00213879
           9     3.16702     0.99915  0.00194944
           9     3.23165    0.995648  0.00150201
           9     3.29629    0.994762  0.00215978
           9     3.36092    0.997225  0.00188329
           9     3.42555    0.994955  0.00145388
           9     3.49018    0.991894  0.00123038
           9     3.55482    0.993681  0.00177292
           9     3.61945    0.994012 0.000898566
           9     3.68408      0.9912 0.000967628
           9     3.74872    0.992398  0.00136273
           9     3.81335    0.992347  0.00137726
           9     3.87798    0.992397  0.00207328
           9     3.94262    0.991166  0.00131705
           9     4.00725    0.989002  0.00104972
           9     4.07188    0.991595  0.00121209
           9     4.13651    0.991163  0.00193545
           9     4.20115    0.986627 0.000924449
           9     4.26578    0.987254  0.00124108
           9     4.33041    0.988515  0.00117884
           9     4.39505    0.986863  0.00170331
           9     4.45968    0.987137  0.00100099
           9     4.52431    0.987497  0.00142628
           9     4.58895    0.986496 0.000909887
           9     4.65358    0.987311  0.00121526
           9     4.71821    0.986156   0.0018722
           9     4.78285    0.986399  0.00130755
           9     4.84748    0.986136   0.0012549
           9     4.91211    0.988523  0.00106387
           9     4.97674    0.986633  0.00130533
           9     5.04138    0.986235   0.0012864
           9     5.10601    0.986663 0.000974995
           9     5.17064     0.98681 0.000932777
           9     5.23528    0.986422  0.00088765
           9     5.29991    0.987166  0.00116927
           9     5.36454    0.986782  0.00108798
           9     5.42918    0.986912  0.00118253
           9     5.49381    0.986021   0.0011204
           9     5.55844    0.984371 0.000703884
           9     5.62307    0.985653 0.000422845
           9     5.68771    0.986988 0.000605011
           9     5.75234    0.986969 0.000969031
           9     5.81697    0.986249  0.00141785
           9     5.88161    0.986025 0.000891775
           9     5.94624    0.984377 0.000908582
           9     6.01087    0.985068 0.000979465
           9     6.07551    0.986219  0.00101733
           9     6.14014    0.986291  0.00116796
           9     6.20477     0.98603  0.00110914
           9      6.2694    0.987119 0.000927001
           9     6.33404      0.9857  0.00086675
           9     6.39867    0.983212 0.000709817
          10           0           0           0
          10    0.064633           0           0
          10    0.129266           0           0
          10    0.193899           0           0
          10    0.258532           0           0
          10    0.323165           0           0
          10    0.387798           0           0
          10    0.452431           0           0
          10    0.517064           0           0
          10    0.581697           0           0
          10     0.64633           0           0
          10    0.710963           0           0
          10    0.775596           0           0
          10     0.84023 0.000898024 0.000163618
          10    0.904863     0.15227  0.00144365
          10    0.969496     1.06952  0.00345075
          10     1.03413     2.02708   0.0131953
          10     1.09876     2.27128   0.0123131
          10     1.16339     2.07103  0.00568805
          10     1.22803     1.83121  0.00726723
          10     1.29266     1.61331  0.00807787
          10     1.35729     1.45321  0.00556733
          10     1.42193     1.33536  0.00432578
          10     1.48656     1.24947  0.00315851
          10     1.55119     1.19239  0.00336381
          10     1.61583     1.13431   0.0041076
          10     1.68046     1.10647  0.00360307
          10     1.74509     1.09567  0.00452772
          10     1.80973     1.07276   0.0025835
          10     1.87436     1.06344  0.00327579
          10     1.93899     1.06017   0.0028758
          10     2.00362     1.05537  0.00136709
          10     2.06826      1.0598  0.00254926
          10     2.13289      1.0524  0.00277692
          10     2.19752     1.04751  0.00245814
          10     2.26216     1.04038   0.0028326
          10     2.32679     1.03271  0.00233327
          10     2.39142     1.03086  0.00229772
          10     2.45606     1.02923  0.00198175
          10     2.52069     1.01803  0.00270639
          10     2.58532     1.01708  0.00267631
          10     2.64995      1.0103  0.00194374
          10     2.71459     1.01324  0.00223054
          10     2.77922     1.00759  0.00211914
          10     2.84385     1.00615  0.00288351
          10     2.90849     1.00594  0.00129744
          10     2.97312     1.00392  0.00134853
          10     3.03775    0.997271  0.00200623
          10     3.10239     0.99626  0.00201831
          10     3.16702    0.999175   0.0017438
          10     3.23165    0.995236  0.00140525
          10     3.29629    0.994981  0.00194415
          10     3.36092    0.996542  0.00181754
          10     3.42555    0.995381  0.00136848
          10     3.49018     0.99261  0.00131333
          10     3.55482     0.99355  0.00159114
          10     3.61945    0.993216  0.00113124
          10     3.68408    0.990701  0.00099946
          10     3.74872    0.991758  0.00137659
          10     3.81335     0.99163  0.00142506
          10     3.87798    0.991798  0.00194884
          10     3.94262    0.991116  0.00117903
          10     4.00725    0.989269 0.000976298
          10     4.07188    0.991342  0.00111313
          10     4.13651    0.990809  0.00176691
          10     4.20115    0.986253  0.00090747
          10     4.26578    0.987306  0.00111125
          10     4.33041    0.988245  0.00108839
          10     4.39505    0.986849  0.00152356
          10     4.45968    0.987195 0.000897197
          10     4.52431     0.98695  0.00138769
          10     4.58895    0.986259 0.000847681
          10     4.65358    0.987148  0.00109917
          10     4.71821    0.985241  0.00190806
          10     4.78285    0.986681  0.00120297
          10     4.84748    0.985279  0.00141209
          10     4.91211    0.988566 0.000952533
          10     4.97674    0.986835  0.00118487
          10     5.04138    0.986606  0.00120885
          10     5.10601     0.98658 0.000876042
          10     5.17064    0.987236 0.000936932
          10     5.23528    0.986546 0.000803505
          10     5.29991    0.987162  0.00104583
          10     5.36454    0.986339  0.00106888
          10     5.42918    0.986437  0.00115964
          10     5.49381    0.985792  0.00102804
          10     5.55844    0.985059 0.000932107
          10     5.62307    0.985555 0.000390604
          10     5.68771    0.987108 0.000554209
          10     5.75234    0.986784 0.000886374
          10     5.81697    0.986058  0.00128246
          10     5.88161    0.985818 0.000824067
          10     5.94624     0.98475 0.000894528
          10     6.01087    0.985408 0.000939908
          10     6.07551    0.986227 0.000909964
          10     6.14014    0.986108   0.0010605
          10     6.20477    0.985958 0.000994593
          10      6.2694    0.987297 0.000848032
          10     6.33404    0.985993 0.000828612
          10     6.39867    0.983763  0.00084043
          11           0           0           0
          11    0.064633           0           0
          11    0.129266           0           0
          11    0.193899           0           0
          11    0.258532           0           0
          11    0.323165           0           0
          11    0.387798           0           0
          11    0.452431           0           0
          11    0.517064           0           0
          11    0.581697           0           0
          11     0.64633           0           0
          11    0.710963           0           0
          11    0.775596           0           0
          11     0.84023 0.000870811 0.000150479
          11    0.904863    0.151952  0.00134392
          11    0.969496      1.0645  0.00591678
          11     1.03413     2.02994   0.0122733
          11     1.09876     2.27622   0.0121836
          11     1.16339      2.0717  0.00518843
          11     1.22803     1.82984  0.00671343
          11     1.29266     1.61328  0.00730677
          11     1.35729     1.45202  0.00517515
          11     1.42193     1.33545  0.00391387
          11     1.48656      1.2522  0.00395475
          11     1.55119     1.19443  0.00366256
          11     1.61583     1.13664  0.00438701
          11     1.68046     1.10794  0.00357293
          11     1.74509     1.09418  0.00435798
          11     1.80973     1.07352  0.00245591
          11     1.87436     1.06461  0.00318522
          11     1.93899     1.05941  0.00270976
          11     2.00362     1.05526  0.00124143
          11     2.06826     1.05842   0.0026894
          11     2.13289     1.05255  0.00251615
          11     2.19752     1.04741  0.00222595
          11     2.26216     1.04096  0.00262772
          11     2.32679     1.03387  0.00241079
          11     2.39142     1.03182  0.00229071
          11     2.45606     1.02997  0.00193852
          11     2.52069     1.01894  0.00261195
          11     2.58532      1.0191   0.0031511
          11     2.64995     1.01068  0.00179766
          11     2.71459     1.01321  0.00201785
          11     2.77922      1.0077  0.00191987
          11     2.84385     1.00645  0.00262524
          11     2.90849     1.00555  0.00123669
          11     2.97312     1.00365  0.00124908
          11     3.03775    0.997764  0.00188044
          11     3.10239    0.997527  0.00222173
          11     3.16702    0.999241  0.00157871
          11     3.23165    0.994941  0.00130475
          11     3.29629    0.995524  0.00184059
          11     3.36092    0.996516  0.00164422
          11     3.42555     0.99578  0.00130039
          11     3.49018    0.992833  0.00120856
          11     3.55482    0.993332   0.0014556
          11     3.61945    0.993439   0.0010473
          11     3.68408    0.990383 0.000958326
          11     3.74872    0.992449  0.00142428
          11     3.81335    0.991353  0.00131843
          11     3.87798    0.991658  0.00176832
          11     3.94262    0.991509  0.00113644
          11     4.00725    0.989215 0.000884777
          11     4.07188    0.990989  0.00106708
          11     4.13651    0.990971  0.00160643
          11     4.20115    0.986203  0.00082231
          11     4.26578    0.987236   0.0010076
          11     4.33041     0.98791  0.00103987
          11     4.39505    0.987152  0.00141109
          11     4.45968    0.987251 0.000813509
          11     4.52431    0.985865  0.00165963
          11     4.58895    0.986365 0.000774073
          11     4.65358    0.987706   0.0011401
          11     4.71821    0.985092  0.00173237
          11     4.78285    0.986858  0.00110241
          11     4.84748    0.985468  0.00129112
          11     4.91211    0.988257 0.000915125
          11     4.97674    0.986997  0.00108392
          11     5.04138    0.986175  0.00117532
          11     5.10601    0.985935   0.0010214
          11     5.17064    0.987602 0.000922814
          11     5.23528    0.986459 0.000731939
          11     5.29991    0.987405 0.000976619
          11     5.36454    0.986364 0.000967144
          11     5.42918    0.986297  0.00105814
          11     5.49381    0.986024 0.000958563
          11     5.55844    0.985129 0.000846051
          11     5.62307    0.985892 0.000488288
          11     5.68771    0.987009 0.000510966
          11     5.75234    0.986441 0.000871897
          11     5.81697    0.986205  0.00116931
          11     5.88161    0.985818 0.000745397
          11     5.94624    0.984723 0.000809594
          11     6.01087    0.985109 0.000901284
          11     6.07551    0.985931 0.000874672
          11     6.14014    0.986048 0.000961145
          11     6.20477     0.98609 0.000909193
          11      6.2694    0.987189 0.000774592
          11     6.33404     0.98577 0.000782058
          11     6.39867    0.984031 0.000806209
          12           0           0           0
          12    0.064633           0           0
          12    0.129266           0           0
          12    0.193899           0           0
          12    0.258532           0           0
          12    0.323165           0           0
          12    0.387798           0           0
          12    0.452431           0           0
          12    0.517064           0           0
          12    0.581697           0           0
          12     0.64633           0           0
          12    0.710963           0           0
          12    0.775596           0           0
          12     0.84023 0.000914654 0.000144195
          12    0.904863    0.150722  0.00173768
          12    0.969496     1.06467  0.00540415
          12     1.03413     2.03033   0.0112107
          12     1.09876     2.27689   0.0111423
          12     1.16339     2.06897  0.00546587
          12     1.22803      1.8282   0.0063438
          12     1.29266     1.61479  0.00683769
          12     1.35729     1.45438  0.00528272
          12     1.42193     1.33493  0.00361184
          12     1.48656     1.25119  0.00375018
          12     1.55119     1.19315  0.00358228
          12     1.61583     1.13771  0.00414336
          12     1.68046     1.10907  0.00345452
          12     1.74509     1.09321  0.00409547
          12     1.80973     1.07331  0.00225143
          12     1.87436     1.06669  0.00357411
          12     1.93899     1.06032  0.00263428
          12     2.00362     1.05527  0.00113331
          12     2.06826     1.05883  0.00248877
          12     2.13289     1.05113   0.0026988
          12     2.19752     1.04838  0.00225369
          12     2.26216     1.04163  0.00249027
          12     2.32679     1.03358  0.00221975
          12     2.39142     1.03217  0.00211948
          12     2.45606     1.02981  0.00177668
          12     2.52069      1.0195  0.00244942
          12     2.58532     1.01856  0.00292595
          12     2.64995     1.01088  0.00165312
          12     2.71459     1.01326   0.0018426
          12     2.77922     1.00792  0.00176633
          12     2.84385      1.0059  0.00245793
          12     2.90849     1.00608  0.00124979
          12     2.97312     1.00358  0.00114239
          12     3.03775    0.998023  0.00173601
          12     3.10239    0.997374  0.00203389
          12     3.16702    0.998829  0.00149876
          12     3.23165    0.995348  0.00125842
          12     3.29629    0.994987  0.00176401
          12     3.36092    0.996858  0.00153935
          12     3.42555    0.996147  0.00124253
          12     3.49018    0.992836  0.00110327
          12     3.55482    0.993937  0.00146008
          12     3.61945    0.993555  0.00096303
          12     3.68408    0.989745  0.00108235
          12     3.74872     0.99246  0.00130023
          12     3.81335    0.991236   0.0012093
          12     3.87798    0.991497  0.00162227
          12     3.94262    0.991172  0.00109067
          12     4.00725    0.989377 0.000823736
          12     4.07188    0.990894 0.000978754
          12     4.13651    0.990902  0.00146808
          12     4.20115    0.986235 0.000751307
          12     4.26578    0.987321 0.000923789
          12     4.33041    0.987663 0.000981062
          12     4.39505    0.987429  0.00131764
          12     4.45968    0.987282  0.00074324
          12     4.52431    0.986297  0.00157555
          12     4.58895    0.986418 0.000708606
          12     4.65358     0.98794  0.00106666
          12     4.71821    0.985396  0.00161043
          12     4.78285    0.986986   0.0010145
          12     4.84748     0.98592  0.00126264
          12     4.91211    0.987993 0.000876343
          12     4.97674    0.986814  0.00100637
          12     5.04138    0.986133  0.00107375
          12     5.10601    0.986088 0.000944928
          12     5.17064    0.987173 0.000945099
          12     5.23528    0.986509 0.000670013
          12     5.29991    0.987337 0.000894132
          12     5.36454    0.986649 0.000927791
          12     5.42918     0.98647 0.000981259
          12     5.49381    0.986142 0.000882963
          12     5.55844    0.984852 0.000820621
          12     5.62307    0.986213 0.000549451
          12     5.68771    0.987061 0.000469369
          12     5.75234    0.986214 0.000827625
          12     5.81697     0.98628  0.00107008
          12     5.88161    0.985878 0.000683079
          12     5.94624    0.984353 0.000826388
          12     6.01087    0.984828 0.000869492
          12     6.07551    0.985966 0.000799224
          12     6.14014    0.985716 0.000938269
          12     6.20477     0.98592 0.000847177
          12      6.2694    0.987148 0.000708267
          12     6.33404    0.985918 0.000729293
          12     6.39867    0.983992 0.000737033
          13           0           0           0
          13    0.064633           0           0
          13    0.129266           0           0
          13    0.193899           0           0
          13    0.258532           0           0
          13    0.323165           0           0
          13    0.387798           0           0
          13    0.452431           0           0
          13    0.517064           0           0
          13    0.581697           0           0
          13     0.64633           0           0
          13    0.710963           0           0
          13    0.775596           0           0
          13     0.84023  0.00104386 0.000185167
          13    0.904863    0.149893  0.00180033
          13    0.969496     1.06515  0.00499379
          13     1.03413     2.03087   0.0103262
          13     1.09876     2.27723   0.0102551
          13     1.16339     2.07437  0.00737956
          13     1.22803     1.83059  0.00630542
          13     1.29266     1.61505  0.00629516
          13     1.35729     1.45533  0.00495197
          13     1.42193     1.33421  0.00339924
          13     1.48656     1.25119  0.00344966
          13     1.55119     1.19293  0.00330202
          13     1.61583     1.13957  0.00424429
          13     1.68046     1.10804  0.00334154
          13     1.74509     1.09319  0.00376732
          13     1.80973     1.07408  0.00221046
          13     1.87436     1.06655   0.0032905
          13     1.93899     1.06202  0.00296297
          13     2.00362     1.05548  0.00106364
          13     2.06826     1.05916  0.00231292
          13     2.13289     1.05124  0.00248499
          13     2.19752     1.04899  0.00215987
          13     2.26216     1.04084  0.00242343
          13     2.32679     1.03532  0.00267724
          13     2.39142     1.03236  0.00195916
          13     2.45606     1.02812  0.00234947
          13     2.52069     1.02055  0.00248515
          13     2.58532     1.01959  0.00288114
          13     2.64995     1.01144  0.00162293
          13     2.71459     1.01303  0.00170957
          13     2.77922     1.00844   0.0017047
          13     2.84385     1.00613   0.0022724
          13     2.90849     1.00517  0.00146647
          13     2.97312     1.00318  0.00112749
          13     3.03775    0.999212    0.001991
          13     3.10239     0.99821   0.0020491
          13     3.16702    0.998589  0.00139954
          13     3.23165    0.995645  0.00119522
          13     3.29629    0.995512  0.00170539
          13     3.36092    0.996589  0.00144121
          13     3.42555    0.996048  0.00114725
          13     3.49018    0.993316  0.00112256
          13     3.55482    0.993869  0.00134483
          13     3.61945    0.993342 0.000911188
          13     3.68408    0.990082  0.00105108
          13     3.74872    0.992348  0.00120133
          13     3.81335    0.990821  0.00118703
          13     3.87798    0.991297   0.0015056
          13     3.94262    0.991234  0.00100515
          13     4.00725    0.989359 0.000757937
          13     4.07188     0.99059 0.000950067
          13     4.13651    0.990083  0.00157917
          13     4.20115    0.985907  0.00076468
          13     4.26578    0.987421 0.000855589
          13     4.33041    0.987567 0.000907471
          13     4.39505    0.987477  0.00121298
          13     4.45968    0.987134 0.000699345
          13     4.52431    0.986224  0.00145115
          13     4.58895    0.986516 0.000659047
          13     4.65358    0.987916 0.000981475
          13     4.71821    0.985897  0.00156394
          13     4.78285    0.987166 0.000950341
          13     4.84748    0.985674  0.00118739
          13     4.91211    0.988125 0.000816977
          13     4.97674    0.986649 0.000940252
          13     5.04138    0.986222 0.000991718
          13     5.10601    0.985783  0.00092122
          13     5.17064     0.98722 0.000870631
          13     5.23528     0.98628 0.000657449
          13     5.29991    0.987422 0.000826946
          13     5.36454    0.986491  0.00086797
          13     5.42918     0.98648  0.00090268
          13     5.49381    0.986501 0.000887719
          13     5.55844    0.985123 0.000802314
          13     5.62307    0.986409 0.000542021
          13     5.68771    0.987101 0.000433635
          13     5.75234    0.986388 0.000780912
          13     5.81697    0.986247 0.000984895
          13     5.88161    0.985934 0.000630891
          13     5.94624    0.984578 0.000792745
          13     6.01087    0.985063 0.000833602
          13     6.07551    0.985887 0.000739337
          13     6.14014    0.986031 0.000918874
          13     6.20477    0.985881 0.000780271
          13      6.2694    0.986836 0.000722746
          13     6.33404    0.985798 0.000681506
          13     6.39867    0.984142 0.000694348
          14           0           0           0
          14    0.064633           0           0
          14    0.129266           0           0
          14    0.193899           0           0
          14    0.258532           0           0
          14    0.323165           0           0
          14    0.387798           0           0
          14    0.452431           0           0
          14    0.517064           0           0
          14    0.581697           0           0
          14     0.64633           0           0
          14    0.710963           0           0
          14    0.775596           0           0
          14     0.84023  0.00105482 0.000171782
          14    0.904863    0.149851  0.00166733
          14    0.969496     1.06287  0.00515247
          14     1.03413     2.03513   0.0104653
          14     1.09876     2.27913  0.00968154
          14     1.16339     2.07268  0.00703908
          14     1.22803     1.82751  0.00659932
          14     1.29266      1.6176  0.00636101
          14     1.35729       1.455  0.00459689
          14     1.42193     1.33282  0.00343874
          14     1.48656     1.25027  0.00332237
          14     1.55119     1.19356  0.00312006
          14     1.61583     1.13916  0.00395114
          14     1.68046     1.10834  0.00310838
          14     1.74509     1.09272  0.00351907
          14     1.80973     1.07471  0.00213948
          14     1.87436     1.06675  0.00305299
          14     1.93899     1.06102  0.00292254
          14     2.00362     1.05637  0.00132781
          14     2.06826     1.05902  0.00214581
          14     2.13289     1.05094  0.00232061
          14     2.19752     1.04934  0.00202991
          14     2.26216     1.04097  0.00224769
          14     2.32679     1.03591  0.00254898
          14     2.39142     1.03245  0.00181604
          14     2.45606      1.0286  0.00222717
          14     2.52069     1.02103  0.00234978
          14     2.58532     1.01907  0.00271723
          14     2.64995     1.01235  0.00175587
          14     2.71459     1.01232  0.00173735
          14     2.77922     1.00868  0.00159769
          14     2.84385     1.00627  0.00210858
          14     2.90849     1.00514  0.00135813
          14     2.97312      1.0039   0.0012678
          14     3.03775    0.999297  0.00184527
          14     3.10239    0.998323  0.00190047
          14     3.16702    0.999418  0.00153869
          14     3.23165    0.995485  0.00111802
          14     3.29629    0.996198  0.00172145
          14     3.36092    0.996487  0.00133826
          14     3.42555    0.996408  0.00112148
          14     3.49018    0.993691    0.001105
          14     3.55482    0.994352  0.00133543
          14     3.61945    0.993691 0.000913162
          14     3.68408    0.990111 0.000973529
          14     3.74872    0.992116  0.00113609
          14     3.81335    0.991586  0.00133871
          14     3.87798     0.99089  0.00145212
          14     3.94262    0.991343  0.00093704
          14     4.00725    0.989493 0.000714468
          14     4.07188    0.990562 0.000880037
          14     4.13651    0.989953  0.00146786
          14     4.20115    0.987088  0.00137663
          14     4.26578    0.987517  0.00079792
          14     4.33041     0.98767 0.000846385
          14     4.39505    0.987445  0.00112346
          14     4.45968    0.987182 0.000649178
          14     4.52431    0.986865  0.00148881
          14     4.58895    0.986707 0.000639413
          14     4.65358    0.987895 0.000908899
          14     4.71821    0.986028  0.00145385
          14     4.78285    0.986827 0.000942929
          14     4.84748    0.986287  0.00125881
          14     4.91211    0.988132 0.000756404
          14     4.97674    0.986786 0.000881235
          14     5.04138    0.986227 0.000918167
          14     5.10601    0.986073 0.000900799
          14     5.17064    0.986907 0.000864725
          14     5.23528    0.986283 0.000608685
          14     5.29991    0.987836 0.000870268
          14     5.36454    0.986468 0.000803902
          14     5.42918    0.986271 0.000861365
          14     5.49381    0.986934 0.000929098
          14     5.55844    0.985177 0.000744716
          14     5.62307    0.985888 0.000723326
          14     5.68771    0.986873 0.000461817
          14     5.75234    0.986674 0.000777369
          14     5.81697    0.986407 0.000925845
          14     5.88161    0.986127  0.00061503
          14     5.94624    0.984853 0.000783593
          14     6.01087    0.984891  0.00079058
          14     6.07551    0.986141 0.000729963
          14     6.14014    0.985907  0.00085968
          14     6.20477    0.985859 0.000722737
          14      6.2694    0.986962 0.000680954
          14     6.33404    0.985521 0.000689189
          14     6.39867    0.984263 0.000654254
          15           0           0           0
          15    0.064633           0           0
          15    0.129266           0           0
          15    0.193899           0           0
          15    0.258532           0           0
          15    0.323165           0           0
          15    0.387798           0           0
          15    0.452431           0           0
          15    0.517064           0           0
          15    0.581697           0           0
          15     0.64633           0           0
          15    0.710963           0           0
          15    0.775596           0           0
          15     0.84023  0.00102441 0.000162785
          15    0.904863    0.149698  0.00155967
          15    0.969496     1.06316  0.00480544
          15     1.03413     2.03364  0.00985526
          15     1.09876      2.2797  0.00903122
          15     1.16339     2.07698  0.00783769
          15     1.22803     1.82768  0.00614601
          15     1.29266     1.61702  0.00594943
          15     1.35729      1.4543  0.00433636
          15     1.42193     1.33093  0.00371809
          15     1.48656     1.24864  0.00349721
          15     1.55119     1.19279  0.00300459
          15     1.61583      1.1394  0.00368628
          15     1.68046     1.10811  0.00290276
          15     1.74509     1.09205  0.00334418
          15     1.80973     1.07414  0.00207174
          15     1.87436     1.06654     0.00285
          15     1.93899      1.0603  0.00281435
          15     2.00362     1.05598  0.00129668
          15     2.06826     1.05863  0.00203552
          15     2.13289     1.05189  0.00236236
          15     2.19752     1.04859  0.00203349
          15     2.26216     1.04044  0.00215859
          15     2.32679     1.03589  0.00237303
          15     2.39142     1.03285  0.00173696
          15     2.45606     1.02847  0.00207748
          15     2.52069     1.02053   0.0022451
          15     2.58532      1.0179  0.00278604
          15     2.64995     1.01248  0.00163999
          15     2.71459     1.01236  0.00161795
          15     2.77922     1.00864   0.0014879
          15     2.84385     1.00538  0.00215301
          15     2.90849     1.00457  0.00138506
          15     2.97312     1.00384  0.00118166
          15     3.03775    0.998563  0.00186797
          15     3.10239    0.998753  0.00182077
          15     3.16702    0.999578  0.00144134
          15     3.23165    0.995045  0.00113034
          15     3.29629     0.99591  0.00162827
          15     3.36092    0.996264  0.00126562
          15     3.42555    0.996271  0.00105291
          15     3.49018    0.993545  0.00103899
          15     3.55482    0.994809  0.00132458
          15     3.61945    0.993204 0.000979867
          15     3.68408    0.990052 0.000908215
          15     3.74872    0.991564  0.00119319
          15     3.81335    0.991625  0.00124688
          15     3.87798    0.991099  0.00136785
          15     3.94262    0.991498 0.000885956
          15     4.00725    0.989427 0.000668409
          15     4.07188    0.990346 0.000847466
          15     4.13651    0.989881  0.00136839
          15     4.20115    0.987002  0.00128446
          15     4.26578     0.98721 0.000803681
          15     4.33041    0.987745 0.000791552
          15     4.39505    0.987509  0.00104789
          15     4.45968    0.987114 0.000608071
          15     4.52431    0.986864  0.00138601
          15     4.58895    0.986752 0.000596937
          15     4.65358    0.987671 0.000875402
          15     4.71821     0.98619  0.00136307
          15     4.78285    0.986901 0.000880942
          15     4.84748    0.986436  0.00118126
          15     4.91211    0.987726 0.000812699
          15     4.97674    0.986861 0.000823825
          15     5.04138    0.986121 0.000861287
          15     5.10601       0.986 0.000841811
          15     5.17064    0.987104  0.00082884
          15     5.23528    0.986205 0.000571962
          15     5.29991    0.987564 0.000854571
          15     5.36454    0.986093 0.000836999
          15     5.42918     0.98648 0.000828641
          15     5.49381    0.987069 0.000875358
          15     5.55844    0.985387 0.000724309
          15     5.62307     0.98603 0.000688047
          15     5.68771    0.986269 0.000741518
          15     5.75234    0.986562 0.000732244
          15     5.81697    0.986253 0.000875592
          15     5.88161    0.985998 0.000586827
          15     5.94624    0.984777 0.000733398
          15     6.01087    0.984915 0.000736354
          15     6.07551    0.985895 0.000722735
          15     6.14014    0.985832 0.000803815
          15     6.20477    0.985505 0.000760088
          15      6.2694     0.98692 0.000635346
          15     6.33404    0.985661 0.000656692
          15     6.39867    0.984325 0.000612207
          16           0           0           0
          16    0.064633           0           0
          16    0.129266           0           0
          16    0.193899           0           0
          16    0.258532           0           0
          16    0.323165           0           0
          16    0.387798           0           0
          16    0.452431           0           0
          16    0.517064           0           0
          16    0.581697           0           0
          16     0.64633           0           0
          16    0.710963           0           0
          16    0.775596           0           0
          16     0.84023  0.00103522 0.000152655
          16    0.904863    0.149565  0.00146502
          16    0.969496     1.06077  0.00509373
          16     1.03413     2.03517  0.00934501
          16     1.09876     2.28107  0.00855829
          16     1.16339     2.07871  0.00753423
          16     1.22803     1.83131  0.00679889
          16     1.29266      1.6184  0.00573278
          16     1.35729     1.45373   0.0040966
          16     1.42193     1.33007  0.00358371
          16     1.48656     1.24935  0.00334723
          16     1.55119     1.19298  0.00281703
          16     1.61583     1.14048  0.00361207
          16     1.68046     1.11022  0.00343588
          16     1.74509     1.09234  0.00314193
          16     1.80973     1.07458  0.00198703
          16     1.87436     1.06607   0.0027065
          16     1.93899     1.05963  0.00271446
          16     2.00362     1.05665   0.0013858
          16     2.06826     1.05852  0.00190696
          16     2.13289     1.05158   0.0022315
          16     2.19752     1.04795  0.00200569
          16     2.26216     1.04132  0.00220278
          16     2.32679     1.03661  0.00233249
          16     2.39142      1.0325  0.00166169
          16     2.45606     1.02758  0.00213691
          16     2.52069     1.02154  0.00233272
          16     2.58532     1.01821  0.00262424
          16     2.64995     1.01228  0.00154787
          16     2.71459     1.01209  0.00153691
          16     2.77922     1.00842  0.00141059
          16     2.84385     1.00524  0.00201897
          16     2.90849     1.00431  0.00132292
          16     2.97312     1.00415  0.00114985
          16     3.03775    0.999234  0.00187149
          16     3.10239    0.998239  0.00177906
          16     3.16702    0.999315  0.00137364
          16     3.23165    0.994485  0.00119631
          16     3.29629     0.99575  0.00153143
          16     3.36092    0.996058  0.00120162
          16     3.42555    0.996135 0.000994253
          16     3.49018    0.993605 0.000973735
          16     3.55482    0.994615  0.00125407
          16     3.61945    0.992229  0.00133813
          16     3.68408     0.99071  0.00107478
          16     3.74872      0.9919  0.00116581
          16     3.81335    0.991495   0.0011736
          16     3.87798    0.990876  0.00129883
          16     3.94262    0.992013 0.000975612
          16     4.00725    0.989339 0.000631416
          16     4.07188    0.989761 0.000985237
          16     4.13651    0.989863  0.00128014
          16     4.20115    0.987151  0.00121076
          16     4.26578    0.987183  0.00075225
          16     4.33041    0.987725 0.000740721
          16     4.39505    0.987403 0.000985991
          16     4.45968    0.986972 0.000586278
          16     4.52431    0.986939  0.00129867
          16     4.58895    0.986686 0.000562203
          16     4.65358     0.98786 0.000840511
          16     4.71821    0.986211  0.00127521
          16     4.78285    0.986887 0.000824155
          16     4.84748    0.986508  0.00110737
          16     4.91211    0.987553 0.000779854
          16     4.97674    0.986832 0.000771172
          16     5.04138    0.986046 0.000809129
          16     5.10601     0.98595 0.000789021
          16     5.17064    0.987074 0.000775897
          16     5.23528    0.986341  0.00055213
          16     5.29991    0.987396 0.000816987
          16     5.36454    0.986398 0.000839948
          16     5.42918    0.986132 0.000849471
          16     5.49381    0.987141 0.000822043
          16     5.55844    0.985374 0.000677646
          16     5.62307    0.985935 0.000650449
          16     5.68771     0.98643 0.000712122
          16     5.75234    0.986713 0.000701472
          16     5.81697    0.986011 0.000854064
          16     5.88161      0.9861 0.000558185
          16     5.94624    0.984888 0.000694966
          16     6.01087    0.985133 0.000722463
          16     6.07551    0.985968 0.000679983
          16     6.14014    0.985789 0.000753148
          16     6.20477     0.98563 0.000721953
          16      6.2694    0.986708 0.000630725
          16     6.33404    0.985759 0.000621989
          16     6.39867    0.984255  0.00057695
          17           0           0           0
          17    0.064633           0           0
          17    0.129266           0           0
          17    0.193899           0           0
          17    0.258532           0           0
          17    0.323165           0           0
          17    0.387798           0           0
          17    0.452431           0           0
          17    0.517064           0           0
          17    0.581697           0           0
          17     0.64633           0           0
          17    0.710963           0           0
          17    0.775596           0           0
          17     0.84023 0.000986065 0.000151586
          17    0.904863    0.149345  0.00139353
          17    0.969496     1.06188  0.00491177
          17     1.03413     2.03836  0.00933975
          17     1.09876      2.2835  0.00839677
          17     1.16339     2.07886  0.00707877
          17     1.22803     1.83287  0.00657403
          17     1.29266     1.61859  0.00538821
          17     1.35729     1.45487  0.00401538
          17     1.42193     1.32855  0.00369322
          17     1.48656     1.24901  0.00316205
          17     1.55119     1.19142   0.0030702
          17     1.61583     1.14132   0.0034955
          17     1.68046     1.11055  0.00324468
          17     1.74509     1.09267  0.00296937
          17     1.80973     1.07544  0.00205797
          17     1.87436     1.06685  0.00265952
          17     1.93899     1.05941  0.00255949
          17     2.00362     1.05649   0.0013117
          17     2.06826     1.05947  0.00202698
          17     2.13289      1.0522   0.0021844
          17     2.19752     1.04759  0.00191875
          17     2.26216     1.04138  0.00207013
          17     2.32679     1.03706  0.00223748
          17     2.39142     1.03227   0.0015786
          17     2.45606     1.02742  0.00201415
          17     2.52069     1.02127  0.00220778
          17     2.58532     1.01837  0.00247037
          17     2.64995     1.01257  0.00148389
          17     2.71459     1.01271  0.00157004
          17     2.77922     1.00821  0.00134074
          17     2.84385      1.0052  0.00189688
          17     2.90849     1.00393  0.00129817
          17     2.97312     1.00453  0.00114354
          17     3.03775    0.999826  0.00185509
          17     3.10239    0.997969  0.00169277
          17     3.16702    0.999381  0.00129199
          17     3.23165    0.994141  0.00117509
          17     3.29629    0.996115  0.00148398
          17     3.36092    0.995961  0.00113288
          17     3.42555    0.996003 0.000943218
          17     3.49018    0.994137  0.00105816
          17     3.55482    0.994941  0.00122227
          17     3.61945    0.991971  0.00128305
          17     3.68408    0.991431  0.00124044
          17     3.74872     0.99203  0.00110271
          17     3.81335    0.991318  0.00111638
          17     3.87798    0.991326   0.0013003
          17     3.94262    0.992009 0.000916438
          17     4.00725    0.988971 0.000697786
          17     4.07188    0.989884 0.000933592
          17     4.13651    0.989759  0.00120696
          17     4.20115    0.987001  0.00114716
          17     4.26578    0.987277 0.000712843
          17     4.33041    0.987503 0.000730261
          17     4.39505    0.987247 0.000939167
          17     4.45968    0.987187  0.00059117
          17     4.52431    0.987143  0.00123686
          17     4.58895    0.986979  0.00060379
          17     4.65358    0.988026 0.000806704
          17     4.71821    0.986152  0.00119929
          17     4.78285    0.987147 0.000816542
          17     4.84748    0.986681  0.00105439
          17     4.91211    0.987659 0.000740203
          17     4.97674    0.986532 0.000783988
          17     5.04138    0.986259 0.000789105
          17     5.10601    0.985723 0.000774911
          17     5.17064    0.987068 0.000728852
          17     5.23528    0.986423 0.000525076
          17     5.29991    0.987439 0.000768663
          17     5.36454    0.986986 0.000984152
          17     5.42918    0.985769 0.000876756
          17     5.49381    0.987335 0.000796206
          17     5.55844    0.985154  0.00067336
          17     5.62307    0.986048 0.000621243
          17     5.68771    0.986557 0.000680815
          17     5.75234    0.986808 0.000665625
          17     5.81697    0.985801 0.000829266
          17     5.88161    0.985974 0.000539173
          17     5.94624    0.985049  0.00067226
          17     6.01087    0.985056 0.000682961
          17     6.07551    0.986099 0.000652127
          17     6.14014    0.985722 0.000710591
          17     6.20477      0.9858 0.000699104
          17      6.2694    0.986781 0.000596891
          17     6.33404     0.98603 0.000644239
          17     6.39867    0.984347 0.000549671
          18           0           0           0
          18    0.064633           0           0
          18    0.129266           0           0
          18    0.193899           0           0
          18    0.258532           0           0
          18    0.323165           0           0
          18    0.387798           0           0
          18    0.452431           0           0
          18    0.517064           0           0
          18    0.581697           0           0
          18     0.64633           0           0
          18    0.710963           0           0
          18    0.775596           0           0
          18     0.84023 0.000997804 0.000143398
          18    0.904863    0.149881  0.00141872
          18    0.969496     1.06136  0.00465986
          18     1.03413      2.0367  0.00896121
          18     1.09876     2.28468  0.00800476
          18     1.16339     2.07647  0.00708831
          18     1.22803     1.83215  0.00624021
          18     1.29266     1.61763  0.00517004
          18     1.35729      1.4541  0.00386475
          18     1.42193     1.32765  0.00359624
          18     1.48656     1.24807  0.00312887
          18     1.55119     1.19036  0.00308399
          18     1.61583     1.14104  0.00330762
          18     1.68046     1.10982  0.00314652
          18     1.74509      1.0934   0.0028922
          18     1.80973     1.07604  0.00202986
          18     1.87436     1.06667  0.00251432
          18     1.93899      1.0599  0.00246211
          18     2.00362     1.05627  0.00125554
          18     2.06826     1.05907  0.00195378
          18     2.13289     1.05174  0.00210837
          18     2.19752     1.04681  0.00196729
          18     2.26216     1.04124  0.00195681
          18     2.32679     1.03686  0.00211931
          18     2.39142     1.03149  0.00167911
          18     2.45606     1.02754   0.0019028
          18     2.52069     1.02091  0.00211317
          18     2.58532     1.01826  0.00233185
          18     2.64995     1.01219  0.00145117
          18     2.71459     1.01273  0.00148041
          18     2.77922     1.00823  0.00126415
          18     2.84385     1.00536  0.00179555
          18     2.90849     1.00424  0.00126297
          18     2.97312     1.00424  0.00111638
          18     3.03775    0.999857  0.00174927
          18     3.10239    0.998028  0.00159706
          18     3.16702    0.998695  0.00139818
          18     3.23165    0.993895  0.00113503
          18     3.29629    0.995819  0.00143001
          18     3.36092    0.995875  0.00107155
          18     3.42555    0.995825 0.000907063
          18     3.49018     0.99373  0.00107773
          18     3.55482    0.994591  0.00120437
          18     3.61945    0.991781  0.00122454
          18     3.68408    0.991304   0.0011764
          18     3.74872    0.991993  0.00104029
          18     3.81335    0.990994  0.00110137
          18     3.87798    0.990932  0.00128763
          18     3.94262    0.992028 0.000864229
          18     4.00725    0.989017 0.000659438
          18     4.07188    0.989758 0.000889085
          18     4.13651    0.989603  0.00114858
          18     4.20115     0.98718  0.00109619
          18     4.26578    0.987294 0.000672274
          18     4.33041    0.987472 0.000689201
          18     4.39505    0.987384 0.000895913
          18     4.45968    0.987287 0.000566155
          18     4.52431    0.987125  0.00116626
          18     4.58895    0.986756 0.000611384
          18     4.65358    0.987663 0.000842645
          18     4.71821    0.986082  0.00113288
          18     4.78285    0.986841  0.00082831
          18     4.84748    0.986663 0.000994246
          18     4.91211    0.987383 0.000750423
          18     4.97674    0.986384 0.000753964
          18     5.04138    0.986517 0.000787596
          18     5.10601    0.985761  0.00073154
          18     5.17064    0.987081 0.000687278
          18     5.23528    0.986511 0.000502824
          18     5.29991    0.987586 0.000739315
          18     5.36454    0.986739 0.000960221
          18     5.42918    0.985501 0.000868978
          18     5.49381    0.987139 0.000775985
          18     5.55844    0.984803 0.000725733
          18     5.62307    0.985991 0.000588498
          18     5.68771    0.986467 0.000648119
          18     5.75234    0.987118 0.000700015
          18     5.81697    0.985827 0.000782268
          18     5.88161    0.985871 0.000518766
          18     5.94624    0.985038 0.000633902
          18     6.01087    0.984963 0.000650577
          18     6.07551    0.986142 0.000616323
          18     6.14014    0.985637 0.000675399
          18     6.20477    0.985863 0.000662112
          18      6.2694    0.986687 0.000570537
          18     6.33404    0.986289 0.000660311
          18     6.39867     0.98412 0.000565656
          19           0           0           0
          19    0.064633           0           0
          19    0.129266           0           0
          19    0.193899           0           0
          19    0.258532           0           0
          19    0.323165           0           0
          19    0.387798           0           0
          19    0.452431           0           0
          19    0.517064           0           0
          19    0.581697           0           0
          19     0.64633           0           0
          19    0.710963           0           0
          19    0.775596           0           0
          19     0.84023 0.000997804 0.000135641
          19    0.904863    0.149741  0.00134927
          19    0.969496     1.06016  0.00456755
          19     1.03413     2.03475  0.00869826
          19     1.09876     2.28373  0.00763144
          19     1.16339     2.07525  0.00681582
          19     1.22803     1.83356  0.00606791
          19     1.29266     1.61823  0.00492743
          19     1.35729     1.45334   0.0037334
          19     1.42193     1.32833  0.00347011
          19     1.48656     1.24963  0.00334552
          19     1.55119     1.18925  0.00312175
          19     1.61583      1.1417  0.00319832
          19     1.68046     1.10937  0.00300918
          19     1.74509     1.09227  0.00295908
          19     1.80973     1.07571  0.00194768
          19     1.87436     1.06648  0.00238613
          19     1.93899     1.05999  0.00233056
          19     2.00362     1.05596  0.00122783
          19     2.06826     1.05875  0.00187499
          19     2.13289     1.05169  0.00199492
          19     2.19752     1.04688   0.0018621
          19     2.26216      1.0417   0.0019063
          19     2.32679     1.03681  0.00200533
          19     2.39142     1.03071  0.00176827
          19     2.45606     1.02699  0.00188074
          19     2.52069     1.02076  0.00200406
          19     2.58532      1.0177  0.00227548
          19     2.64995     1.01179  0.00142898
          19     2.71459      1.0121  0.00153668
          19     2.77922     1.00802  0.00121246
          19     2.84385     1.00478  0.00179725
          19     2.90849      1.0046  0.00124776
          19     2.97312      1.0041  0.00106507
          19     3.03775    0.999451  0.00170369
          19     3.10239    0.998284  0.00153216
          19     3.16702    0.998665  0.00132287
          19     3.23165     0.99382   0.0010762
          19     3.29629    0.995916  0.00135614
          19     3.36092    0.995929    0.001015
          19     3.42555    0.995565 0.000896419
          19     3.49018    0.993449  0.00105727
          19     3.55482     0.99456  0.00113964
          19     3.61945    0.991646  0.00116619
          19     3.68408     0.99108  0.00113507
          19     3.74872    0.991992 0.000984019
          19     3.81335    0.990579  0.00112127
          19     3.87798    0.990695  0.00124087
          19     3.94262    0.991305  0.00109129
          19     4.00725    0.989172  0.00064292
          19     4.07188    0.989478 0.000886477
          19     4.13651    0.989308  0.00112583
          19     4.20115    0.987169  0.00103696
          19     4.26578    0.987624 0.000716393
          19     4.33041    0.987539 0.000655364
          19     4.39505    0.987275 0.000854311
          19     4.45968    0.987399 0.000547103
          19     4.52431    0.987313    0.001119
          19     4.58895    0.986759  0.00057832
          19     4.65358    0.987756 0.000802423
          19     4.71821    0.986322  0.00109821
          19     4.78285    0.986977  0.00079517
          19     4.84748    0.986917 0.000974073
          19     4.91211    0.987182 0.000737747
          19     4.97674    0.986167 0.000745253
          19     5.04138    0.986444 0.000748558
          19     5.10601    0.985618 0.000706541
          19     5.17064    0.987199 0.000660821
          19     5.23528     0.98636 0.000499182
          19     5.29991    0.987496 0.000705018
          19     5.36454    0.987005 0.000946385
          19     5.42918    0.985678 0.000840753
          19     5.49381    0.987017 0.000744025
          19     5.55844     0.98483 0.000687008
          19     5.62307    0.986127 0.000573139
          19     5.68771    0.986376 0.000619782
          19     5.75234    0.986955    0.000682
          19     5.81697    0.985898 0.000743338
          19     5.88161    0.985956 0.000498151
          19     5.94624    0.985317 0.000661156
          19     6.01087    0.985125 0.000636395
          19     6.07551      0.9862 0.000585806
          19     6.14014    0.985477 0.000658584
          19     6.20477    0.986074  0.00066078
          19      6.2694    0.986821 0.000555951
          19     6.33404     0.98633 0.000625915
          19     6.39867    0.984189 0.000539478
          20           0           0           0
          20    0.064633           0           0
          20    0.129266           0           0
          20    0.193899           0           0
          20    0.258532           0           0
          20    0.323165           0           0
          20    0.387798           0           0
          20    0.452431           0           0
          20    0.517064           0           0
          20    0.581697           0           0
          20     0.64633           0           0
          20    0.710963           0           0
          20    0.775596           0           0
          20     0.84023  0.00101776 0.000130219
          20    0.904863    0.149632  0.00128465
          20    0.969496     1.06088  0.00439197
          20     1.03413     2.03525  0.00826712
          20     1.09876     2.28326  0.00725477
          20     1.16339     2.07585  0.00649417
          20     1.22803     1.83365  0.00575729
          20     1.29266     1.61821  0.00467459
          20     1.35729     1.45326  0.00354263
          20     1.42193     1.32778  0.00333897
          20     1.48656     1.25051  0.00329362
          20     1.55119     1.18899  0.00297303
          20     1.61583     1.14105  0.00310252
          20     1.68046     1.10821  0.00308172
          20     1.74509     1.09169  0.00286644
          20     1.80973     1.07481  0.00205676
          20     1.87436     1.06648   0.0022637
          20     1.93899     1.05962  0.00224062
          20     2.00362     1.05619  0.00118823
          20     2.06826      1.0585  0.00179583
          20     2.13289     1.05157  0.00189668
          20     2.19752     1.04646  0.00181556
          20     2.26216     1.04173  0.00180869
          20     2.32679     1.03747  0.00201447
          20     2.39142     1.03091   0.0016889
          20     2.45606     1.02672  0.00180473
          20     2.52069     1.02069  0.00190275
          20     2.58532     1.01772  0.00215877
          20     2.64995     1.01134  0.00142853
          20     2.71459     1.01205  0.00145864
          20     2.77922     1.00789  0.00115805
          20     2.84385     1.00426  0.00178276
          20     2.90849     1.00424  0.00123661
          20     2.97312     1.00418  0.00101316
          20     3.03775    0.999704  0.00163598
          20     3.10239     0.99809  0.00146648
          20     3.16702    0.998338  0.00129696
          20     3.23165    0.993804   0.0010211
          20     3.29629    0.996109  0.00130086
          20     3.36092     0.99553  0.00104217
          20     3.42555     0.99535 0.000877077
          20     3.49018    0.993099  0.00106242
          20     3.55482    0.994539  0.00108137
          20     3.61945    0.991891  0.00113318
          20     3.68408     0.99099  0.00108056
          20     3.74872    0.991944 0.000934792
          20     3.81335     0.99079  0.00108438
          20     3.87798     0.99061  0.00118021
          20     3.94262    0.991207  0.00103992
          20     4.00725    0.989196 0.000610372
          20     4.07188    0.989281 0.000863703
          20     4.13651    0.989508  0.00108663
          20     4.20115    0.987333 0.000997422
          20     4.26578    0.987622 0.000679633
          20     4.33041    0.987512 0.000622321
          20     4.39505    0.987308 0.000811112
          20     4.45968    0.987546 0.000539565
          20     4.52431    0.987249  0.00106351
          20     4.58895    0.986903 0.000567248
          20     4.65358    0.987715 0.000762344
          20     4.71821    0.986343  0.00104206
          20     4.78285    0.987055 0.000758443
          20     4.84748    0.986722 0.000944352
          20     4.91211      0.9873 0.000709736
          20     4.97674      0.9861 0.000710247
          20     5.04138    0.986501 0.000712439
          20     5.10601     0.98536 0.000718335
          20     5.17064    0.987141 0.000629597
          20     5.23528    0.986366 0.000473608
          20     5.29991    0.987235 0.000718128
          20     5.36454    0.987123 0.000905634
          20     5.42918    0.985733 0.000799544
          20     5.49381    0.986688 0.000778756
          20     5.55844     0.98467 0.000670979
          20     5.62307    0.986134 0.000543776
          20     5.68771    0.986497 0.000600268
          20     5.75234    0.986588 0.000743557
          20     5.81697    0.985806 0.000711188
          20     5.88161    0.986108 0.000496293
          20     5.94624    0.985295 0.000627595
          20     6.01087    0.984999  0.00061671
          20     6.07551     0.98632 0.000568626
          20     6.14014    0.985475 0.000624789
          20     6.20477    0.985843 0.000668084
          20      6.2694    0.986845 0.000527981
          20     6.33404    0.986315 0.000593988
          20     6.39867    0.984367 0.000541741
