           1   0.0490739   0.0490739           0
           2   0.0491482   0.0491111  3.7109e-05
           3    0.049031   0.0490844 3.42328e-05
           4   0.0490228    0.049069 2.86847e-05
           5   0.0491176   0.0490787 2.42525e-05
           6    0.049345   0.0491231 4.86032e-05
           7   0.0491872   0.0491322 4.20873e-05
           8   0.0491987   0.0491406 3.73846e-05
           9   0.0490946   0.0491354 3.33637e-05
          10   0.0489285   0.0491147 3.63143e-05
          11    0.048534    0.049062 6.21798e-05
          12   0.0489473   0.0490524   5.756e-05
          13   0.0488895   0.0490399 5.44095e-05
          14   0.0490567   0.0490411 5.03878e-05
          15   0.0491647   0.0490493  4.7627e-05
          16   0.0486369   0.0490235 5.14698e-05
          17    0.048993   0.0490217 4.83809e-05
          18   0.0492741   0.0490358 4.77193e-05
          19   0.0486851   0.0490173 4.87651e-05
          20   0.0491625   0.0490246 4.68285e-05
