           1    -5.53981    -5.53981           0
           2    -5.47979     -5.5098   0.0300111
           3    -5.46378    -5.49446   0.0231418
           4    -5.46286    -5.48656   0.0181712
           5    -5.44762    -5.47877   0.0160865
           6    -5.44041    -5.47238    0.014608
           7    -5.44155    -5.46797   0.0131081
           1    -7.55727    -7.55727           0
           2    -7.52802    -7.54264   0.0146234
           3    -7.54475    -7.54335  0.00847204
           4    -7.55102    -7.54526  0.00629002
           5    -7.55505    -7.54722   0.0052504
           6    -7.55139    -7.54792  0.00434297
           7    -7.53882    -7.54662  0.00389351
           8    -7.54846    -7.54685  0.00337979
           9    -7.55016    -7.54722  0.00300328
          10    -7.56212    -7.54871    0.003072
           1    -7.55727    -7.55727           0
           2    -7.52802    -7.54264   0.0146234
           3    -7.54475    -7.54335  0.00847204
           4    -7.55102    -7.54526  0.00629002
           5    -7.55505    -7.54722   0.0052504
           6    -7.55139    -7.54792  0.00434297
           7    -7.53882    -7.54662  0.00389351
           8    -7.54846    -7.54685  0.00337979
           9    -7.55016    -7.54722  0.00300328
          10    -7.56212    -7.54871    0.003072
           1    -7.55727    -7.55727           0
           2    -7.52802    -7.54264   0.0146234
           3    -7.54475    -7.54335  0.00847204
           4    -7.55102    -7.54526  0.00629002
           5    -7.55505    -7.54722   0.0052504
           6    -7.55139    -7.54792  0.00434297
           7    -7.53882    -7.54662  0.00389351
           8    -7.54846    -7.54685  0.00337979
           9    -7.55016    -7.54722  0.00300328
          10    -7.56212    -7.54871    0.003072
           1    -7.55727    -7.55727           0
           2    -7.52802    -7.54264   0.0146234
           3    -7.54475    -7.54335  0.00847204
           4    -7.55102    -7.54526  0.00629002
           5    -7.55505    -7.54722   0.0052504
           6    -7.55139    -7.54792  0.00434297
           7    -7.53882    -7.54662  0.00389351
           8    -7.54846    -7.54685  0.00337979
           9    -7.55016    -7.54722  0.00300328
          10    -7.56212    -7.54871    0.003072
           1    -7.55727    -7.55727           0
           2    -7.52802    -7.54264   0.0146234
           3    -7.54475    -7.54335  0.00847204
           4    -7.55102    -7.54526  0.00629002
           5    -7.55505    -7.54722   0.0052504
           6    -7.55139    -7.54792  0.00434297
           7    -7.53882    -7.54662  0.00389351
           8    -7.54846    -7.54685  0.00337979
           9    -7.55016    -7.54722  0.00300328
          10    -7.56212    -7.54871    0.003072
           1    -7.55727    -7.55727           0
           2    -7.52802    -7.54264   0.0146234
           3    -7.54475    -7.54335  0.00847204
           4    -7.55102    -7.54526  0.00629002
           5    -7.55505    -7.54722   0.0052504
           6    -7.55139    -7.54792  0.00434297
           7    -7.53882    -7.54662  0.00389351
           8    -7.54846    -7.54685  0.00337979
           9    -7.55016    -7.54722  0.00300328
          10    -7.56212    -7.54871    0.003072
           1    -7.55727    -7.55727           0
           2    -7.52802    -7.54264   0.0146234
           3    -7.54475    -7.54335  0.00847204
           4    -7.55102    -7.54526  0.00629002
           5    -7.55505    -7.54722   0.0052504
           6    -7.55139    -7.54792  0.00434297
           7    -7.53882    -7.54662  0.00389351
           8    -7.54846    -7.54685  0.00337979
           9    -7.55016    -7.54722  0.00300328
          10    -7.56212    -7.54871    0.003072
           1    -7.55727    -7.55727           0
           2    -7.52802    -7.54264   0.0146234
           3    -7.54475    -7.54335  0.00847204
           4    -7.55102    -7.54526  0.00629002
           5    -7.55505    -7.54722   0.0052504
           6    -7.55139    -7.54792  0.00434297
           7    -7.53882    -7.54662  0.00389351
           8    -7.54846    -7.54685  0.00337979
           9    -7.55016    -7.54722  0.00300328
          10    -7.56212    -7.54871    0.003072
           1    -5.47006    -5.47006           0
           2     -5.4619    -5.46598  0.00408272
           3    -5.45656    -5.46284  0.00392464
           4    -5.45335    -5.46047  0.00365032
           5    -5.45017    -5.45841  0.00349806
           6    -5.50842    -5.46674  0.00881079
           7    -5.46932    -5.46711  0.00745557
           8    -5.47332    -5.46789  0.00650319
           9    -5.46771    -5.46787  0.00573531
          10    -5.48147    -5.46923  0.00530695
           1  -0.0352073  -0.0352073           0
           2  -0.0352097  -0.0352085  1.2186e-06
           3  -0.0352134  -0.0352101 1.77691e-06
           4  -0.0352151  -0.0352114 1.76023e-06
           5  -0.0352167  -0.0352124 1.73292e-06
           6  -0.0352175  -0.0352133  1.6443e-06
           7  -0.0352189  -0.0352141 1.60708e-06
           8  -0.0352211   -0.035215 1.64332e-06
           9  -0.0352237  -0.0352159 1.74731e-06
          10  -0.0352266   -0.035217 1.89175e-06
          11  -0.0352291  -0.0352181 2.03169e-06
          12  -0.0352306  -0.0352191 2.12787e-06
          13  -0.0352338  -0.0352203 2.26056e-06
          14  -0.0352364  -0.0352214  2.3904e-06
          15  -0.0352379  -0.0352225 2.48261e-06
          16  -0.0352393  -0.0352236 2.54752e-06
          17  -0.0352419  -0.0352247   2.624e-06
          18  -0.0352432  -0.0352257 2.68102e-06
          19  -0.0352428  -0.0352266  2.6906e-06
          20  -0.0352435  -0.0352274  2.6895e-06
          21  -0.0352451  -0.0352283 2.69267e-06
          22  -0.0352467  -0.0352291 2.70107e-06
          23  -0.0352491    -0.03523 2.72274e-06
          24  -0.0352524  -0.0352309 2.76854e-06
          25  -0.0352533  -0.0352318 2.80207e-06
          26  -0.0352523  -0.0352326 2.80486e-06
          27  -0.0352538  -0.0352334 2.81075e-06
           1   -0.420209   -0.420209           0
           2   -0.415826   -0.418017  0.00219148
           3   -0.411523   -0.415852  0.00250736
           4   -0.411798   -0.414839  0.00204229
           5   -0.407678   -0.413407   0.0021339
           6   -0.416338   -0.413895   0.0018095
           7   -0.410698   -0.413439  0.00159605
           8   -0.409255   -0.412916  0.00147782
           9   -0.418744   -0.413563  0.00145536
          10   -0.415168   -0.413724  0.00131156
           1   -0.420209   -0.420209           0
           2   -0.415826   -0.418017  0.00219148
           3   -0.411523   -0.415852  0.00250736
           4   -0.411798   -0.414839  0.00204229
           5   -0.407678   -0.413407   0.0021339
           6   -0.416338   -0.413895   0.0018095
           7   -0.410698   -0.413439  0.00159605
           8   -0.409255   -0.412916  0.00147782
           9   -0.418744   -0.413563  0.00145536
          10   -0.415168   -0.413724  0.00131156
           1   -0.420209   -0.420209           0
           2   -0.415826   -0.418017  0.00219148
           3   -0.411523   -0.415852  0.00250736
           4   -0.411798   -0.414839  0.00204229
           5   -0.407678   -0.413407   0.0021339
           6   -0.416338   -0.413895   0.0018095
           7   -0.410698   -0.413439  0.00159605
           8   -0.409255   -0.412916  0.00147782
           9   -0.418744   -0.413563  0.00145536
          10   -0.415168   -0.413724  0.00131156
           1    -5.47006    -5.47006           0
           2     -5.4619    -5.46598  0.00408272
           3    -5.45656    -5.46284  0.00392464
           4    -5.45335    -5.46047  0.00365032
           5    -5.45017    -5.45841  0.00349806
           6    -5.50842    -5.46674  0.00881079
           7    -5.46932    -5.46711  0.00745557
           8    -5.47332    -5.46789  0.00650319
           9    -5.46771    -5.46787  0.00573531
          10    -5.48147    -5.46923  0.00530695
           1    -7.55727    -7.55727           0
           2    -7.52802    -7.54264   0.0146234
           3    -7.54475    -7.54335  0.00847204
           4    -7.55102    -7.54526  0.00629002
           5    -7.55505    -7.54722   0.0052504
           6    -7.55139    -7.54792  0.00434297
           7    -7.53882    -7.54662  0.00389351
           8    -7.54846    -7.54685  0.00337979
           9    -7.55016    -7.54722  0.00300328
          10    -7.56212    -7.54871    0.003072
           1    -7.54602    -7.54602           0
           2    -7.55329    -7.54965  0.00363619
           3    -7.54605    -7.54845   0.0024196
           4    -7.55102    -7.54909  0.00182745
           5    -7.55237    -7.54975  0.00155956
           6    -7.54883    -7.54959  0.00128253
           1    -7.54602    -7.54602           0
           1    -7.52334    -7.52334           0
           2    -7.53295    -7.52814  0.00480599
           1    -7.55205    -7.55205           0
           2    -7.54035     -7.5462  0.00585349
           1    -7.53014    -7.53014           0
           2    -7.54626     -7.5382  0.00806223
           1    -7.54679    -7.54679           0
           2     -7.5534     -7.5501  0.00330635
           3    -7.54733    -7.54917  0.00212052
           4    -7.54833    -7.54896  0.00151437
           5    -7.55467     -7.5501   0.0016365
           6    -7.54881    -7.54989  0.00135357
           7    -7.55035    -7.54995  0.00114587
           8    -7.54882    -7.54981  0.00100235
           9    -7.54252      -7.549  0.00119875
          10    -7.54039    -7.54814  0.00137521
           1    -7.54679    -7.54679           0
           2     -7.5534     -7.5501  0.00330635
           3    -7.54733    -7.54917  0.00212052
           4    -7.54833    -7.54896  0.00151437
           5    -7.55467     -7.5501   0.0016365
           6    -7.54881    -7.54989  0.00135357
           7    -7.55035    -7.54995  0.00114587
           8    -7.54882    -7.54981  0.00100235
           9    -7.54252      -7.549  0.00119875
           1    -7.55766    -7.55766           0
           2    -7.47202    -7.51484   0.0428193
           3    -7.52487    -7.51818    0.024947
           4    -7.56077    -7.52883   0.0206043
           5    -7.51931    -7.52693   0.0160731
           6    -7.51162    -7.52437   0.0133693
           7    -7.55201    -7.52832   0.0119689
           8     -7.5171    -7.52692   0.0104599
           9    -7.52267    -7.52645  0.00923685
          10    -7.56337    -7.53014  0.00904931
           1     -5.4805     -5.4805           0
           2    -5.39454    -5.43752   0.0429799
           3    -5.50744    -5.46083   0.0340424
           4    -5.51302    -5.47388   0.0273799
           5    -5.46188    -5.47148   0.0213437
           6    -5.50153    -5.47649   0.0181324
           7    -5.56312    -5.48886   0.0196984
           8    -5.45176    -5.48422   0.0176785
           9    -5.45139    -5.48058   0.0160121
          10    -5.48845    -5.48136   0.0143433
           1   -0.393546   -0.393546           0
           2   -0.411727   -0.402637  0.00909054
           3   -0.414954   -0.406742  0.00666359
           4   -0.401462   -0.405422  0.00489329
           5   -0.432491   -0.410836  0.00660873
           6    -0.42632   -0.413417  0.00598133
           7   -0.412511   -0.413287   0.0050568
           8   -0.403629    -0.41208  0.00454268
           9   -0.432312   -0.414328  0.00459389
          10   -0.408991   -0.413794  0.00414342
           1    -7.55766    -7.55766           0
           2    -7.47202    -7.51484   0.0428193
           3    -7.52487    -7.51818    0.024947
           4    -7.56077    -7.52883   0.0206043
           5    -7.51931    -7.52693   0.0160731
           6    -7.51162    -7.52437   0.0133693
           7    -7.55201    -7.52832   0.0119689
           8     -7.5171    -7.52692   0.0104599
           9    -7.52267    -7.52645  0.00923685
          10    -7.56337    -7.53014  0.00904931
           1     -5.4805     -5.4805           0
           2    -5.39454    -5.43752   0.0429799
           3    -5.50744    -5.46083   0.0340424
           4    -5.51302    -5.47388   0.0273799
           5    -5.46188    -5.47148   0.0213437
           6    -5.50153    -5.47649   0.0181324
           7    -5.56312    -5.48886   0.0196984
           8    -5.45176    -5.48422   0.0176785
           9    -5.45139    -5.48058   0.0160121
          10    -5.48845    -5.48136   0.0143433
           1   -0.393546   -0.393546           0
           2   -0.411727   -0.402637  0.00909054
           3   -0.414954   -0.406742  0.00666359
           4   -0.401462   -0.405422  0.00489329
           5   -0.432491   -0.410836  0.00660873
           6    -0.42632   -0.413417  0.00598133
           7   -0.412511   -0.413287   0.0050568
           8   -0.403629    -0.41208  0.00454268
           9   -0.432312   -0.414328  0.00459389
          10   -0.408991   -0.413794  0.00414342
           1   -0.413794   -0.413794           0
           2   -0.415552   -0.414673 0.000878892
           1   -0.415331   -0.415331           0
           2   -0.413754   -0.414542  0.00078825
           3   -0.412792   -0.413959 0.000739957
           1   -0.417548   -0.417548           0
           2   -0.406949   -0.412249  0.00529945
           3   -0.418405   -0.414301  0.00368413
           1   -0.407579   -0.407579           0
           2   -0.417701    -0.41264  0.00506119
           1   -0.423701   -0.423701           0
           2   -0.407871   -0.415786  0.00791508
           3   -0.416173   -0.415915  0.00457159
           1   -0.413794   -0.413794           0
           2   -0.415552   -0.414673 0.000878892
           1    -7.54797    -7.54797           0
           2    -7.54758    -7.54777 0.000195998
           3     -7.5467    -7.54741 0.000377018
           4    -7.54619    -7.54711 0.000406848
           5    -7.54719    -7.54712  0.00031558
           6     -7.5451    -7.54679 0.000425082
           7    -7.54926    -7.54714 0.000503828
           8    -7.54544    -7.54693 0.000485469
           9    -7.54395     -7.5466 0.000540772
          10    -7.54543    -7.54648 0.000497518
           1    -5.46583    -5.46583           0
           2    -5.46797     -5.4669  0.00106686
           3    -5.46173    -5.46517  0.00183104
           4    -5.46283    -5.46459  0.00142077
           5    -5.46256    -5.46418   0.0011732
           6    -5.46337    -5.46405 0.000967337
           7    -5.46259    -5.46384 0.000843562
           8    -5.46468    -5.46395 0.000738123
           9    -5.46455    -5.46401 0.000654398
          10    -5.46299    -5.46391 0.000594118
           1   -0.414174   -0.414174           0
           2   -0.414808   -0.414491  0.00031722
           3   -0.414019   -0.414334 0.000241523
           4   -0.413646   -0.414162 0.000242299
           5   -0.413495   -0.414029 0.000230272
           6   -0.414051   -0.414032 0.000188054
           7   -0.414303   -0.414071 0.000163564
           8   -0.414536   -0.414129 0.000153131
           9   -0.415352   -0.414265 0.000191548
          10   -0.413913    -0.41423 0.000174911
