0           0           0
0.064633           0           0
0.129266           0           0
0.193899           0           0
0.258532           0           0
0.323165           0           0
0.387798           0           0
0.452431           0           0
0.517064           0           0
0.581697           0           0
0.64633           0           0
0.710963           0           0
0.775596           0           0
0.84023 0.000948313 4.42575e-05
0.904863    0.148256 0.000535453
0.969496     1.06303  0.00141619
1.03413     2.03702  0.00268967
1.09876     2.26873  0.00345257
1.16339     2.08547  0.00272111
1.22803     1.83177 0.000718499
1.29266     1.61741  0.00123226
1.35729     1.45325 0.000830693
1.42193     1.33556  0.00169327
1.48656     1.24997 0.000882687
1.55119     1.18865 0.000561622
1.61583     1.14521 0.000989892
1.68046     1.11297 0.000654592
1.74509     1.09082 0.000675916
1.80973     1.07531 0.000979612
1.87436     1.06454 0.000537056
1.93899     1.06118 0.000610083
2.00362     1.05726 0.000571424
2.06826     1.05427 0.000893247
2.13289     1.05153 0.000637125
2.19752     1.04947 0.000698628
2.26216     1.04251 0.000753314
2.32679     1.03816 0.000876624
2.39142     1.03198 0.000638465
2.45606     1.02636 0.000329744
2.52069     1.02114 0.000528321
2.58532     1.01743 0.000600905
2.64995      1.0132 0.000599477
2.71459      1.0107 0.000424779
2.77922     1.00765 0.000328617
2.84385     1.00452 0.000447202
2.90849     1.00278 0.000521972
2.97312     1.00195 0.000547947
3.03775     1.00094 0.000386411
3.10239     0.99812 0.000486231
3.16702    0.997719 0.000554582
3.23165    0.996707 0.000542482
3.29629     0.99604 0.000286332
3.36092    0.994829 0.000265416
3.42555    0.993673 0.000486997
3.49018    0.992931 0.000356487
3.55482    0.992666 0.000460728
3.61945    0.992231  0.00033775
3.68408    0.991236 0.000397646
3.74872    0.990783 0.000200178
3.81335    0.989947 0.000252469
3.87798    0.990127 0.000348875
3.94262    0.989899  0.00033699
4.00725    0.988901 0.000181131
4.07188    0.989187 0.000184626
4.13651    0.988502 0.000312112
4.20115    0.988412 0.000335248
4.26578    0.987966 0.000455142
4.33041    0.988104 0.000259164
4.39505    0.987699 0.000293031
4.45968    0.987639 0.000265384
4.52431    0.987198 0.000368773
4.58895    0.987395 0.000256047
4.65358    0.987309 0.000225407
4.71821    0.987337 0.000196877
4.78285    0.987042 0.000229546
4.84748    0.986635 0.000255899
4.91211    0.986849 0.000201315
4.97674    0.987016 0.000236633
5.04138    0.986408 0.000226023
5.10601    0.986927 0.000292265
5.17064    0.986307 0.000292411
5.23528    0.986259 0.000208607
5.29991    0.986342 0.000294407
5.36454     0.98635 0.000258212
5.42918    0.986103 0.000152413
5.49381    0.986387 0.000294857
5.55844    0.985927 0.000323028
5.62307    0.986251 0.000150937
5.68771    0.985965 0.000242094
5.75234    0.986184 0.000184799
5.81697    0.985913 0.000235205
5.88161    0.986317 0.000137141
5.94624    0.985615 0.000296589
6.01087    0.985641 0.000166243
6.07551    0.986116 0.000233802
6.14014    0.986128 0.000141644
6.20477    0.985875 0.000233186
6.2694    0.986018 0.000314318
6.33404    0.985503 0.000230412
6.39867    0.985706 0.000255348
