-8.44843   1.64091  2.685
-7.72091   5.23776  6.64153
-7.54561   6.12983  7.62281
-7.60061   5.85869  7.32456
-7.77554   4.93758  6.31134
-7.47491   6.44932  7.97425
-7.64393   5.6254  7.06794
-7.56199   6.04736  7.5321
-7.64176   5.64169  7.08586
-7.56348   6.02425  7.50668
-7.48141   6.42698  7.94967
-7.53391   6.14196  7.63616
-7.30738   7.30841  8.91925
-7.57735   5.91267  7.38394
-7.53237   6.14513  7.63965
-7.50126   6.32737  7.84011
-7.63063   5.64659  7.09125
-7.59856   5.83914  7.30305
-7.53994   6.15684  7.65252
-7.36621   7.0378  8.62158
-7.51113   6.25822  7.76404
-7.51693   6.27352  7.78087
-7.56924   5.99407  7.47347
-7.48166   6.39945  7.9194
-7.60031   5.83737  7.30111
-7.51532   6.30746  7.8182
-7.69113   5.39227  6.8115
-7.54502   6.11473  7.6062
-7.37528   6.9204  8.49244
-7.46198   6.54438  8.07882
-7.56983   5.95255  7.4278
-7.30457   7.36248  8.97873
-7.51007   6.30652  7.81717
-7.63024   5.66741  7.11415
-7.59468   5.83924  7.30316
-7.58835   5.84685  7.31153
-7.48133   6.46591  7.9925
-7.49185   6.36003  7.87604
-7.5443   6.14657  7.64122
-7.67599   5.46195  6.88815
-7.61868   5.7275  7.18025
-7.67845   5.43007  6.85307
-7.58971   5.88513  7.35364
-7.46201   6.60814  8.14896
-7.69016   5.37908  6.79698
-7.49952   6.37401  7.89141
-7.51362   6.24867  7.75353
-7.65669   5.53693  6.97062
-7.58962   5.87815  7.34596
-7.56078   6.04007  7.52408
-7.63046   5.71721  7.16893
-7.80646   4.81557  6.17712
-7.65134   5.55489  6.99038
-7.70853   5.31232  6.72356
-7.67097   5.53152  6.96467
-7.54912   6.11612  7.60773
-7.53086   6.20636  7.707
-7.51621   6.21221  7.71343
-7.60737   5.80233  7.26256
-7.56503   6.01741  7.49915
-7.49721   6.35763  7.87339
-7.60694   5.8307  7.29377
-7.64312   5.65325  7.09857
-7.64844   5.59463  7.03409
-7.58626   5.93794  7.41173
-7.63504   5.64367  7.08804
-7.65247   5.57022  7.00724
-7.5408   6.12147  7.61361
-7.61692   5.738  7.1918
-7.66788   5.46878  6.89566
-7.48948   6.37271  7.88998
-7.58092   5.95261  7.42787
-7.51488   6.26993  7.77692
-7.50389   6.32544  7.83798
-7.52628   6.22089  7.72298
-7.42153   6.72978  8.28276
-7.49936   6.33272  7.84599
-7.60802   5.77318  7.2305
-7.51982   6.20211  7.70232
-7.69515   5.33102  6.74412
-7.45601   6.57575  8.11333
-7.46406   6.51147  8.04261
-7.53611   6.1489  7.64379
-7.43217   6.7132  8.26452
-7.52131   6.25021  7.75523
-7.63009   5.63225  7.07547
-7.66294   5.51862  6.95048
-7.72869   5.16056  6.55662
-7.57681   5.96296  7.43925
-7.48384   6.45279  7.97807
-7.59303   5.87813  7.34594
-7.62196   5.67701  7.12471
-7.54234   6.11942  7.61137
-7.65515   5.52346  6.9558
-7.46374   6.50039  8.03043
-7.56109   6.03768  7.52145
-7.48333   6.50228  8.0325
-7.67778   5.40212  6.82234
-7.65321   5.5561  6.99172
-7.50934   6.3041  7.81451
-7.57958   5.95433  7.42976
-7.65267   5.56866  7.00553
-7.53302   6.19932  7.69925
-7.36789   7.00813  8.58894
-7.46908   6.4876  8.01636
-7.52793   6.20015  7.70016
-7.48848   6.41201  7.93321
-7.46686   6.50856  8.03942
-7.34875   7.06285  8.64914
-7.35178   7.0702  8.65722
-7.5309   6.14742  7.64216
-7.49824   6.36351  7.87986
-7.60354   5.8164  7.27804
-7.49463   6.33458  7.84804
-7.66549   5.52133  6.95347
-7.47226   6.48056  8.00862
-7.48579   6.47195  7.99914
-7.61504   5.7639  7.22029
-7.544   6.09583  7.58542
-7.62977   5.68678  7.13545
-7.42285   6.73197  8.28516
-7.58158   5.84915  7.31407
-7.54086   6.10041  7.59045
-7.32257   7.19169  8.79086
-7.4148   6.74889  8.30378
-7.59329   5.88658  7.35523
-7.57484   6.0067  7.48737
-7.59714   5.87901  7.34692
-7.46649   6.48004  8.00805
-7.30809   7.32625  8.93888
-7.42387   6.71215  8.26336
-7.4018   6.81006  8.37107
-7.37356   7.01418  8.59559
-7.4786   6.43306  7.95637
-7.65285   5.61174  7.05291
-7.55439   6.05346  7.53881
-7.44339   6.59734  8.13707
-7.54726   6.09644  7.58609
-7.47027   6.45906  7.98497
-7.41405   6.73644  8.29009
-7.52538   6.15913  7.65505
-7.49246   6.34682  7.8615
-7.55206   6.04761  7.53237
-7.49777   6.34427  7.8587
-7.65138   5.55283  6.98811
-7.57208   5.96622  7.44285
-7.66453   5.52092  6.95302
-7.58646   5.87408  7.34149
-7.54638   6.14192  7.63611
-7.5642   5.97237  7.4496
-7.54751   6.07352  7.56087
-7.47606   6.50472  8.03519
-7.56634   5.97078  7.44786
-7.64848   5.63368  7.07705
-7.58162   5.91513  7.38664
-7.46138   6.51599  8.04759
-7.43739   6.69653  8.24618
-7.49162   6.37274  7.89002
-7.46517   6.49093  8.02002
-7.52392   6.24546  7.75
-7.45297   6.56789  8.10468
-7.44261   6.57697  8.11467
-7.55619   6.03422  7.51764
-7.3341   7.21996  8.82196
-7.30902   7.32163  8.93379
-7.38069   6.9585  8.53435
-7.41341   6.75905  8.31496
-7.44956   6.59389  8.13328
-7.60193   5.87371  7.34108
-7.6142   5.78481  7.24329
-7.56276   6.0181  7.49991
-7.44474   6.60646  8.14711
-7.62829   5.67803  7.12583
-7.76176   5.01095  6.39205
-7.48309   6.44047  7.96452
-7.49908   6.32872  7.84159
-7.55732   6.06653  7.55318
-7.57997   5.95285  7.42813
-7.52632   6.18911  7.68802
-7.52559   6.23227  7.73549
-7.48322   6.4539  7.97929
-7.38091   6.91855  8.4904
-7.60268   5.7792  7.23712
-7.40623   6.76406  8.32046
-7.48906   6.32361  7.83598
-7.60552   5.8028  7.26308
-7.57015   5.9893  7.46823
-7.57821   5.89775  7.36752
-7.56004   6.0687  7.55557
-7.63021   5.67184  7.11902
-7.55569   6.04875  7.53363
-7.7837   4.92277  6.29505
-7.64003   5.5714  7.00854
-7.59283   5.88581  7.35439
-7.74467   5.10493  6.49542
-7.54049   6.12382  7.6162
-7.67795   5.44916  6.87407
-7.57799   5.90992  7.38091
-7.60371   5.8202  7.28222
-7.53916   6.12374  7.61612
-7.58075   5.92944  7.40239
-7.66804   5.4611  6.88721
-7.49833   6.36579  7.88237
-7.4724   6.46548  7.99203
-7.42497   6.70838  8.25922
-7.5   6.34502  7.85952
-7.49663   6.33766  7.85143
-7.60982   5.78685  7.24554
-7.47799   6.47371  8.00108
-7.74175   5.1101  6.50111
-7.53359   6.18722  7.68594
-7.55358   6.07265  7.55991
-7.3298   7.20622  8.80684
-7.46455   6.50811  8.03892
-7.4989   6.31138  7.82252
-7.50742   6.33339  7.84673
-7.55998   6.06039  7.54642
-7.67876   5.43104  6.85414
-7.50744   6.29894  7.80883
-7.47028   6.48686  8.01554
-7.58402   5.94181  7.41599
-7.68666   5.4121  6.83331
-7.62071   5.70448  7.15493
-7.716   5.24291  6.64721
-7.4567   6.54982  8.0848
-7.65966   5.54182  6.976
-7.50637   6.27329  7.78062
-7.47055   6.51999  8.05199
-7.33199   7.2152  8.81672
-7.44682   6.67803  8.22583
-7.57607   6.0197  7.50167
-7.47858   6.47365  8.00101
-7.50583   6.34038  7.85441
-7.62406   5.71083  7.16192
-7.55421   6.09834  7.58817
-7.53894   6.15414  7.64956
-7.75417   5.04076  6.42484
-7.54796   6.08887  7.57775
-7.51491   6.26463  7.7711
-7.52377   6.25081  7.7559
-7.4546   6.56113  8.09724
-7.58726   5.85676  7.32244
-7.45439   6.55338  8.08872
-7.49877   6.33748  7.85123
-7.69128   5.33396  6.74736
-7.42502   6.68604  8.23465
-7.54582   6.11571  7.60728
-7.67508   5.47589  6.90348
-7.59801   5.81596  7.27756
-7.65179   5.59183  7.03101
-7.54592   6.09745  7.5872
-7.53408   6.1834  7.68174
-7.61339   5.70266  7.15293
-7.5908   5.87171  7.33888
-7.53558   6.16607  7.66268
-7.46261   6.56518  8.10169
-7.51544   6.23204  7.73525
-7.64814   5.59296  7.03225
-7.48267   6.46955  7.9965
-7.61339   5.76697  7.22367
-7.58512   5.86617  7.33278
-7.52548   6.15489  7.65038
-7.62919   5.67433  7.12176
-7.56475   5.99664  7.47631
-7.39246   6.87426  8.44169
-7.51914   6.24492  7.74941
-7.5299   6.20967  7.71064
-7.64092   5.62902  7.07192
-7.72702   5.21319  6.61451
-7.54684   6.13736  7.6311
-7.62139   5.73037  7.1834
-7.53964   6.1174  7.60914
-7.60141   5.80524  7.26577
-7.52445   6.23135  7.73448
-7.4417   6.58856  8.12742
-7.60735   5.74774  7.20251
-7.48144   6.44289  7.96717
-7.50415   6.28284  7.79112
-7.29444   7.36343  8.97977
-7.53372   6.1556  7.65116
-7.46893   6.49109  8.02019
-7.47622   6.42309  7.9454
-7.39344   6.95054  8.52559
-7.32851   7.25255  8.85781
-7.42893   6.69998  8.24998
-7.53262   6.18076  7.67883
-7.56767   5.98633  7.46496
-7.42253   6.71517  8.26669
-7.45473   6.55256  8.08782
-7.55574   6.07133  7.55847
-7.57755   5.96168  7.43785
-7.4389   6.69489  8.24438
-7.39097   6.94364  8.518
-7.47415   6.44957  7.97453
-7.59752   5.80082  7.2609
-7.39176   6.90813  8.47894
-7.46203   6.55952  8.09547
-7.56575   5.96452  7.44097
-7.50566   6.35577  7.87135
-7.6351   5.69943  7.14937
-7.53816   6.14909  7.644
-7.63754   5.63779  7.08157
-7.72001   5.2365  6.64015
-7.56747   6.01119  7.49231
-7.53737   6.17418  7.6716
-7.48203   6.41029  7.93132
-7.41781   6.73622  8.28985
-7.45062   6.60051  8.14056
-7.55284   6.06753  7.55428
-7.46061   6.49663  8.02629
-7.41852   6.74894  8.30383
-7.48134   6.43826  7.96208
-7.59269   5.88471  7.35319
-7.4759   6.47271  7.99998
-7.42101   6.72988  8.28287
-7.41557   6.72308  8.27539
-7.41336   6.72535  8.27789
-7.48585   6.41119  7.9323
-7.55238   6.04742  7.53216
-7.57887   5.94485  7.41933
-7.53436   6.17462  7.67208
-7.44918   6.62932  8.17225
-7.51291   6.31349  7.82484
-7.62464   5.74256  7.19682
-7.53488   6.17084  7.66792
-7.4427   6.58646  8.12511
-7.57585   5.9915  7.47065
-7.55395   6.06342  7.54976
-7.54801   6.04508  7.52959
-7.53934   6.13441  7.62785
-7.55876   6.02871  7.51158
-7.60889   5.78529  7.24382
-7.6291   5.6878  7.13658
-7.6614   5.51125  6.94238
-7.5853   5.93939  7.41333
-7.60523   5.80645  7.2671
-7.60264   5.81793  7.27972
-7.60906   5.79795  7.25774
-7.48372   6.38465  7.90312
-7.5335   6.19562  7.69518
-7.72462   5.23035  6.63339
-7.75813   5.04645  6.4311
-7.62168   5.73002  7.18302
-7.51203   6.26345  7.76979
-7.57939   5.92606  7.39866
-7.74397   5.06631  6.45294
-7.65601   5.56874  7.00561
-7.63194   5.66475  7.11123
-7.73555   5.1757  6.57327
-7.68733   5.32603  6.73864
-7.54019   6.09519  7.58471
-7.58389   5.94272  7.41699
-7.43689   6.64491  8.1894
-7.458   6.5742  8.11162
-7.44369   6.58985  8.12883
-7.5034   6.32813  7.84095
-7.66907   5.51395  6.94535
-7.60343   5.8386  7.30246
-7.3304   7.1828  8.78108
-7.32591   7.27321  8.88053
-7.51713   6.27479  7.78227
-7.50055   6.30673  7.81741
-7.47698   6.45075  7.97582
-7.69303   5.3697  6.78667
-7.57503   6.00458  7.48503
-7.58663   5.93676  7.41044
-7.53736   6.18284  7.68112
-7.69956   5.32038  6.73242
-7.65609   5.53259  6.96585
-7.56452   6.05053  7.53559
-7.61616   5.78136  7.2395
-7.61534   5.7519  7.20709
-7.56162   6.00851  7.48936
-7.60731   5.82055  7.2826
-7.54516   6.09441  7.58385
-7.59644   5.86976  7.33674
-7.7415   5.10053  6.49059
-7.54138   6.1218  7.61397
-7.59061   5.88962  7.35858
-7.54856   6.06594  7.55253
-7.64461   5.58438  7.02281
-7.66673   5.46534  6.89187
-7.63663   5.6588  7.10468
-7.5236   6.22586  7.72845
-7.63252   5.68252  7.13077
-7.58294   5.95312  7.42843
-7.53738   6.15565  7.65121
-7.72911   5.16292  6.55921
-7.59255   5.82096  7.28306
-7.64134   5.65254  7.09779
-7.73635   5.22518  6.6277
-7.68594   5.43166  6.85483
-7.58886   5.88156  7.34972
-7.74332   5.12905  6.52195
-7.70276   5.32777  6.74054
-7.62388   5.74804  7.20284
-7.49359   6.34233  7.85657
-7.57978   5.91802  7.38982
-7.51352   6.26463  7.77109
-7.49373   6.33595  7.84955
-7.53543   6.19012  7.68914
-7.47558   6.49399  8.02339
-7.61784   5.7741  7.23152
-7.53408   6.13263  7.62589
-7.35782   7.02448  8.60693
-7.49392   6.31062  7.82168
-7.48994   6.40951  7.93047
-7.50268   6.29115  7.80026
-7.41778   6.75484  8.31033
-7.47322   6.4736  8.00097
-7.54714   6.05659  7.54225
-7.57499   5.97615  7.45376
-7.50653   6.3007  7.81077
-7.4153   6.83276  8.39603
-7.47788   6.51862  8.05048
-7.56762   6.02154  7.5037
-7.47176   6.53715  8.07086
-7.59341   5.88495  7.35345
-7.58533   5.94882  7.42371
-7.56083   6.04644  7.53108
-7.5909   5.82278  7.28506
-7.55337   6.03319  7.51651
-7.60694   5.77928  7.23721
-7.47083   6.54721  8.08193
-7.53822   6.15938  7.65532
-7.57535   5.92493  7.39743
-7.54885   6.13958  7.63354
-7.47721   6.49621  8.02584
-7.49532   6.33229  7.84552
-7.57713   5.91829  7.39012
-7.6737   5.50769  6.93846
-7.50627   6.30019  7.81021
-7.48702   6.37739  7.89513
-7.78827   4.90616  6.27678
-7.66085   5.55654  6.99219
-7.6368   5.67  7.117
-7.55932   6.04759  7.53235
-7.67674   5.43689  6.86057
-7.60761   5.81322  7.27454
-7.55045   6.1344  7.62784
-7.47883   6.45367  7.97904
-7.6653   5.45659  6.88225
-7.46505   6.51412  8.04553
-7.61117   5.80465  7.26511
-7.60244   5.7942  7.25362
-7.61224   5.76554  7.2221
-7.39051   6.84677  8.41144
-7.58504   5.87415  7.34157
-7.58504   5.88779  7.35656
-7.51786   6.2444  7.74884
-7.5588   6.03204  7.51525
-7.55717   6.04002  7.52402
-7.47123   6.46582  7.9924
-7.48399   6.38829  7.90712
-7.37833   6.93186  8.50505
-7.4495   6.56338  8.09971
-7.42438   6.71042  8.26146
-7.59071   5.84795  7.31275
-7.55134   6.06614  7.55276
-7.58058   5.94504  7.41955
-7.47198   6.48632  8.01495
-7.63164   5.69531  7.14484
-7.48384   6.39871  7.91858
-7.52867   6.23948  7.74342
-7.44817   6.61739  8.15913
-7.58244   5.94326  7.41758
-7.56259   5.99862  7.47848
-7.45692   6.52537  8.0579
-7.41276   6.72621  8.27884
-7.47387   6.50143  8.03157
-7.3053   7.35091  8.966
-7.40629   6.72885  8.28174
-7.47463   6.46838  7.99522
-7.56967   5.98808  7.46689
-7.45265   6.59622  8.13585
-7.56573   5.973  7.4503
-7.55051   6.10332  7.59366
-7.51512   6.24528  7.74981
-7.39794   6.80467  8.36514
-7.60472   5.83374  7.29712
-7.56587   6.04958  7.53453
-7.60862   5.80812  7.26893
-7.47605   6.4114  7.93254
-7.59274   5.86848  7.33533
-7.50397   6.37919  7.89711
-7.49169   6.35236  7.86759
-7.46395   6.54597  8.08056
-7.59761   5.83307  7.29638
-7.48811   6.41347  7.93481
-7.48611   6.41378  7.93515
-7.66617   5.48184  6.91003
-7.54065   6.14621  7.64084
-7.65661   5.54084  6.97492
-7.70127   5.32865  6.74152
-7.65658   5.52837  6.96121
-7.58744   5.9035  7.37385
-7.49751   6.30479  7.81527
-7.36431   6.9911  8.57021
-7.48458   6.41111  7.93222
-7.48893   6.39959  7.91955
-7.46962   6.46695  7.99365
-7.56246   6.04257  7.52683
-7.6956   5.33902  6.75292
-7.71502   5.2633  6.66963
-7.70846   5.3305  6.74355
-7.75706   5.06474  6.45121
-7.64104   5.60723  7.04795
-7.57794   5.92844  7.40128
-7.44909   6.54829  8.08312
-7.65326   5.61003  7.05103
-7.50534   6.32018  7.8322
-7.74653   5.07503  6.46253
-7.60843   5.79988  7.25986
-7.57172   5.9732  7.45051
-7.60872   5.77757  7.23533
-7.60467   5.8383  7.30213
-7.57856   5.95123  7.42635
-7.48974   6.40503  7.92554
-7.51182   6.30998  7.82097
-7.58057   5.92741  7.40015
-7.69586   5.33247  6.74572
-7.55537   6.04653  7.53118
-7.60295   5.79845  7.2583
-7.60321   5.84301  7.30731
-7.48175   6.36304  7.87935
-7.597   5.79383  7.25322
-7.58099   5.87858  7.34644
-7.59751   5.85431  7.31974
-7.71913   5.26913  6.67605
-7.6166   5.71927  7.17119
-7.55145   6.04846  7.53331
-7.63908   5.62437  7.06681
-7.49458   6.33024  7.84326
-7.74009   5.14127  6.5354
-7.60125   5.8088  7.26968
-7.5994   5.83599  7.29959
-7.45648   6.54651  8.08116
-7.46376   6.51488  8.04637
-7.55749   5.9899  7.46889
-7.4793   6.47393  8.00133
-7.50647   6.30308  7.81339
-7.61033   5.73151  7.18466
-7.53951   6.09145  7.5806
-7.44573   6.63401  8.17741
-7.4644   6.50228  8.0325
-7.56817   5.97831  7.45614
-7.41802   6.71587  8.26745
-7.45199   6.58889  8.12777
-7.62768   5.68989  7.13888
-7.50256   6.34692  7.86162
-7.59595   5.84902  7.31392
-7.56854   5.99888  7.47876
-7.5879   5.90466  7.37513
-7.55435   6.06643  7.55308
-7.35098   7.05895  8.64485
-7.43492   6.63486  8.17834
-7.44142   6.63439  8.17782
-7.6348   5.68994  7.13894
-7.60156   5.84897  7.31386
-7.73119   5.13173  6.5249
-7.55185   6.05847  7.54432
-7.58814   5.93707  7.41078
-7.50732   6.30572  7.81629
-7.39601   6.89011  8.45912
-7.4597   6.56431  8.10074
-7.63152   5.66517  7.11169
-7.65422   5.5683  7.00512
-7.5256   6.1462  7.64082
-7.54562   6.09853  7.58839
-7.59982   5.83856  7.30241
-7.41343   6.74789  8.30268
-7.40604   6.80326  8.36359
-7.48498   6.44263  7.9669
-7.52301   6.22197  7.72417
-7.72987   5.20988  6.61087
-7.54168   6.14516  7.63968
-7.54004   6.13119  7.6243
-7.45176   6.55757  8.09332
-7.59031   5.88473  7.3532
-7.46529   6.57333  8.11067
-7.54297   6.11043  7.60147
-7.47415   6.5124  8.04364
-7.64492   5.62767  7.07043
-7.48314   6.43565  7.95922
-7.67365   5.51199  6.94319
-7.63634   5.64572  7.09029
-7.57721   5.94847  7.42332
-7.49958   6.36734  7.88407
-7.65103   5.55116  6.98627
-7.50657   6.30162  7.81178
-7.55124   6.13189  7.62508
-7.58272   5.98387  7.46226
-7.62782   5.6676  7.11437
-7.49229   6.37064  7.8877
-7.48241   6.4195  7.94145
-7.50944   6.22884  7.73172
-7.62227   5.65793  7.10373
-7.54504   6.12088  7.61297
-7.58338   5.88557  7.35413
-7.59215   5.87983  7.34781
-7.54615   6.12381  7.61619
-7.5567   6.058  7.5438
-7.49706   6.34683  7.86151
-7.51151   6.28402  7.79243
-7.36192   7.00454  8.585
-7.43509   6.64502  8.18952
-7.53723   6.16004  7.65604
-7.67494   5.53024  6.96326
-7.58556   5.92194  7.39413
-7.63091   5.7243  7.17674
-7.73751   5.12637  6.51901
-7.5934   5.88314  7.35145
-7.61013   5.77667  7.23434
-7.43964   6.66432  8.21075
-7.62865   5.70981  7.16079
-7.58297   5.94721  7.42193
-7.53025   6.21926  7.72118
-7.62957   5.67829  7.12612
-7.41483   6.75704  8.31275
-7.33488   7.21857  8.82043
-7.44627   6.62203  8.16423
-7.41885   6.76803  8.32484
-7.42781   6.74148  8.29563
-7.47381   6.44043  7.96447
-7.53705   6.16624  7.66287
-7.67115   5.4207  6.84277
-7.52955   6.21251  7.71376
-7.53318   6.21059  7.71164
-7.47018   6.46048  7.98652
-7.61881   5.70922  7.16014
-7.51793   6.24458  7.74904
-7.39112   6.88321  8.45153
-7.49489   6.34749  7.86224
-7.46361   6.5081  8.03891
-7.52261   6.20281  7.70309
-7.54115   6.11859  7.61045
-7.59722   5.85291  7.3182
-7.45833   6.59733  8.13707
-7.64967   5.62328  7.06561
-7.42774   6.73066  8.28373
-7.39492   6.86535  8.43189
-7.51266   6.25697  7.76266
-7.56837   5.9836  7.46197
-7.60405   5.8213  7.28343
-7.70276   5.31687  6.72855
-7.60863   5.78293  7.24122
-7.61054   5.78564  7.24421
-7.58312   5.97666  7.45433
-7.6425   5.64221  7.08643
-7.57181   5.99515  7.47467
-7.54066   6.10901  7.59991
-7.45768   6.58047  8.11852
-7.57831   5.94015  7.41417
-7.45063   6.60777  8.14855
-7.47121   6.46827  7.99509
-7.63973   5.61667  7.05834
-7.48261   6.502  8.0322
-7.66789   5.48916  6.91808
-7.62607   5.70092  7.15101
-7.57017   5.9738  7.45119
-7.75015   5.0686  6.45547
-7.6554   5.53659  6.97025
-7.63586   5.65441  7.09985
-7.62375   5.71883  7.17071
-7.58373   5.88188  7.35007
-7.57488   5.963  7.4393
-7.65263   5.55162  6.98678
-7.69072   5.37263  6.78989
-7.66883   5.48016  6.90817
-7.61921   5.7168  7.16848
-7.55107   6.05052  7.53558
-7.53641   6.19098  7.69008
-7.56868   6.02406  7.50646
-7.63522   5.68559  7.13415
-7.38591   6.87591  8.4435
-7.61064   5.81111  7.27222
-7.66071   5.53121  6.96433
-7.47006   6.49557  8.02513
-7.50505   6.33394  7.84733
-7.46346   6.48534  8.01387
-7.57112   6.00402  7.48442
-7.40115   6.83117  8.39429
-7.45005   6.55931  8.09524
-7.34432   7.07738  8.66512
-7.62716   5.72428  7.17671
-7.46844   6.49828  8.02811
-7.43642   6.63364  8.17701
-7.33944   7.20316  8.80347
-7.50128   6.35465  7.87011
-7.54159   6.07902  7.56692
-7.57746   5.94636  7.421
-7.52897   6.22662  7.72928
-7.44836   6.57947  8.11742
-7.57994   5.92403  7.39644
-7.54638   6.10526  7.59579
-7.50479   6.3072  7.81792
-7.66181   5.51467  6.94614
-7.52026   6.23507  7.73858
-7.47469   6.53408  8.06749
-7.48794   6.41991  7.9419
-7.53631   6.10828  7.59911
-7.54983   6.12827  7.6211
-7.58497   5.90939  7.38033
-7.54269   6.12804  7.62085
-7.65725   5.52823  6.96105
-7.5631   6.01695  7.49865
-7.39389   6.8665  8.43315
-7.48712   6.41696  7.93866
-7.58916   5.88463  7.35309
-7.55161   6.07268  7.55994
-7.47485   6.4532  7.97852
-7.60001   5.84955  7.31451
-7.61654   5.76896  7.22585
-7.71378   5.22934  6.63228
-7.55091   6.04827  7.5331
-7.62601   5.72635  7.17899
-7.60488   5.80469  7.26516
-7.54326   6.1416  7.63576
-7.55208   6.06706  7.55377
-7.45035   6.53644  8.07008
-7.41424   6.71894  8.27084
-7.6241   5.66121  7.10733
-7.54027   6.11958  7.61154
-7.6725   5.44079  6.86487
-7.5791   5.91775  7.38952
-7.46985   6.47671  8.00438
-7.4609   6.53793  8.07172
-7.74231   5.10195  6.49215
-7.66475   5.50708  6.93778
-7.59161   5.86555  7.3321
-7.59524   5.83932  7.30325
-7.674   5.46352  6.88987
-7.66286   5.57979  7.01777
-7.61304   5.81195  7.27314
-7.52136   6.28347  7.79181
-7.61771   5.70599  7.15659
-7.59157   5.87159  7.33875
-7.61847   5.722  7.1742
-7.52937   6.15789  7.65368
-7.49853   6.34411  7.85853
-7.45401   6.55721  8.09294
-7.47654   6.46406  7.99047
-7.52769   6.20516  7.70567
-7.53728   6.11979  7.61176
-7.43709   6.59633  8.13596
-7.66792   5.45276  6.87804
-7.5233   6.20592  7.70651
-7.41813   6.77235  8.32958
-7.63206   5.66755  7.1143
-7.49036   6.39103  7.91013
-7.45218   6.56192  8.09811
-7.57345   5.91118  7.3823
-7.52507   6.20789  7.70868
-7.62228   5.72492  7.17742
-7.53536   6.12997  7.62297
-7.606   5.7715  7.22865
-7.63329   5.67087  7.11795
-7.51646   6.2333  7.73663
-7.6169   5.72808  7.18089
-7.64431   5.62027  7.0623
-7.55823   6.02067  7.50274
-7.71806   5.24617  6.65078
-7.76613   4.9893  6.36823
-7.65793   5.58336  7.0217
-7.51892   6.24762  7.75238
-7.60322   5.84862  7.31348
-7.58153   5.88592  7.35452
-7.60586   5.79581  7.25539
-7.62357   5.69496  7.14445
-7.59308   5.86742  7.33416
-7.54492   6.09097  7.58006
-7.56074   6.01726  7.49899
-7.69508   5.36018  6.7762
-7.52769   6.23317  7.73649
-7.65341   5.60205  7.04225
-7.76727   5.02717  6.40989
-7.54109   6.12583  7.61841
-7.57219   5.9584  7.43424
-7.47202   6.44571  7.97028
-7.47166   6.48135  8.00949
-7.64684   5.58363  7.02199
-7.57518   5.95191  7.4271
-7.59988   5.84263  7.30689
-7.75048   5.08753  6.47628
-7.76091   5.04939  6.43433
-7.55671   6.03872  7.5226
-7.61961   5.75967  7.21564
-7.56982   6.01031  7.49134
-7.55488   6.03806  7.52186
-7.5247   6.26942  7.77636
-7.62434   5.74354  7.19789
-7.56047   5.99537  7.47491
-7.64281   5.63645  7.0801
-7.53289   6.1542  7.64962
-7.4797   6.45363  7.979
-7.44042   6.62405  8.16645
-7.44729   6.58656  8.12521
-7.72832   5.15838  6.55422
-7.70976   5.22106  6.62316
-7.61728   5.78498  7.24348
-7.56487   6.04552  7.53008
-7.72623   5.18245  6.58069
-7.60723   5.81067  7.27174
-7.57283   5.97883  7.45671
-7.59934   5.80396  7.26436
-7.53265   6.18546  7.684
-7.44128   6.63276  8.17603
-7.66368   5.55623  6.99186
-7.57413   5.94964  7.4246
-7.50287   6.30906  7.81997
-7.61848   5.76979  7.22677
-7.49117   6.37315  7.89046
-7.53224   6.17397  7.67137
-7.43778   6.65299  8.19829
-7.40585   6.75376  8.30914
-7.62275   5.74612  7.20073
-7.38713   6.91137  8.48251
-7.41186   6.81645  8.37809
-7.74915   5.05556  6.44111
-7.67114   5.45634  6.88198
-7.48145   6.41557  7.93713
-7.60229   5.79813  7.25794
-7.61071   5.77625  7.23387
-7.58563   5.956  7.4316
-7.5213   6.27791  7.7857
-7.48369   6.47298  8.00028
-7.55327   6.0759  7.56349
-7.56819   5.95602  7.43163
-7.60361   5.85126  7.31638
-7.58876   5.91337  7.38471
-7.73258   5.15091  6.546
-7.63725   5.62615  7.06877
-7.65474   5.60229  7.04252
-7.64525   5.59671  7.03638
-7.65293   5.57997  7.01797
-7.70233   5.33315  6.74646
-7.58557   5.89267  7.36194
-7.53131   6.15535  7.65089
-7.6241   5.72401  7.17641
-7.44923   6.55734  8.09307
-7.53341   6.15696  7.65265
-7.48811   6.39384  7.91323
-7.57083   5.94673  7.4214
-7.51715   6.27708  7.78478
-7.52654   6.16974  7.66672
-7.51081   6.31264  7.8239
-7.68221   5.41808  6.83989
-7.54551   6.16024  7.65626
-7.66865   5.52547  6.95802
-7.63201   5.73308  7.18639
-7.65728   5.52128  6.95341
-7.58719   5.88324  7.35156
-7.50224   6.31992  7.83191
-7.48547   6.43197  7.95516
-7.44833   6.57588  8.11347
-7.47214   6.47018  7.9972
-7.62657   5.73035  7.18339
-7.63699   5.62057  7.06262
-7.58912   5.87755  7.3453
-7.57072   6.00595  7.48655
-7.51982   6.23683  7.74051
-7.53599   6.14779  7.64257
-7.58689   5.90738  7.37812
-7.58056   5.89238  7.36162
-7.54442   6.05059  7.53565
-7.57711   5.92602  7.39863
-7.5766   5.97044  7.44748
-7.51046   6.31271  7.82398
-7.41918   6.72727  8.28
-7.42008   6.77024  8.32726
-7.45728   6.53853  8.07238
-7.54754   6.10238  7.59262
-7.63866   5.62474  7.06722
-7.67645   5.45367  6.87903
-7.53228   6.17595  7.67355
-7.72419   5.20246  6.6027
-7.55894   6.03651  7.52016
-7.47726   6.44543  7.96998
-7.5772   5.97351  7.45086
-7.51065   6.31368  7.82504
-7.47468   6.42581  7.9484
-7.46425   6.48087  8.00896
-7.46583   6.52605  8.05866
-7.47597   6.45864  7.98451
-7.60506   5.85156  7.31672
-7.7184   5.22665  6.62932
-7.54103   6.12154  7.61369
-7.42917   6.70473  8.25521
-7.374   6.99335  8.57268
-7.64812   5.5868  7.02548
-7.45591   6.57829  8.11611
-7.54076   6.14054  7.6346
-7.63616   5.58413  7.02254
-7.44501   6.66447  8.21092
-7.51175   6.25096  7.75606
-7.41843   6.7682  8.32502
-7.57747   5.93732  7.41105
-7.41808   6.74101  8.29511
-7.5504   6.04972  7.53469
-7.5353   6.16649  7.66314
-7.59566   5.84875  7.31362
-7.64218   5.61566  7.05722
-7.54237   6.11785  7.60963
-7.6316   5.67193  7.11912
-7.7684   5.02979  6.41277
-7.63188   5.68163  7.12979
-7.57409   5.97457  7.45203
-7.51864   6.25511  7.76062
-7.4076   6.81718  8.3789
-7.61511   5.70726  7.15799
-7.65404   5.57551  7.01306
-7.45192   6.60153  8.14168
-7.64476   5.58492  7.02341
-7.51668   6.17645  7.6741
-7.52124   6.22676  7.72944
-7.49247   6.33311  7.84642
-7.48334   6.37068  7.88774
-7.53976   6.10438  7.59481
-7.57051   5.99206  7.47127
-7.51298   6.25513  7.76065
-7.70929   5.25946  6.66541
-7.63713   5.61531  7.05684
-7.52865   6.1742  7.67162
-7.54157   6.0732  7.56052
-7.60314   5.77954  7.2375
-7.60022   5.80254  7.2628
-7.41566   6.78473  8.3432
-7.53943   6.16156  7.65772
-7.46757   6.5159  8.04749
-7.44899   6.62512  8.16764
-7.51158   6.29915  7.80906
-7.45194   6.58788  8.12667
-7.46221   6.53337  8.0667
-7.42831   6.68981  8.23879
-7.55551   6.06674  7.55342
-7.55668   6.05597  7.54157
-7.62924   5.71372  7.16509
-7.61236   5.74975  7.20472
-7.54162   6.15738  7.65312
-7.56849   5.97567  7.45324
-7.51468   6.26155  7.7677
-7.61768   5.74547  7.20001
-7.38567   6.87966  8.44763
-7.47138   6.45465  7.98011
-7.49793   6.34085  7.85493
-7.3284   7.21489  8.81638
-7.41775   6.79981  8.35979
-7.53572   6.13701  7.63071
-7.48711   6.35266  7.86793
-7.62782   5.68673  7.13541
-7.54556   6.07846  7.56631
-7.51593   6.22302  7.72532
-7.49474   6.34673  7.8614
-7.5001   6.32003  7.83204
-7.45797   6.4981  8.02791
-7.53209   6.16237  7.65861
-7.66309   5.5249  6.95739
-7.58009   5.94698  7.42168
-7.62342   5.73423  7.18766
-7.73107   5.19842  6.59826
-7.66369   5.51958  6.95154
-7.48689   6.41133  7.93246
-7.48593   6.43084  7.95392
-7.61373   5.78164  7.23981
-7.5247   6.21538  7.71692
-7.56222   6.042  7.5262
-7.49868   6.36947  7.88642
-7.65409   5.59198  7.03117
-7.60449   5.80644  7.26709
-7.58528   5.9208  7.39288
-7.5258   6.16705  7.66376
-7.39412   6.89379  8.46317
-7.56096   6.03427  7.51769
-7.59765   5.84925  7.31417
-7.44032   6.63789  8.18168
-7.54993   6.07175  7.55892
-7.70694   5.25342  6.65877
-7.64583   5.52827  6.96109
-7.67097   5.50906  6.93996
-7.76767   4.99389  6.37327
-7.61915   5.75027  7.20529
-7.58401   5.92356  7.39591
-7.46261   6.50716  8.03787
-7.48658   6.42394  7.94634
-7.60842   5.79583  7.25541
-7.49947   6.31976  7.83174
-7.51307   6.28724  7.79597
-7.57112   5.96758  7.44433
-7.48737   6.38205  7.90025
-7.50737   6.27853  7.78638
-7.45048   6.53763  8.07139
-7.44761   6.6458  8.19038
-7.62546   5.73026  7.18329
-7.58342   5.92175  7.39392
-7.48197   6.41945  7.9414
-7.53754   6.16768  7.66444
-7.65659   5.55659  6.99225
-7.58273   5.86697  7.33367
-7.53453   6.16476  7.66124
-7.64072   5.58353  7.02188
-7.60293   5.82011  7.28212
-7.5226   6.24503  7.74953
-7.51903   6.28523  7.79376
-7.41901   6.76319  8.3195
-7.50399   6.32069  7.83276
-7.55464   6.03887  7.52275
-7.55933   6.05227  7.5375
-7.49882   6.34381  7.85819
-7.51753   6.26028  7.76631
-7.55198   6.10263  7.59289
-7.46488   6.46217  7.98839
-7.50307   6.3645  7.88095
-7.54789   6.10374  7.59411
-7.66433   5.50807  6.93888
-7.6082   5.80907  7.26998
-7.6848   5.44846  6.87331
-7.60621   5.80412  7.26453
-7.55526   6.07042  7.55746
-7.53543   6.19727  7.697
-7.58325   5.90899  7.37989
-7.52836   6.18055  7.67861
-7.60171   5.77275  7.23002
-7.55951   6.08009  7.5681
-7.5814   5.95849  7.43434
-7.61816   5.78447  7.24292
-7.45292   6.5746  8.11206
-7.70124   5.29462  6.70409
-7.42673   6.71117  8.26229
-7.56626   5.96879  7.44567
-7.65701   5.55921  6.99513
-7.57702   5.93607  7.40968
-7.6788   5.40623  6.82686
-7.59906   5.80787  7.26866
-7.62046   5.73407  7.18748
-7.55712   6.04469  7.52916
-7.64869   5.62656  7.06921
-7.5575   6.04447  7.52891
-7.67979   5.42684  6.84953
-7.62785   5.72395  7.17634
-7.37656   6.95084  8.52593
-7.67814   5.41171  6.83288
-7.76045   5.0299  6.41289
-7.65508   5.58568  7.02425
-7.68386   5.40871  6.82959
-7.37207   6.94732  8.52205
-7.62957   5.68275  7.13103
-7.61071   5.80783  7.26861
-7.64079   5.59442  7.03386
-7.49692   6.34696  7.86165
-7.51658   6.2531  7.75841
-7.78934   4.87908  6.24699
-7.58577   5.90009  7.3701
-7.55856   6.09555  7.58511
-7.60607   5.8016  7.26176
-7.60476   5.82508  7.28759
-7.48946   6.37651  7.89416
-7.31519   7.20311  8.80342
-7.70003   5.33553  6.74908
-7.48778   6.43177  7.95495
-7.60337   5.82331  7.28564
-7.5638   6.03572  7.51929
-7.53241   6.14355  7.63791
-7.49076   6.37526  7.89279
-7.47116   6.54262  8.07688
-7.43092   6.68004  8.22804
-7.56014   6.03979  7.52377
-7.51567   6.24766  7.75243
-7.533   6.17976  7.67774
-7.60219   5.85031  7.31534
-7.64825   5.59803  7.03784
-7.47978   6.47931  8.00724
-7.62625   5.70503  7.15554
-7.61164   5.76701  7.22371
-7.62501   5.67475  7.12223
-7.57071   5.98275  7.46102
-7.44962   6.57937  8.11731
-7.45997   6.57896  8.11685
-7.46915   6.48602  8.01462
-7.41462   6.73182  8.285
-7.49802   6.40178  7.92196
-7.62366   5.74483  7.19932
-7.62318   5.73296  7.18625
-7.59613   5.85112  7.31623
-7.38516   6.93871  8.51258
-7.68051   5.41925  6.84118
-7.54193   6.17222  7.66945
-7.50764   6.30906  7.81997
-7.52231   6.28192  7.79011
-7.50618   6.37671  7.89438
-7.48879   6.4183  7.94013
-7.54302   6.13588  7.62947
-7.6847   5.41109  6.83219
-7.62959   5.6557  7.10127
-7.58885   5.89081  7.35989
-7.63309   5.6468  7.09148
-7.63218   5.67281  7.12009
-7.52357   6.24068  7.74475
-7.41569   6.71354  8.26489
-7.5754   5.97366  7.45103
-7.45864   6.50414  8.03456
-7.52779   6.19022  7.68924
-7.67201   5.45278  6.87806
-7.6029   5.76507  7.22158
-7.61859   5.71479  7.16627
-7.56224   6.07271  7.55998
-7.52153   6.20591  7.7065
-7.52519   6.20974  7.71072
-7.55221   6.02513  7.50764
-7.36936   7.02024  8.60226
-7.61399   5.77139  7.22853
-7.67593   5.40372  6.8241
-7.47946   6.4515  7.97665
-7.67677   5.4509  6.87599
-7.6091   5.7479  7.20269
-7.61695   5.75273  7.208
-7.73613   5.17184  6.56903
-7.54237   6.11938  7.61132
-7.50854   6.28541  7.79395
-7.51121   6.26644  7.77308
-7.5965   5.86308  7.32939
-7.67335   5.43906  6.86297
-7.60521   5.78345  7.2418
-7.52667   6.1445  7.63895
-7.42211   6.71695  8.26864
-7.50946   6.28935  7.79828
-7.72809   5.18338  6.58172
-7.53939   6.10483  7.59531
-7.43711   6.66588  8.21247
-7.53609   6.12666  7.61933
-7.5759   5.93678  7.41046
-7.60477   5.78082  7.2389
-7.64522   5.60104  7.04114
-7.48847   6.38888  7.90776
-7.5541   6.09404  7.58344
-7.6692   5.47935  6.90728
-7.51875   6.25423  7.75966
-7.60114   5.86326  7.32959
-7.56875   6.01743  7.49918
-7.56127   6.02516  7.50767
-7.48877   6.36151  7.87766
-7.65044   5.59704  7.03675
-7.49923   6.39004  7.90904
-7.40869   6.82029  8.38232
-7.43308   6.67331  8.22064
-7.49224   6.41302  7.93432
-7.48859   6.4221  7.94431
-7.58748   5.88815  7.35696
-7.55544   6.07968  7.56764
-7.67491   5.49612  6.92574
-7.54495   6.12326  7.61558
-7.45223   6.56307  8.09937
-7.46272   6.54897  8.08387
-7.56922   6.0147  7.49617
-7.50642   6.30795  7.81874
-7.53823   6.16611  7.66272
-7.58609   5.92788  7.40067
-7.61072   5.83678  7.30046
-7.62997   5.6836  7.13196
-7.52993   6.20112  7.70123
-7.60052   5.8527  7.31797
-7.62511   5.62626  7.06889
-7.56866   6.01568  7.49725
-7.51209   6.25789  7.76368
-7.53941   6.13356  7.62691
-7.34222   7.11511  8.70662
-7.57225   6.01293  7.49422
-7.39197   6.87323  8.44055
-7.51391   6.25627  7.7619
-7.45413   6.54274  8.07702
-7.56032   6.0264  7.50905
-7.43406   6.66858  8.21544
-7.51223   6.25564  7.76121
-7.66688   5.4779  6.90569
-7.61291   5.76799  7.22479
-7.55661   6.09875  7.58863
-7.49555   6.39012  7.90914
-7.57406   5.98292  7.46121
-7.57538   5.9696  7.44656
-7.4205   6.76481  8.32129
-7.42664   6.72701  8.27971
-7.40062   6.8583  8.42413
-7.49013   6.36262  7.87888
-7.58372   5.91507  7.38657
-7.45946   6.5177  8.04947
-7.42558   6.69509  8.2446
-7.45986   6.54498  8.07948
-7.53354   6.13991  7.6339
-7.46789   6.48274  8.01102
-7.42493   6.71583  8.26741
-7.51787   6.21211  7.71332
-7.51101   6.26252  7.76878
-7.48743   6.37825  7.89607
-7.53575   6.14475  7.63922
-7.60033   5.82965  7.29262
-7.51055   6.28601  7.79461
-7.41947   6.76309  8.3194
-7.64457   5.59623  7.03585
-7.45257   6.59408  8.13349
-7.32005   7.24671  8.85139
-7.35961   7.05854  8.6444
-7.4524   6.61437  8.1558
-7.56756   5.98866  7.46753
-7.55558   6.06607  7.55268
-7.65245   5.53072  6.96379
-7.64746   5.61857  7.06043
-7.56538   6.03434  7.51777
-7.52015   6.22591  7.7285
-7.45832   6.54044  8.07448
-7.68568   5.40107  6.82118
-7.68903   5.37235  6.78959
-7.67748   5.4221  6.84431
-7.58414   5.93955  7.41351
-7.54204   6.19389  7.69328
-7.6073   5.7734  7.23074
-7.5757   5.94287  7.41716
-7.52842   6.26091  7.767
-7.56829   5.99549  7.47504
-7.61861   5.75309  7.2084
-7.60045   5.80938  7.27031
-7.55579   6.094  7.5834
-7.40498   6.82312  8.38543
-7.49602   6.38242  7.90066
-7.41767   6.77957  8.33753
-7.37962   6.93871  8.51258
-7.61069   5.77474  7.23222
-7.56503   6.00033  7.48036
-7.50873   6.32137  7.8335
-7.50266   6.34914  7.86405
-7.69414   5.34454  6.75899
-7.5406   6.10615  7.59677
-7.43885   6.62272  8.16499
-7.58648   5.89115  7.36027
-7.39051   6.86852  8.43537
-7.54267   6.09116  7.58028
-7.59049   5.89604  7.36565
-7.56021   6.01016  7.49118
-7.57047   6.04778  7.53256
-7.49649   6.34625  7.86087
-7.51377   6.22205  7.72425
-7.47365   6.5026  8.03286
-7.50802   6.30786  7.81865
-7.6175   5.74323  7.19755
-7.63167   5.61984  7.06183
-7.56922   5.97889  7.45678
-7.53969   6.14082  7.6349
-7.51026   6.21796  7.71976
-7.53024   6.1631  7.65941
-7.52586   6.23706  7.74076
-7.60654   5.76982  7.2268
-7.48875   6.3928  7.91208
-7.54451   6.11684  7.60852
-7.57078   5.96059  7.43665
-7.4452   6.62728  8.17001
-7.57771   5.94649  7.42114
-7.67717   5.42591  6.8485
-7.5379   6.07562  7.56318
-7.58964   5.8372  7.30092
-7.5904   5.86002  7.32603
-7.61026   5.75599  7.21159
-7.45735   6.45837  7.9842
-7.50068   6.30141  7.81155
-7.54223   6.14605  7.64066
-7.48847   6.42094  7.94303
-7.40204   6.74764  8.3024
-7.49851   6.37283  7.89012
-7.54368   6.06701  7.55371
-7.57643   5.90829  7.37912
-7.60822   5.80211  7.26232
-7.52167   6.21541  7.71695
-7.51495   6.27332  7.78065
-7.52969   6.19176  7.69094
-7.54209   6.14527  7.6398
-7.61779   5.7375  7.19125
-7.48064   6.39292  7.91221
-7.52513   6.18966  7.68862
-7.39266   6.92567  8.49824
-7.47322   6.42515  7.94767
-7.49899   6.28838  7.79722
-7.55587   6.05073  7.53581
-7.54262   6.11998  7.61197
-7.7059   5.26646  6.67311
-7.48513   6.41304  7.93435
-7.64586   5.61255  7.0538
-7.60156   5.83071  7.29378
-7.63661   5.67465  7.12212
-7.54564   6.16573  7.66231
-7.40934   6.78368  8.34205
-7.58245   5.97219  7.44941
-7.47844   6.49862  8.02849
-7.45673   6.59728  8.13701
-7.58038   5.92938  7.40231
-7.556   6.03605  7.51966
-7.47213   6.42939  7.95233
-7.53051   6.16209  7.6583
-7.6084   5.77865  7.23652
-7.72174   5.21522  6.61674
-7.72691   5.1912  6.59032
-7.64951   5.57715  7.01487
-7.56689   6.02341  7.50575
-7.47884   6.43747  7.96122
-7.61987   5.73957  7.19353
-7.53431   6.15092  7.64601
-7.50397   6.29952  7.80947
-7.50104   6.34387  7.85826
-7.57932   5.97076  7.44783
-7.54999   6.08756  7.57632
-7.60538   5.82466  7.28712
-7.65732   5.52944  6.96238
-7.55145   6.079  7.5669
-7.64481   5.62948  7.07243
-7.73694   5.14043  6.53447
-7.60334   5.82267  7.28494
-7.43099   6.73461  8.28807
-7.47095   6.4768  8.00448
-7.38728   6.89679  8.46646
-7.64816   5.60969  7.05066
-7.68255   5.41623  6.83785
-7.62992   5.65145  7.09659
-7.58086   5.90091  7.371
-7.56378   6.00189  7.48208
-7.66675   5.46627  6.8929
-7.44167   6.65064  8.1957
-7.61705   5.7917  7.25087
-7.60223   5.88293  7.35122
-7.45722   6.62516  8.16767
-7.63267   5.65433  7.09976
-7.65123   5.60894  7.04983
-7.6249   5.70642  7.15706
-7.42806   6.69947  8.24942
-7.4685   6.51845  8.0503
-7.49174   6.39591  7.9155
-7.57747   5.92515  7.39766
-7.56485   5.98436  7.46279
-7.60908   5.77035  7.22739
-7.58693   5.93475  7.40822
-7.4304   6.69074  8.23982
-7.58484   5.87311  7.34042
-7.51874   6.25183  7.75702
-7.63212   5.693  7.1423
-7.55239   6.08488  7.57337
-7.50481   6.34732  7.86205
-7.50041   6.34903  7.86393
-7.48635   6.36612  7.88273
-7.55525   6.02694  7.50964
-7.51135   6.28808  7.79689
-7.63302   5.65387  7.09926
-7.60621   5.78004  7.23805
-7.31618   7.30806  8.91887
-7.58985   5.85798  7.32378
-7.58999   5.90724  7.37797
-7.69882   5.35  6.765
-7.61865   5.67507  7.12258
-7.55024   6.06537  7.55191
-7.45409   6.59568  8.13525
-7.58951   5.8483  7.31312
-7.6773   5.41312  6.83444
-7.55892   6.03889  7.52278
-7.68633   5.42787  6.85066
-7.62833   5.67835  7.12618
-7.62716   5.66289  7.10918
-7.40726   6.80906  8.36996
-7.54803   6.12069  7.61275
-7.50763   6.28014  7.78816
-7.56077   6.00938  7.49032
-7.65758   5.56533  7.00186
-7.34564   7.06904  8.65595
-7.45017   6.61438  8.15582
-7.31394   7.2952  8.90472
-7.37854   6.91152  8.48267
-7.52212   6.19219  7.69141
-7.4768   6.46325  7.98957
-7.60878   5.80206  7.26227
-7.6738   5.48913  6.91805
-7.46488   6.52989  8.06287
-7.54156   6.11336  7.6047
-7.45791   6.52133  8.05346
-7.70476   5.33788  6.75166
-7.51993   6.22706  7.72977
-7.44116   6.6476  8.19236
-7.62096   5.77482  7.2323
-7.42376   6.7393  8.29323
-7.44686   6.60803  8.14883
-7.5953   5.85228  7.31751
-7.56944   6.00727  7.488
-7.54613   6.12611  7.61872
-7.55029   6.09179  7.58097
-7.50071   6.35712  7.87283
-7.49263   6.40148  7.92162
-7.61811   5.70728  7.15801
-7.57018   5.96118  7.4373
-7.58975   5.86817  7.33498
-7.54923   6.07268  7.55995
-7.61983   5.75048  7.20553
-7.50735   6.33467  7.84814
-7.41146   6.80067  8.36073
-7.42224   6.72388  8.27627
-7.5084   6.26422  7.77064
-7.67723   5.41179  6.83297
-7.54988   6.05252  7.53777
-7.64759   5.56137  6.99751
-7.54962   6.06932  7.55625
-7.63352   5.67411  7.12153
-7.61382   5.782  7.2402
-7.69532   5.32565  6.73822
-7.59835   5.82216  7.28438
-7.67159   5.47887  6.90676
-7.6161   5.70786  7.15864
-7.64013   5.63549  7.07904
-7.50378   6.34354  7.85789
-7.6205   5.66055  7.10661
-7.62557   5.69585  7.14544
-7.52359   6.25191  7.7571
-7.66647   5.46819  6.895
-7.63359   5.679  7.1269
-7.53281   6.16287  7.65915
-7.57173   5.9862  7.46482
-7.50376   6.30037  7.8104
-7.3489   7.09126  8.68039
-7.56034   5.99208  7.47129
-7.40604   6.82149  8.38363
-7.551   6.09391  7.5833
-7.45522   6.57289  8.11018
-7.53961   6.16286  7.65914
-7.54431   6.12929  7.62222
-7.47112   6.46951  7.99646
-7.4815   6.42144  7.94359
-7.42756   6.71663  8.2683
-7.58369   5.9259  7.39849
-7.42589   6.77153  8.32868
-7.41419   6.82285  8.38514
-7.45372   6.54182  8.076
-7.57619   5.94377  7.41815
-7.60985   5.75099  7.20608
-7.59535   5.84994  7.31494
-7.62299   5.71409  7.1655
-7.62439   5.73149  7.18464
-7.49153   6.38142  7.89956
-7.51554   6.22738  7.73012
-7.55169   6.08904  7.57794
-7.51001   6.30657  7.81723
-7.41218   6.79145  8.35059
-7.604   5.84962  7.31458
-7.65208   5.59366  7.03302
-7.53134   6.17812  7.67594
-7.60871   5.81156  7.27271
-7.57483   5.94888  7.42377
-7.46885   6.49803  8.02783
-7.45244   6.55044  8.08549
-7.46441   6.50639  8.03703
-7.51043   6.31462  7.82609
-7.56004   6.00206  7.48227
-7.65519   5.51896  6.95086
-7.62247   5.72556  7.17812
-7.43824   6.71843  8.27027
-7.40326   6.80698  8.36768
-7.60807   5.80993  7.27092
-7.63764   5.66112  7.10723
-7.67469   5.46889  6.89578
-7.54279   6.14462  7.63908
-7.45342   6.54574  8.08031
-7.46671   6.51785  8.04963
-7.47378   6.48208  8.01029
-7.52156   6.23805  7.74185
-7.54561   6.11278  7.60406
-7.72876   5.15067  6.54574
-7.6378   5.64445  7.08889
-7.70276   5.27413  6.68154
-7.69212   5.35661  6.77227
-7.48526   6.48524  8.01376
-7.5048   6.26208  7.76829
-7.29725   7.34667  8.96134
-7.47446   6.48708  8.01578
-7.31953   7.22617  8.82879
-7.46842   6.50967  8.04064
-7.42901   6.7027  8.25297
-7.65547   5.56661  7.00327
-7.59222   5.86687  7.33356
-7.66578   5.50622  6.93684
-7.64128   5.62167  7.06384
-7.72319   5.24813  6.65294
-7.54553   6.17915  7.67706
-7.507   6.34753  7.86228
-7.42507   6.73115  8.28427
-7.6291   5.69273  7.142
-7.43558   6.67448  8.22193
-7.41598   6.78427  8.3427
-7.54487   6.11785  7.60963
-7.46694   6.56797  8.10477
-7.57017   5.96624  7.44286
-7.54467   6.09327  7.5826
-7.61493   5.76062  7.21669
-7.50298   6.28683  7.79551
-7.60636   5.83155  7.29471
-7.63412   5.64421  7.08863
-7.52172   6.24994  7.75494
-7.47788   6.46529  7.99182
-7.67295   5.44334  6.86767
-7.62052   5.75562  7.21118
-7.68611   5.43142  6.85456
-7.67621   5.45612  6.88173
-7.58337   5.92989  7.40288
-7.66336   5.55474  6.99022
-7.48194   6.43411  7.95752
-7.41176   6.81691  8.3786
-7.53234   6.14323  7.63755
-7.60956   5.78462  7.24308
-7.63892   5.6604  7.10644
-7.59639   5.86461  7.33108
-7.5337   6.16207  7.65827
-7.52867   6.2795  7.78745
-7.6097   5.78748  7.24623
-7.62363   5.70103  7.15113
-7.50119   6.30015  7.81017
-7.60397   5.80714  7.26785
-7.41049   6.86301  8.42931
-7.50831   6.25562  7.76118
-7.5031   6.33525  7.84877
-7.50526   6.31346  7.82481
-7.67637   5.46649  6.89314
-7.53168   6.18941  7.68835
-7.56044   5.99982  7.4798
-7.52074   6.24518  7.74969
-7.81057   4.78604  6.14464
-7.51243   6.33471  7.84818
-7.69922   5.3519  6.76709
-7.6759   5.45286  6.87815
-7.55169   6.05661  7.54227
-7.57875   5.90052  7.37057
-7.53692   6.14924  7.64416
-7.4851   6.46672  7.99339
-7.5037   6.31597  7.82756
-7.55055   6.10527  7.5958
-7.3841   6.90443  8.47487
-7.45089   6.62668  8.16935
-7.42951   6.74098  8.29508
-7.56256   5.9604  7.43644
-7.47857   6.40707  7.92777
-7.6486   5.59787  7.03766
-7.4496   6.58938  8.12832
-7.45633   6.5738  8.11118
-7.56442   6.00919  7.49011
-7.60082   5.80671  7.26738
-7.52679   6.16079  7.65687
-7.49492   6.29774  7.80752
-7.57485   5.95024  7.42527
-7.64347   5.61457  7.05603
-7.42154   6.69908  8.24899
-7.70396   5.35326  6.76859
-7.70379   5.31707  6.72877
-7.73383   5.18098  6.57908
-7.58133   5.91997  7.39197
-7.65621   5.52587  6.95846
-7.60417   5.87805  7.34585
-7.60865   5.77886  7.23674
-7.62008   5.71649  7.16813
-7.578   5.95683  7.43251
-7.58616   5.90775  7.37852
-7.6317   5.66376  7.11014
-7.49199   6.40005  7.92005
-7.74776   5.10229  6.49252
-7.50256   6.36392  7.88031
-7.57164   5.96986  7.44684
-7.58446   5.93463  7.40809
-7.6108   5.73973  7.19371
-7.5978   5.80032  7.26035
-7.60328   5.79295  7.25225
-7.42606   6.69882  8.2487
-7.42487   6.72365  8.27601
-7.49069   6.37101  7.88811
-7.39388   6.85621  8.42183
-7.46083   6.55166  8.08683
-7.59576   5.8931  7.36242
-7.51757   6.33071  7.84379
-7.57007   6.02759  7.51035
-7.54063   6.15081  7.64589
-7.57958   5.92088  7.39297
-7.58987   5.89703  7.36674
-7.48619   6.35009  7.8651
-7.53602   6.16809  7.66489
-7.56215   6.02194  7.50413
-7.60093   5.83035  7.29339
-7.58451   5.94473  7.4192
-7.63349   5.67671  7.12438
-7.53229   6.1654  7.66194
-7.71267   5.23892  6.64281
-7.6686   5.45286  6.87815
-7.52568   6.18518  7.6837
-7.5815   5.89508  7.36458
-7.50258   6.33548  7.84903
-7.32284   7.2311  8.83421
-7.39446   6.82465  8.38711
-7.41196   6.79033  8.34936
-7.79697   4.82719  6.18991
-7.50541   6.27532  7.78286
-7.54645   6.09227  7.5815
-7.30137   7.27227  8.87949
-7.46312   6.52665  8.05932
-7.44882   6.5518  8.08698
-7.44859   6.63161  8.17477
-7.55594   6.05347  7.53881
-7.62353   5.71791  7.1697
-7.53325   6.16628  7.6629
-7.48898   6.36221  7.87843
-7.50225   6.31121  7.82234
-7.45377   6.5398  8.07378
-7.43775   6.644  8.1884
-7.44429   6.57301  8.11031
-7.58938   5.90423  7.37465
-7.71704   5.23989  6.64388
-7.65369   5.57373  7.0111
-7.66717   5.5194  6.95134
-7.62411   5.69698  7.14668
-7.67477   5.4469  6.87159
-7.49506   6.37343  7.89078
-7.68802   5.3691  6.78601
-7.47905   6.41196  7.93316
-7.34701   7.14192  8.73611
-7.49591   6.31296  7.82426
-7.47195   6.47891  8.0068
-7.48405   6.41822  7.94004
-7.44933   6.59342  8.13276
-7.45412   6.55613  8.09174
-7.44885   6.54291  8.0772
-7.56929   5.98682  7.4655
-7.58743   5.9318  7.40498
-7.58265   5.94651  7.42116
-7.65217   5.56978  7.00676
-7.58924   5.88527  7.35379
-7.60155   5.82154  7.2837
-7.68664   5.41574  6.83732
-7.57645   5.96527  7.4418
-7.70232   5.31599  6.72758
-7.62535   5.71461  7.16607
-7.43967   6.60895  8.14984
-7.50531   6.27745  7.78519
-7.56002   6.01491  7.4964
-7.64839   5.62028  7.06231
-7.56473   6.02027  7.5023
-7.75254   5.04416  6.42858
-7.69369   5.37803  6.79583
-7.48192   6.43825  7.96208
-7.57452   5.96018  7.43619
-7.45495   6.49272  8.02199
-7.37763   6.93584  8.50942
-7.35483   7.1507  8.74577
-7.35192   7.11493  8.70642
-7.64954   5.58535  7.02389
-7.63559   5.69069  7.13976
-7.66374   5.51287  6.94416
-7.71739   5.23641  6.64005
-7.66627   5.50321  6.93353
-7.39435   6.93427  8.50769
-7.53861   6.13124  7.62437
-7.55329   6.0538  7.53918
-7.63594   5.68643  7.13507
-7.48262   6.39711  7.91682
-7.59317   5.87709  7.3448
-7.66876   5.46372  6.89009
-7.57776   5.99529  7.47482
-7.60701   5.77385  7.23123
-7.48617   6.39033  7.90936
-7.5463   6.07184  7.55903
-7.71539   5.22857  6.63143
-7.484   6.45221  7.97743
-7.53756   6.13189  7.62508
-7.57797   5.95313  7.42845
-7.46221   6.50297  8.03327
-7.51741   6.25164  7.7568
-7.55092   6.04285  7.52713
-7.42224   6.75336  8.3087
-7.51274   6.2559  7.76149
-7.50127   6.32605  7.83866
-7.49814   6.32425  7.83668
-7.50892   6.28537  7.79391
-7.4774   6.43692  7.96062
-7.63595   5.62396  7.06636
-7.55292   6.05414  7.53955
-7.50805   6.32329  7.83561
-7.56659   5.98934  7.46827
-7.56001   6.00597  7.48657
-7.54059   6.1298  7.62278
-7.63311   5.67367  7.12104
-7.45893   6.51893  8.05083
-7.54668   6.07717  7.56489
-7.58568   5.91034  7.38138
-7.65301   5.55254  6.9878
-7.42227   6.75882  8.3147
-7.64706   5.61512  7.05664
-7.58695   5.89504  7.36455
-7.60886   5.7926  7.25186
-7.37786   7.00047  8.58052
-7.3713   7.02462  8.60709
-7.47865   6.43578  7.95936
-7.41494   6.7735  8.33085
-7.54018   6.15709  7.6528
-7.46063   6.54923  8.08416
-7.48174   6.49358  8.02294
-7.59841   5.79851  7.25836
-7.49774   6.38299  7.90129
-7.55268   6.02249  7.50474
-7.70297   5.31237  6.72361
-7.75209   5.03658  6.42024
-7.5639   5.98464  7.4631
-7.5215   6.20793  7.70872
-7.61603   5.77237  7.22961
-7.43457   6.70591  8.2565
-7.44458   6.61196  8.15316
-7.69991   5.30259  6.71285
-7.56862   5.93007  7.40308
-7.48945   6.38076  7.89883
-7.46337   6.50404  8.03444
-7.69179   5.37419  6.79161
-7.46767   6.52309  8.0554
-7.64596   5.59313  7.03244
-7.39737   6.88123  8.44936
-7.52195   6.2643  7.77073
-7.5448   6.12707  7.61978
-7.61633   5.7478  7.20258
-7.56864   5.97987  7.45785
-7.53769   6.11735  7.60909
-7.51996   6.22025  7.72228
-7.65789   5.55791  6.9937
-7.54126   6.12648  7.61913
-7.61198   5.80265  7.26292
-7.61839   5.73471  7.18818
-7.54008   6.15113  7.64625
-7.67007   5.51725  6.94897
-7.58475   5.89834  7.36818
-7.46572   6.50846  8.03931
-7.56191   6.07262  7.55989
-7.54737   6.12353  7.61588
-7.64714   5.61984  7.06183
-7.61584   5.74142  7.19556
-7.67978   5.45918  6.88509
-7.53059   6.22217  7.72439
-7.55475   6.03387  7.51726
-7.52346   6.21219  7.71341
-7.54922   6.09107  7.58018
-7.4775   6.47691  8.00461
-7.60953   5.75591  7.2115
-7.65667   5.49499  6.92449
-7.65457   5.53173  6.96491
-7.51001   6.22792  7.73072
-7.49105   6.34148  7.85563
-7.47694   6.43431  7.95774
-7.55707   6.04168  7.52585
-7.60687   5.7918  7.25098
-7.63928   5.6527  7.09797
-7.54589   6.14241  7.63665
-7.45785   6.59772  8.13749
-7.52578   6.18833  7.68717
-7.50642   6.28687  7.79556
-7.42838   6.69498  8.24448
-7.40782   6.79219  8.35141
-7.55211   6.03089  7.51398
-7.48833   6.41873  7.9406
-7.52277   6.205  7.7055
-7.59648   5.81838  7.28022
-7.68481   5.40572  6.82629
-7.65554   5.55363  6.989
-7.59332   5.84  7.304
-7.52803   6.15815  7.65396
-7.54775   6.04857  7.53342
-7.49457   6.32281  7.83509
-7.57697   5.98032  7.45835
-7.54192   6.07873  7.5666
-7.67577   5.43684  6.86052
-7.65326   5.55995  6.99594
-7.63364   5.65996  7.10596
-7.62695   5.66689  7.11358
-7.70546   5.29333  6.70267
-7.61255   5.78739  7.24613
-7.49115   6.30509  7.8156
-7.4172   6.68806  8.23686
-7.53097   6.15556  7.65112
-7.42211   6.79943  8.35938
-7.46823   6.50842  8.03926
-7.51265   6.27452  7.78197
-7.43305   6.67394  8.22133
-7.55908   6.06449  7.55094
-7.58631   5.90176  7.37194
-7.65746   5.60617  7.04679
-7.58621   5.98703  7.46573
-7.63678   5.66738  7.11412
-7.45773   6.54969  8.08466
-7.44587   6.65626  8.20189
-7.54672   6.12833  7.62116
-7.60721   5.8083  7.26913
-7.54961   6.09676  7.58643
-7.58859   5.863  7.3293
-7.51158   6.27593  7.78353
-7.40989   6.80589  8.36648
-7.60143   5.85219  7.31741
-7.4906   6.41318  7.9345
-7.47644   6.47611  8.00373
-7.60796   5.78608  7.24468
-7.61736   5.71582  7.1674
-7.64903   5.5643  7.00073
-7.51229   6.25602  7.76162
-7.48514   6.41104  7.93214
-7.67737   5.42326  6.84558
-7.53514   6.16071  7.65678
-7.55917   6.07439  7.56183
-7.66278   5.50049  6.93054
-7.52937   6.14542  7.63996
-7.58414   5.95068  7.42574
-7.7015   5.30281  6.7131
-7.57613   5.91387  7.38525
-7.55826   6.02678  7.50945
-7.52938   6.14686  7.64155
-7.51187   6.22613  7.72874
-7.45346   6.5793  8.11723
-7.59188   5.82742  7.29017
-7.61485   5.71733  7.16906
-7.47573   6.39299  7.91228
-7.45259   6.52666  8.05932
-7.58196   5.92979  7.40276
-7.52106   6.25885  7.76474
-7.68789   5.42256  6.84482
-7.74422   5.09396  6.48336
-7.56712   5.9778  7.45558
-7.56125   6.05011  7.53512
-7.46861   6.51693  8.04862
-7.5102   6.28279  7.79107
-7.54941   6.0763  7.56393
-7.58572   5.94408  7.41849
-7.6388   5.64063  7.08469
-7.42487   6.73142  8.28456
-7.47879   6.45971  7.98569
-7.31895   7.23845  8.84229
-7.48179   6.42738  7.95012
-7.58603   5.90378  7.37416
-7.51029   6.29635  7.80599
-7.54297   6.11929  7.61122
-7.4764   6.43574  7.95931
-7.53136   6.13048  7.62352
-7.38622   6.90819  8.47901
-7.57129   6.00336  7.48369
-7.59324   5.88373  7.3521
-7.73627   5.1489  6.54379
-7.60483   5.78439  7.24283
-7.62866   5.68367  7.13203
-7.60763   5.84692  7.31161
-7.60589   5.83598  7.29957
-7.68268   5.40812  6.82893
-7.54556   6.13787  7.63165
-7.50056   6.29757  7.80733
-7.56874   5.96347  7.43982
-7.64483   5.59251  7.03176
-7.48795   6.39282  7.9121
-7.52001   6.20467  7.70514
-7.4026   6.86621  8.43283
-7.64018   5.61919  7.0611
-7.47451   6.41595  7.93755
-7.51337   6.25742  7.76317
-7.52492   6.21971  7.72169
-7.4309   6.74329  8.29761
-7.55882   6.05882  7.5447
-7.48259   6.40374  7.92412
-7.47681   6.44287  7.96716
-7.4999   6.35887  7.87476
-7.56205   6.05126  7.53638
-7.654   5.5659  7.00249
-7.57712   5.93737  7.41111
-7.58344   5.9245  7.39695
-7.45542   6.51224  8.04347
-7.65341   5.55263  6.9879
-7.5325   6.16867  7.66554
-7.63651   5.6186  7.06046
-7.45467   6.47444  8.00188
-7.50913   6.30913  7.82004
-7.55121   6.06117  7.54729
-7.49186   6.34622  7.86084
-7.61017   5.75578  7.21136
-7.53195   6.12689  7.61958
-7.58636   5.91002  7.38102
-7.58516   5.88163  7.34979
-7.4965   6.3247  7.83718
-7.47421   6.45087  7.97595
-7.56109   6.0131  7.49441
-7.50627   6.30333  7.81367
-7.57206   5.95625  7.43187
-7.50611   6.29268  7.80194
-7.56308   6.02593  7.50852
-7.54537   6.10485  7.59534
-7.40325   6.82102  8.38312
-7.53057   6.13473  7.62821
-7.58492   5.89466  7.36413
-7.54732   6.11835  7.61018
-7.43111   6.65465  8.20012
-7.4765   6.45354  7.97889
-7.65172   5.58177  7.01994
-7.54067   6.14888  7.64377
-7.61308   5.73392  7.18731
-7.70951   5.30718  6.7179
-7.64692   5.5568  6.99248
-7.4928   6.37611  7.89372
-7.50984   6.32563  7.83819
-7.43093   6.69958  8.24954
-7.66548   5.50511  6.93563
-7.55159   6.05488  7.54037
-7.64679   5.58499  7.02349
-7.64857   5.57868  7.01655
-7.59247   5.89938  7.36931
-7.41443   6.80798  8.36878
-7.60979   5.79154  7.25069
-7.54345   6.13568  7.62925
-7.5201   6.27163  7.77879
-7.56099   6.02796  7.51076
-7.54905   6.09726  7.58699
-7.50647   6.29957  7.80953
-7.52409   6.23407  7.73748
-7.60569   5.82925  7.29218
-7.65568   5.50785  6.93863
-7.47083   6.40176  7.92194
-7.55088   6.10256  7.59282
-7.69141   5.37114  6.78826
-7.57918   5.95903  7.43493
-7.59291   5.89967  7.36964
-7.54037   6.13178  7.62496
-7.60867   5.81007  7.27108
-7.58698   5.89116  7.36028
-7.53004   6.19181  7.69099
-7.52343   6.17773  7.6755
-7.52986   6.20721  7.70793
-7.67264   5.46989  6.89688
-7.66401   5.5142  6.94562
-7.61533   5.75764  7.2134
-7.49559   6.34005  7.85406
-7.58143   5.94627  7.42089
-7.56312   5.99863  7.4785
-7.41151   6.7714  8.32854
-7.47858   6.42386  7.94625
-7.61891   5.78061  7.23867
-7.59274   5.87109  7.3382
-7.43014   6.69336  8.24269
-7.59591   5.8537  7.31907
-7.58048   5.94337  7.41771
-7.69497   5.36186  6.77804
-7.65944   5.52983  6.96281
-7.52035   6.30056  7.81061
-7.64208   5.62316  7.06548
-7.60137   5.80786  7.26865
-7.63143   5.6475  7.09225
-7.57196   5.90089  7.37098
-7.43434   6.65669  8.20236
-7.57383   5.92528  7.39781
-7.48307   6.38266  7.90093
-7.48725   6.34666  7.86133
-7.65413   5.54845  6.9833
-7.69769   5.33257  6.74582
-7.50398   6.35526  7.87078
-7.43673   6.68425  8.23268
-7.31221   7.25158  8.85674
-7.47106   6.44912  7.97403
-7.60642   5.78176  7.23994
-7.5416   6.13697  7.63067
-7.38604   7.00442  8.58486
-7.47366   6.45325  7.97857
-7.5124   6.2312  7.73432
-7.51812   6.22537  7.72791
-7.52691   6.19615  7.69576
-7.61975   5.73424  7.18767
-7.63945   5.64834  7.09317
-7.56693   5.98244  7.46069
-7.69798   5.37841  6.79625
-7.68452   5.43925  6.86318
-7.64129   5.64522  7.08974
-7.66149   5.53826  6.97209
-7.6165   5.74327  7.1976
-7.57325   6.03694  7.52064
-7.57839   5.96643  7.44307
-7.6867   5.39096  6.81005
-7.63069   5.67432  7.12176
-7.70802   5.29249  6.70174
-7.60017   5.82353  7.28588
-7.57626   5.96459  7.44105
-7.62309   5.7517  7.20687
-7.62302   5.73933  7.19327
-7.49339   6.38558  7.90414
-7.56561   6.02308  7.50539
-7.61805   5.73341  7.18675
-7.51902   6.24479  7.74926
-7.46411   6.5367  8.07037
-7.56455   5.97989  7.45788
-7.43482   6.67054  8.2176
-7.59644   5.85956  7.32552
-7.59005   5.86087  7.32695
-7.51754   6.23716  7.74088
-7.62161   5.71827  7.17009
-7.55627   6.03045  7.51349
-7.71206   5.26025  6.66628
-7.54869   6.05807  7.54387
-7.53336   6.17319  7.67051
-7.59479   5.8723  7.33953
-7.42891   6.7226  8.27486
-7.50557   6.32646  7.83911
-7.51843   6.25917  7.76509
-7.49223   6.40263  7.92289
-7.40687   6.80903  8.36994
