-6.61538   -7.22254  -4.89803
-5.96517   -2.7281  -1.30248
-5.72192   -1.19219  -0.073754
-5.85733   -1.95691  -0.685525
-5.79447   -1.63529  -0.428234
-5.83081   -1.82382  -0.579058
-5.8518   -1.87899  -0.623189
-5.67039   -0.880327  0.175739
-5.80529   -1.62998  -0.423983
-5.63969   -0.635523  0.371582
-5.60078   -0.568122  0.425502
-5.66132   -0.65075  0.3594
-5.66959   -0.739926  0.28806
-5.60573   -0.370069  0.583945
-5.64454   -0.891106  0.167116
-5.6635   -0.605239  0.395809
-5.63013   -0.526165  0.459068
-5.65064   -0.498615  0.481108
-5.46173   0.595151  1.35612
-5.46209   0.637565  1.39005
-5.56358   0.0840241  0.947219
-5.63662   -0.398108  0.561514
-5.57765   0.0154545  0.892364
-5.44134   0.804132  1.52331
-5.22035   1.86364  2.37091
-5.44735   0.674867  1.41989
-5.60037   -0.173586  0.741131
-5.48936   0.554241  1.32339
-5.4635   0.503978  1.28318
-5.51253   0.47171  1.25737
-5.46264   0.519434  1.29555
-5.35657   1.38939  1.99151
-5.42028   0.72829  1.46263
-5.47649   0.321303  1.13704
-5.64831   -0.760055  0.271956
-5.57047   -0.173718  0.741026
-5.38339   0.78347  1.50678
-5.37231   0.982743  1.66619
-5.4112   0.906105  1.60488
-5.45752   0.568604  1.33488
-5.5689   -0.13217  0.774264
-5.61696   -0.440669  0.527465
-5.48724   0.369688  1.17575
-5.39621   1.12914  1.78331
-5.45243   0.683131  1.4265
-5.41389   0.860761  1.56861
-5.57971   -0.144253  0.764597
-5.52096   0.351119  1.1609
-5.49693   0.64918  1.39934
-5.63297   -0.215434  0.707653
-5.5135   0.43617  1.22894
-5.57459   0.23142  1.06514
-5.48119   0.418442  1.21475
-5.72719   -0.78419  0.252648
-5.68664   -0.640975  0.36722
-5.54552   0.317506  1.134
-5.51408   0.436039  1.22883
-5.56946   -0.0629299  0.829656
-5.54139   0.226207  1.06097
-5.46809   0.627587  1.38207
-5.4292   0.903535  1.60283
-5.4234   0.71076  1.44861
-5.45246   0.590134  1.35211
-5.55078   -0.181177  0.735059
-5.53112   0.0699009  0.935921
-5.53427   -0.0267689  0.858585
-5.59447   -0.27067  0.663464
-5.43948   0.455488  1.24439
-5.59706   -0.204647  0.716282
-5.48632   0.336461  1.14917
-5.58057   -0.174356  0.740515
-5.51693   0.238776  1.07102
-5.40433   0.932738  1.62619
-5.39336   1.05652  1.72521
-5.49755   0.309654  1.12772
-5.5364   0.390116  1.19209
-5.54373   0.0148126  0.89185
-5.57939   0.0932091  0.954567
-5.48577   0.722655  1.45812
-5.69278   -0.571631  0.422695
-5.58898   -0.0234225  0.861262
-5.46277   0.558417  1.32673
-5.49252   0.855856  1.56468
-5.53012   0.492474  1.27398
-5.48374   0.879077  1.58326
-5.44886   0.889352  1.59148
-5.47721   0.931439  1.62515
-5.58628   0.241115  1.07289
-5.46912   0.722826  1.45826
-5.56215   0.534929  1.30794
-5.44239   0.961862  1.64949
-5.34183   1.38163  1.9853
-5.29417   1.86268  2.37015
-5.45719   0.990493  1.67239
-5.36317   1.40893  2.00714
-5.37034   1.38579  1.98863
-5.23446   2.05064  2.52051
-5.48523   0.594496  1.3556
-5.45269   0.836985  1.54959
-5.29397   1.61397  2.17118
-5.58535   0.0462113  0.916969
-5.57901   0.065372  0.932298
-5.57396   0.228842  1.06307
-5.36502   1.34235  1.95388
-5.40507   1.21322  1.85057
-5.48998   0.649129  1.3993
-5.50667   0.624035  1.37923
-5.44918   0.974652  1.65972
-5.27669   1.83419  2.34736
-5.28186   1.62719  2.18175
-5.28566   1.63794  2.19035
-5.38339   1.1516  1.80128
-5.63528   -0.457424  0.51406
-5.5005   0.263589  1.09087
-5.6725   -0.664995  0.348004
-5.49994   0.457983  1.24639
-5.44047   0.649879  1.3999
-5.58176   -0.0754598  0.819632
-5.43692   0.752325  1.48186
-5.58122   -0.0465383  0.842769
-5.4709   0.771655  1.49732
-5.5182   0.274292  1.09943
-5.56664   0.0884132  0.950731
-5.40773   0.887703  1.59016
-5.32084   1.54173  2.11338
-5.5615   0.2074  1.04592
-5.46133   0.675516  1.42041
-5.62534   -0.0165372  0.86677
-5.41369   1.09189  1.75351
-5.44779   0.687552  1.43004
-5.43822   0.671294  1.41704
-5.53918   0.192112  1.03369
-5.52031   0.19893  1.03914
-5.67298   -0.638321  0.369343
-5.67271   -0.709525  0.31238
-5.50974   0.342499  1.154
-5.35851   1.05733  1.72587
-5.47032   0.314897  1.13192
-5.45909   0.329829  1.14386
-5.56163   0.0112054  0.888964
-5.40836   0.876529  1.58122
-5.52249   0.249389  1.07951
-5.41678   0.83953  1.55162
-5.51309   0.0788046  0.943044
-5.4255   0.829794  1.54384
-5.43326   0.641288  1.39303
-5.55689   -0.00975676  0.872195
-5.5156   0.371861  1.17749
-5.40461   1.16879  1.81503
-5.50448   0.334475  1.14758
-5.60513   -0.374724  0.580221
-5.54708   0.0342668  0.907413
-5.71712   -1.01668  0.0666587
-5.58416   -0.0327205  0.853824
-5.52105   0.303734  1.12299
-5.65154   -0.378789  0.576969
-5.53118   0.0887778  0.951022
-5.44138   0.626214  1.38097
-5.37945   0.976528  1.66122
-5.43051   0.983245  1.6666
-5.46053   0.778845  1.50308
-5.43439   0.98743  1.66994
-5.48641   0.511775  1.28942
-5.49609   0.468078  1.25446
-5.59858   -0.0725342  0.821973
-5.46497   0.665741  1.41259
-5.26423   1.94456  2.43565
-5.29966   1.66684  2.21348
-5.47912   0.725759  1.46061
-5.23761   2.12209  2.57767
-5.31484   1.82274  2.33819
-5.31247   1.68989  2.23191
-5.65235   -0.195557  0.723554
-5.51936   0.572558  1.33805
-5.29036   1.62241  2.17792
-5.582   -0.0767527  0.818598
-5.62491   -0.159888  0.752089
-5.49215   0.383579  1.18686
-5.54874   0.0304889  0.904391
-5.44779   0.603684  1.36295
-5.72281   -0.831991  0.214407
-5.43778   0.733811  1.46705
-5.54771   0.200097  1.04008
-5.51594   0.556506  1.32521
-5.58403   -0.187481  0.730015
-5.5039   0.17546  1.02037
-5.44475   0.673099  1.41848
-5.56907   0.0289157  0.903133
-5.31881   1.38915  1.99132
-5.50155   0.482124  1.2657
-5.39519   1.07446  1.73957
-5.51238   0.266636  1.09331
-5.47193   0.54679  1.31743
-5.41773   0.800282  1.52023
-5.44793   0.788582  1.51087
-5.51826   0.462133  1.24971
-5.50813   0.333775  1.14702
-5.45472   0.552722  1.32218
-5.50334   0.309945  1.12796
-5.44549   0.574824  1.33986
-5.37095   1.3196  1.93568
-5.3865   0.929821  1.62386
-5.49722   0.497688  1.27815
-5.6425   -0.63751  0.369992
-5.59127   -0.286599  0.650721
-5.47146   0.454614  1.24369
-5.50342   0.178253  1.0226
-5.52461   0.156294  1.00503
-5.57498   -0.202065  0.718348
-5.58781   -0.413997  0.548803
-5.53718   0.144941  0.995953
-5.59395   -0.0320565  0.854355
-5.47536   0.602044  1.36164
-5.47226   0.407588  1.20607
-5.39136   0.889521  1.59162
-5.36927   1.02413  1.69931
-5.35908   1.07864  1.74291
-5.46733   0.794201  1.51536
-5.39029   1.07056  1.73645
-5.38437   1.05612  1.7249
-5.46457   0.392378  1.1939
-5.64686   -0.11061  0.791512
-5.45537   0.588325  1.35066
-5.55838   0.103219  0.962575
-5.54849   -0.0484712  0.841223
-5.69896   -0.909667  0.152266
-5.47912   0.374846  1.17988
-5.48174   0.465379  1.2523
-5.49478   0.323645  1.13892
-5.42788   0.818712  1.53497
-5.52514   0.295406  1.11632
-5.35937   1.25639  1.88511
-5.37083   1.25356  1.88285
-5.57426   0.360695  1.16856
-5.52318   0.309612  1.12769
-5.54636   0.45078  1.24062
-5.51257   0.471464  1.25717
-5.48379   0.736911  1.46953
-5.35983   1.43144  2.02515
-5.50557   0.545678  1.31654
-5.4202   1.00475  1.6838
-5.44257   0.51539  1.29231
-5.47461   0.568829  1.33506
-5.28327   1.42293  2.01835
-5.59883   -0.058978  0.832818
-5.44991   0.741547  1.47324
-5.51901   0.498558  1.27885
-5.40219   1.22882  1.86306
-5.42129   1.08646  1.74917
-5.49242   0.763886  1.49111
-5.26602   1.90433  2.40346
-5.3553   1.62661  2.18129
-5.3869   1.43024  2.02419
-5.44061   1.00631  1.68505
-5.37208   1.2124  1.84992
-5.35804   1.20192  1.84154
-5.39216   1.09711  1.75769
-5.44776   0.528357  1.30269
-5.37267   1.0879  1.75032
-5.45737   0.73783  1.47026
-5.41373   0.894517  1.59561
-5.51051   0.488885  1.27111
-5.46825   0.791211  1.51297
-5.55927   0.0540965  0.923277
-5.44576   0.64753  1.39802
-5.47854   0.515221  1.29218
-5.34044   1.06625  1.733
-5.35281   1.10231  1.76185
-5.5334   0.175757  1.02061
-5.52837   0.0973376  0.95787
-5.51213   0.313618  1.13089
-5.42742   0.85087  1.5607
-5.41663   1.10563  1.7645
-5.47164   0.742629  1.4741
-5.58823   -0.267016  0.666387
-5.64752   -0.446761  0.522591
-5.44045   0.618248  1.3746
-5.52572   0.352561  1.16205
-5.37375   1.32286  1.93829
-5.49027   0.633066  1.38645
-5.32306   1.32746  1.94196
-5.36375   1.21902  1.85522
-5.42662   1.00739  1.68591
-5.15563   2.52112  2.8969
-5.4329   0.898725  1.59898
-5.59886   -0.0446873  0.84425
-5.36595   1.17251  1.81801
-5.36589   1.04964  1.71971
-5.52579   0.468784  1.25503
-5.52978   0.22677  1.06142
-5.48736   0.549533  1.31963
-5.42938   0.959511  1.64761
-5.3872   1.07378  1.73902
-5.46927   0.360424  1.16834
-5.4023   0.910189  1.60815
-5.33256   1.22526  1.86021
-5.40266   0.869936  1.57595
-5.44617   0.591979  1.35358
-5.29712   1.44704  2.03763
-5.33213   1.16867  1.81494
-5.35858   1.14662  1.7973
-5.49483   0.374521  1.17962
-5.45428   0.765445  1.49236
-5.56069   0.0664588  0.933167
-5.34425   1.43922  2.03137
-5.45521   0.605527  1.36442
-5.47788   0.586066  1.34885
-5.41183   0.806065  1.52485
-5.36232   1.4548  2.04384
-5.54452   0.205356  1.04428
-5.48774   0.529084  1.30327
-5.60563   -0.0481032  0.841517
-5.60424   0.163019  1.01041
-5.41741   1.03526  1.70821
-5.43396   0.850285  1.56023
-5.33558   1.44952  2.03962
-5.31892   1.33189  1.94551
-5.31285   1.38789  1.99031
-5.51807   0.162173  1.00974
-5.34073   1.1656  1.81248
-5.34915   1.22994  1.86395
-5.35027   1.24689  1.87751
-5.45517   0.789891  1.51191
-5.34023   1.3177  1.93416
-5.40651   0.84804  1.55843
-5.35966   1.07407  1.73926
-5.54075   0.0893265  0.951461
-5.44384   0.868956  1.57516
-5.50539   0.720489  1.45639
-5.45106   0.620688  1.37655
-5.2721   1.73554  2.26843
-5.38753   1.18714  1.82971
-5.22765   1.8116  2.32928
-5.29107   1.52031  2.09625
-5.36615   1.02463  1.69971
-5.45369   0.595074  1.35606
-5.26351   1.60746  2.16597
-5.57841   -0.0228772  0.861698
-5.45039   0.628932  1.38315
-5.37125   0.94816  1.63853
-5.53633   0.323536  1.13883
-5.53756   0.203817  1.04305
-5.40808   0.847415  1.55793
-5.44511   0.820628  1.5365
-5.45024   0.931265  1.62501
-5.59088   -0.00218234  0.878254
-5.41871   0.817449  1.53396
-5.68099   -0.567138  0.426289
-5.48522   0.346315  1.15705
-5.6251   -0.171475  0.74282
-5.49503   0.49948  1.27958
-5.54769   0.10823  0.966584
-5.22742   1.94646  2.43717
-5.4057   1.07624  1.74099
-5.52001   0.38565  1.18852
-5.4282   1.01949  1.69559
-5.33364   1.53912  2.11129
-5.4602   0.814106  1.53129
-5.47213   0.555531  1.32443
-5.59422   -0.223596  0.701123
-5.56994   0.11607  0.972856
-5.3843   1.08135  1.74508
-5.54875   0.13021  0.984168
-5.38189   0.950161  1.64013
-5.60198   -0.1415  0.7668
-5.43166   0.562267  1.32981
-5.54032   0.263358  1.09069
-5.47832   0.543967  1.31517
-5.41027   1.04797  1.71838
-5.4724   0.659439  1.40755
-5.43248   0.842531  1.55402
-5.51704   0.0908843  0.952707
-5.37484   1.0374  1.70992
-5.51263   0.450143  1.24011
-5.53454   0.275554  1.10044
-5.42592   0.714893  1.45191
-5.48642   0.732587  1.46607
-5.39248   1.03982  1.71185
-5.46067   0.77893  1.50314
-5.44881   0.686174  1.42894
-5.4453   0.68301  1.42641
-5.56295   0.265296  1.09224
-5.49129   0.436176  1.22894
-5.54475   0.474405  1.25952
-5.49791   0.798106  1.51848
-5.49169   0.827079  1.54166
-5.50146   0.798501  1.5188
-5.36086   1.34903  1.95922
-5.5391   0.379365  1.18349
-5.42549   0.838686  1.55095
-5.68919   -0.850078  0.199938
-5.55352   -0.144015  0.764788
-5.54879   -0.0587901  0.832968
-5.70624   -0.776523  0.258782
-5.56784   -0.0901875  0.80785
-5.42797   0.598061  1.35845
-5.42049   0.860634  1.56851
-5.38104   1.03247  1.70598
-5.49932   0.225434  1.06035
-5.52151   -0.0184843  0.865213
-5.52043   -0.0368647  0.850508
-5.52397   0.104175  0.96334
-5.43588   0.537429  1.30994
-5.40057   0.726934  1.46155
-5.19534   1.76353  2.29082
-5.57273   -0.15981  0.752152
-5.31781   1.34581  1.95665
-5.49653   0.485055  1.26804
-5.44182   0.562309  1.32985
-5.3755   0.900413  1.60033
-5.56014   0.132098  0.985679
-5.44884   0.7921  1.51368
-5.33273   1.62248  2.17799
-5.47208   0.91543  1.61234
-5.4016   1.05897  1.72718
-5.48715   0.54036  1.31229
-5.40498   1.25504  1.88404
-5.51609   0.505709  1.28457
-5.38785   1.22621  1.86097
-5.22263   2.28416  2.70733
-5.37779   1.42262  2.01809
-5.47747   0.785479  1.50838
-5.42722   1.0902  1.75216
-5.26775   2.08648  2.54918
-5.27831   1.84322  2.35458
-5.32408   1.81391  2.33113
-5.25747   2.02844  2.50275
-5.23412   1.98811  2.47049
-5.38146   1.1307  1.78456
-5.52155   0.525816  1.30065
-5.33501   1.45661  2.04529
-5.3288   1.35061  1.96049
-5.4823   0.660467  1.40837
-5.55332   0.0329932  0.906395
-5.56256   0.163544  1.01084
-5.42554   1.02701  1.7016
-5.41208   0.858215  1.56657
-5.60693   -0.305726  0.635419
-5.59208   -0.0605324  0.831574
-5.55459   0.0519352  0.921548
-5.35993   1.14281  1.79425
-5.57122   0.202798  1.04224
-5.36557   1.0481  1.71848
-5.38456   0.720955  1.45676
-5.33685   0.983658  1.66693
-5.49968   0.23551  1.06841
-5.31295   1.40186  2.00149
-5.51354   0.390764  1.19261
-5.56907   0.201166  1.04093
-5.50955   0.177869  1.0223
-5.48637   0.406964  1.20557
-5.46384   0.677309  1.42185
-5.44311   0.760904  1.48872
-5.21511   2.06091  2.52873
-5.38336   1.24303  1.87443
-5.53311   0.240423  1.07234
-5.38085   1.05102  1.72081
-5.56658   -0.0439572  0.844834
-5.4523   0.58284  1.34627
-5.56042   0.263817  1.09105
-5.39234   0.968349  1.65468
-5.4971   0.516597  1.29328
-5.33832   1.18728  1.82982
-5.5468   0.15499  1.00399
-5.41308   0.940118  1.63209
-5.5078   0.577832  1.34227
-5.46787   0.813888  1.53111
-5.48231   0.46056  1.24845
-5.49759   0.402861  1.20229
-5.40773   0.956671  1.64534
-5.49634   0.453484  1.24279
-5.39178   1.00095  1.68076
-5.42462   1.05481  1.72385
-5.36832   1.2277  1.86216
-5.30531   1.83049  2.34439
-5.36845   1.43021  2.02417
-5.17682   2.21771  2.65417
-5.39029   1.44805  2.03844
-5.38108   1.40001  2
-5.40282   1.00871  1.68697
-5.49063   0.493244  1.2746
-5.44316   0.684838  1.42787
-5.39215   0.79064  1.51251
-5.55655   0.11016  0.968128
-5.34676   1.2388  1.87104
-5.64294   -0.412199  0.55024
-5.41175   0.851829  1.56146
-5.46549   0.559421  1.32754
-5.57515   -0.0938452  0.804924
-5.60666   -0.374452  0.580439
-5.56993   -0.159026  0.75278
-5.58062   -0.150293  0.759765
-5.59764   -0.254486  0.676411
-5.57764   -0.108991  0.792807
-5.60772   -0.360143  0.591885
-5.48801   0.584899  1.34792
-5.53512   0.361208  1.16897
-5.30877   1.7933  2.31464
-5.47141   0.788803  1.51104
-5.43284   1.07621  1.74097
-5.28612   1.75545  2.28436
-5.5513   0.200914  1.04073
-5.63188   -0.286658  0.650673
-5.47784   0.736188  1.46895
-5.50937   0.656364  1.40509
-5.38073   1.09749  1.75799
-5.48847   0.46583  1.25266
-5.3074   1.54069  2.11256
-5.45965   0.736907  1.46953
-5.59073   -0.123362  0.78131
-5.3651   0.989745  1.6718
-5.57452   -0.16477  0.748184
-5.41966   0.697887  1.43831
-5.42992   0.613094  1.37048
-5.42618   0.550069  1.32006
-5.40562   0.866366  1.57309
-5.43665   0.800821  1.52066
-5.30147   1.35086  1.96069
-5.54651   -0.00510628  0.875915
-5.4273   0.637962  1.39037
-5.46989   0.55372  1.32298
-5.3249   1.42185  2.01748
-5.52759   0.29676  1.11741
-5.357   1.08512  1.7481
-5.42651   0.575478  1.34038
-5.46494   0.486747  1.2694
-5.43344   0.823883  1.53911
-5.41228   0.825942  1.54075
-5.48064   0.296325  1.11706
-5.42169   0.647303  1.39784
-5.51954   0.154146  1.00332
-5.37187   1.05388  1.7231
-5.25934   1.61388  2.1711
-5.5272   0.128393  0.982714
-5.34211   1.0438  1.71504
-5.48949   0.458068  1.24645
-5.30555   1.63155  2.18524
-5.37638   1.31169  1.92935
-5.40646   0.875541  1.58043
-5.55976   0.122579  0.978063
-5.49201   0.466151  1.25292
-5.63995   -0.497341  0.482127
-5.4222   0.952177  1.64174
-5.35313   1.44093  2.03275
-5.41559   1.04481  1.71585
-5.4223   0.772865  1.49829
-5.40502   1.30454  1.92363
-5.56059   0.0472929  0.917834
-5.34529   1.20705  1.84564
-5.45639   0.805369  1.5243
-5.37137   1.0328  1.70624
-5.38282   0.824047  1.53924
-5.49816   0.312493  1.12999
-5.36763   1.09552  1.75642
-5.38616   0.907814  1.60625
-5.55824   -0.0914629  0.80683
-5.52153   0.252756  1.0822
-5.66523   -0.78418  0.252656
-5.54576   0.0238964  0.899117
-5.55288   0.201522  1.04122
-5.4819   0.455316  1.24425
-5.55301   0.150855  1.00068
-5.38373   1.22339  1.85872
-5.58988   0.0303309  0.904265
-5.46701   0.91846  1.61477
-5.56776   0.342329  1.15386
-5.52681   0.484696  1.26776
-5.33332   1.38192  1.98554
-5.45533   0.967473  1.65398
-5.42942   1.13182  1.78546
-5.3708   0.939241  1.63139
-5.32865   1.28417  1.90734
-5.42401   0.843357  1.55469
-5.26633   1.93527  2.42821
-5.35948   1.34736  1.95789
-5.46854   0.521263  1.29701
-5.4028   1.01812  1.6945
-5.40454   1.20332  1.84265
-5.4148   0.958268  1.64661
-5.31481   1.44115  2.03292
-5.40348   1.07575  1.7406
-5.46315   0.908379  1.6067
-5.43457   0.989943  1.67195
-5.43056   1.0496  1.71968
-5.40813   1.03174  1.70539
-5.41136   1.11295  1.77036
-5.3706   1.42623  2.02099
-5.42353   1.01548  1.69238
-5.45891   0.751235  1.48099
-5.29112   1.69972  2.23977
-5.27836   1.78882  2.31105
-5.36053   1.28093  1.90474
-5.52084   0.196117  1.03689
-5.33515   1.40979  2.00783
-5.37061   0.984417  1.66753
-5.56004   -0.113181  0.789455
-5.6035   -0.187453  0.730037
-5.49839   0.503651  1.28292
-5.45392   0.580219  1.34418
-5.55549   -0.036527  0.850778
-5.43054   0.567532  1.33403
-5.41799   0.769246  1.4954
-5.53434   0.245371  1.0763
-5.47247   0.592736  1.35419
-5.53337   0.233244  1.0666
-5.27507   1.68509  2.22807
-5.51927   0.421603  1.21728
-5.55656   0.189641  1.03171
-5.48605   0.533762  1.30701
-5.47999   0.718797  1.45504
-5.60543   0.147368  0.997895
-5.4348   1.11799  1.77439
-5.35797   1.29837  1.9187
-5.44486   0.80559  1.52447
-5.55792   0.194405  1.03552
-5.33553   1.30746  1.92597
-5.42063   1.14885  1.79908
-5.40833   1.08497  1.74797
-5.45189   0.602173  1.36174
-5.47383   0.499689  1.27975
-5.46711   0.6038  1.36304
-5.38682   1.0173  1.69384
-5.49987   0.577452  1.34196
-5.40815   1.08004  1.74403
-5.50657   0.610269  1.36821
-5.4197   0.968969  1.65518
-5.5131   0.31394  1.13115
-5.49557   0.695976  1.43678
-5.51943   0.630967  1.38477
-5.34801   1.50669  2.08535
-5.24449   2.08542  2.54834
-5.27362   1.8492  2.35936
-5.27933   1.83279  2.34623
-5.39304   1.32579  1.94063
-5.44084   1.12825  1.7826
-5.46696   1.09316  1.75452
-5.42611   1.29086  1.91268
-5.28464   2.09895  2.55916
-5.42032   1.20628  1.84503
-5.25267   1.7852  2.30816
-5.44532   0.739882  1.47191
-5.41763   0.818113  1.53449
-5.40156   0.665682  1.41255
-5.34077   1.23595  1.86876
-5.53816   0.192607  1.03409
-5.48924   0.534671  1.30774
-5.23786   1.94715  2.43772
-5.60009   -0.192778  0.725778
-5.50335   0.379188  1.18335
-5.51915   0.196596  1.03728
-5.58421   -0.170087  0.74393
-5.52912   0.110467  0.968373
-5.6655   -0.78839  0.249288
-5.38416   0.735152  1.46812
-5.38257   1.03977  1.71182
-5.40265   0.821636  1.53731
-5.60023   -0.287943  0.649646
-5.76595   -1.09598  0.00321642
-5.45399   0.706408  1.44513
-5.40522   0.844772  1.55582
-5.58464   0.0853028  0.948242
-5.60555   -0.177017  0.738387
-5.56895   0.143119  0.994495
-5.4357   0.838234  1.55059
-5.56463   0.0151952  0.892156
-5.48856   0.745304  1.47624
-5.35499   1.31945  1.93556
-5.51334   0.326735  1.14139
-5.54588   0.0788197  0.943056
-5.51711   0.399086  1.19927
-5.62679   -0.364381  0.588495
-5.44144   0.655989  1.40479
-5.4542   0.572864  1.33829
-5.49753   0.431718  1.22537
-5.39231   0.834384  1.54751
-5.52761   0.0242943  0.899435
-5.64236   -0.564984  0.428013
-5.51954   0.279948  1.10396
-5.38805   1.12676  1.7814
-5.26911   1.79668  2.31734
-5.27885   1.54487  2.1159
-5.40597   1.07014  1.73611
-5.57582   -0.0813915  0.814887
-5.35761   1.26705  1.89364
-5.47992   0.64753  1.39802
-5.55815   0.130658  0.984527
-5.46888   0.751648  1.48132
-5.39512   1.20071  1.84057
-5.23463   2.21649  2.6532
-5.23419   2.17225  2.6178
-5.29898   1.54615  2.11692
-5.2999   1.53503  2.10802
-5.28981   1.65918  2.20734
-5.34772   1.30543  1.92434
-5.36374   1.37132  1.97706
-5.40615   1.17287  1.8183
-5.44922   0.836165  1.54893
-5.17392   2.39037  2.7923
-5.31182   1.58484  2.14787
-5.48318   0.698158  1.43853
-5.48349   0.634133  1.38731
-5.39326   1.07218  1.73774
-5.52389   0.407844  1.20628
-5.47341   0.676099  1.42088
-5.50661   0.434161  1.22733
-5.38383   0.895235  1.59619
-5.40735   0.938714  1.63097
-5.48128   0.388796  1.19104
-5.57119   -0.0712719  0.822982
-5.44471   0.76996  1.49597
-5.41968   0.900873  1.6007
-5.52259   0.561394  1.32912
-5.43022   1.0517  1.72136
-5.58383   0.270094  1.09608
-5.34983   1.46782  2.05426
-5.71855   -0.508974  0.472821
-5.59885   0.0789957  0.943197
-5.6715   -0.291453  0.646837
-5.71289   -0.762276  0.270179
-5.46178   0.663358  1.41069
-5.43331   0.918017  1.61441
-5.53941   0.206659  1.04533
-5.64213   -0.324881  0.620095
-5.60143   0.00295264  0.882362
-5.46569   0.819664  1.53573
-5.49289   0.818521  1.53482
-5.23494   2.17508  2.62007
-5.48395   0.649163  1.39933
-5.36138   1.28553  1.90842
-5.25452   1.81021  2.32816
-5.26269   1.837  2.3496
-5.60285   -0.121097  0.783123
-5.39789   0.89328  1.59462
-5.41611   0.815831  1.53267
-5.39537   1.14652  1.79722
-5.50144   0.253647  1.08292
-5.59612   -0.0492835  0.840573
-5.47135   0.454498  1.2436
-5.48763   0.37882  1.18306
-5.4358   0.69273  1.43418
-5.332   1.49492  2.07593
-5.51303   0.465287  1.25223
-5.63818   -0.301227  0.639019
-5.54288   0.209723  1.04778
-5.48812   0.487824  1.27026
-5.54696   0.123277  0.978622
-5.41916   0.733722  1.46698
-5.37441   1.08041  1.74433
-5.42687   0.966673  1.65334
-5.31078   1.58092  2.14474
-5.42508   1.06481  1.73184
-5.36666   1.38215  1.98572
-5.39675   0.952539  1.64203
-5.55818   -0.0687877  0.82497
-5.38822   1.14034  1.79227
-5.38981   1.29784  1.91827
-5.40469   1.19459  1.83567
-5.34685   1.51967  2.09574
-5.47503   0.812877  1.5303
-5.49296   0.657932  1.40635
-5.47686   0.486187  1.26895
-5.42811   0.899378  1.5995
-5.55379   0.144934  0.995947
-5.45521   0.788921  1.51114
-5.3579   1.23932  1.87146
-5.41168   1.01955  1.69564
-5.515   0.392862  1.19429
-5.54836   0.0296259  0.903701
-5.46516   0.539883  1.31191
-5.68295   -0.793695  0.245044
-5.49765   0.281639  1.10531
-5.63445   -0.42961  0.536312
-5.60502   -0.366511  0.586791
-5.45459   0.653968  1.40317
-5.59425   -0.317036  0.626372
-5.64971   -0.518682  0.465054
-5.44494   0.45607  1.24486
-5.62565   -0.597605  0.401916
-5.55889   -0.170315  0.743748
-5.46221   0.546726  1.31738
-5.61495   -0.309561  0.632352
-5.47761   0.620451  1.37636
-5.4043   1.00633  1.68506
-5.4931   0.48229  1.26583
-5.58797   0.146308  0.997047
-5.43523   0.923946  1.61916
-5.40795   1.16109  1.80887
-5.37603   1.24147  1.87317
-5.34504   1.50509  2.08407
-5.43508   0.874518  1.57961
-5.49576   0.608875  1.3671
-5.43727   0.961999  1.6496
-5.5325   0.231719  1.06538
-5.6624   -0.523582  0.461135
-5.46147   0.716563  1.45325
-5.41194   1.05078  1.72063
-5.47955   0.55224  1.32179
-5.32775   1.36476  1.97181
-5.54644   0.0473628  0.91789
-5.5748   -0.200703  0.719437
-5.32864   1.47462  2.0597
-5.52163   0.200266  1.04021
-5.50541   0.276212  1.10097
-5.46595   0.489676  1.27174
-5.49028   0.151614  1.00129
-5.45413   0.53129  1.30503
-5.42766   1.07402  1.73922
-5.39838   0.986786  1.66943
-5.53167   0.182804  1.02624
-5.42415   0.655273  1.40422
-5.56672   0.164655  1.01172
-5.47513   0.219769  1.05582
-5.53985   0.177895  1.02232
-5.45481   0.792234  1.51379
-5.32403   1.48237  2.0659
-5.63404   -0.272418  0.662065
-5.63946   -0.378482  0.577214
-5.44374   0.769434  1.49555
-5.67927   -0.707848  0.313722
-5.51829   0.214209  1.05137
-5.48915   0.272065  1.09765
-5.48758   0.441911  1.23353
-5.51426   0.369497  1.1756
-5.51773   0.294604  1.11568
-5.50993   -0.0220872  0.86233
-5.55383   -0.00724074  0.874207
-5.46643   0.681205  1.42496
-5.56125   0.220821  1.05666
-5.56762   -0.121043  0.783165
-5.26965   1.74784  2.27827
-5.39778   0.847062  1.55765
-5.55759   0.0814643  0.945171
-5.41296   0.960752  1.6486
-5.25104   1.7932  2.31456
-5.41821   0.770039  1.49603
-5.51993   0.27744  1.10195
-5.45788   0.438321  1.23066
-5.34355   1.43347  2.02678
-5.45659   0.604495  1.3636
-5.43772   1.02408  1.69927
-5.54452   0.352743  1.16219
-5.60274   -0.343671  0.605063
-5.63945   -0.492251  0.486199
-5.40139   0.740004  1.472
-5.64349   -0.446598  0.522722
-5.46532   0.472358  1.25789
-5.4157   0.634157  1.38733
-5.45614   0.5023  1.28184
-5.53756   0.0866738  0.949339
-5.36123   1.2532  1.88256
-5.33999   1.25552  1.88441
-5.36603   1.4021  2.00168
-5.60763   0.0050134  0.884011
-5.41674   0.921283  1.61703
-5.34443   1.20242  1.84193
-5.43022   0.746539  1.47723
-5.42041   0.704537  1.44363
-5.48047   0.510619  1.2885
-5.39625   1.07669  1.74135
-5.39644   1.07868  1.74294
-5.36046   1.24936  1.87949
-5.53399   0.210519  1.04842
-5.43551   0.731295  1.46504
-5.39419   0.958251  1.6466
-5.53098   0.156473  1.00518
-5.45002   0.77234  1.49787
-5.50406   0.414038  1.21123
-5.48483   0.628103  1.38248
-5.47983   0.57762  1.3421
-5.43771   0.807545  1.52604
-5.49172   0.638992  1.39119
-5.3583   0.950066  1.64005
-5.41888   0.797912  1.51833
-5.3553   1.24919  1.87935
-5.46843   0.618816  1.37505
-5.41973   0.883773  1.58702
-5.42724   0.717597  1.45408
-5.40785   1.0847  1.74776
-5.34944   1.50032  2.08026
-5.53766   0.471425  1.25714
-5.55372   0.139907  0.991926
-5.50359   0.571708  1.33737
-5.41883   1.0124  1.68992
-5.63686   -0.212406  0.710076
-5.52158   0.300973  1.12078
-5.53827   0.166265  1.01301
-5.49009   0.563087  1.33047
-5.24766   2.02068  2.49655
-5.33007   1.42368  2.01894
-5.43644   0.798116  1.51849
-5.39269   1.10129  1.76103
-5.27513   2.04098  2.51279
-5.60867   0.1033  0.96264
-5.58319   0.14949  0.999592
-5.62259   -0.182388  0.73409
-5.36412   1.26547  1.89237
-5.42316   0.95377  1.64302
-5.4923   0.471504  1.2572
-5.38315   0.902855  1.60228
-5.37419   0.823553  1.53884
-5.16751   1.9523  2.44184
-5.28557   1.65148  2.20118
-5.46234   0.772278  1.49782
-5.47794   0.504607  1.28369
-5.49389   0.372273  1.17782
-5.34795   1.20513  1.8441
-5.51614   0.506264  1.28501
-5.42991   1.09214  1.75372
-5.4569   0.897692  1.59815
-5.41911   0.950634  1.64051
-5.61098   -0.131452  0.774838
-5.63083   -0.23387  0.692904
-5.49498   0.456089  1.24487
-5.5086   0.370845  1.17668
-5.46985   0.691165  1.43293
-5.45668   0.816333  1.53307
-5.41344   1.31914  1.93531
-5.53166   0.475583  1.26047
-5.34474   1.45433  2.04346
-5.34527   1.63263  2.18611
-5.52299   0.430238  1.22419
-5.35389   1.44994  2.03995
-5.42296   1.10944  1.76756
-5.34135   1.4623  2.04984
-5.44628   0.759035  1.48723
-5.43633   1.11512  1.7721
-5.32791   1.45016  2.04013
-5.41036   1.17392  1.81913
-5.45093   0.995844  1.67668
-5.48059   0.947267  1.63781
-5.53447   0.511054  1.28884
-5.3103   1.84193  2.35354
-5.60693   0.276322  1.10106
-5.42028   1.24301  1.87441
-5.52416   0.466936  1.25355
-5.49545   0.703432  1.44275
-5.48108   0.634383  1.38751
-5.47734   0.596173  1.35694
-5.48428   0.806545  1.52524
-5.50007   0.406005  1.2048
-5.46295   0.75875  1.487
-5.49528   0.564638  1.33171
-5.40851   1.13652  1.78921
-5.55768   0.243481  1.07478
-5.64962   -0.361835  0.590532
-5.4312   0.587059  1.34965
-5.36795   1.20144  1.84115
-5.53152   0.260789  1.08863
-5.3817   1.23661  1.86928
-5.33369   1.35238  1.9619
-5.43703   0.688805  1.43104
-5.53947   0.267361  1.09389
-5.46807   0.777516  1.50201
-5.44335   0.656105  1.40488
-5.25153   1.61387  2.1711
-5.46779   0.652919  1.40234
-5.38677   1.08236  1.74589
-5.30883   1.61363  2.1709
-5.32577   1.43099  2.0248
-5.48646   0.487279  1.26982
-5.53507   0.152542  1.00203
-5.49259   0.357659  1.16613
-5.31052   1.40817  2.00653
-5.49009   0.360608  1.16849
-5.40241   0.887085  1.58967
-5.50536   0.367338  1.17387
-5.51471   0.334715  1.14777
-5.37354   1.00834  1.68667
-5.53012   0.171636  1.01731
-5.42651   0.860013  1.56801
-5.63371   -0.319208  0.624634
-5.37953   0.933292  1.62663
-5.5375   0.378489  1.18279
-5.3113   1.55012  2.12009
-5.37744   1.15662  1.8053
-5.40376   1.05888  1.72711
-5.5441   0.400314  1.20025
-5.31378   1.28289  1.90631
-5.47335   0.452991  1.24239
-5.58106   -0.200375  0.7197
-5.50851   0.243027  1.07442
-5.44474   0.733233  1.46659
-5.41062   0.827515  1.54201
-5.43446   0.730167  1.46413
-5.45959   0.918576  1.61486
-5.51875   0.412511  1.21001
-5.57382   0.0951776  0.956142
-5.51565   0.347707  1.15817
-5.44713   0.901194  1.60096
-5.56827   -0.0316498  0.85468
-5.60189   -0.169915  0.744068
-5.43293   0.914095  1.61128
-5.17965   2.26792  2.69434
-5.32596   1.41652  2.01322
-5.40078   1.01859  1.69487
-5.33279   1.34925  1.9594
-5.43638   0.697276  1.43782
-5.53791   0.492646  1.27412
-5.35607   1.27695  1.90156
-5.52021   0.629172  1.38334
-5.4328   1.0271  1.70168
-5.34444   1.41891  2.01513
-5.47363   0.51027  1.28822
-5.33437   1.31559  1.93247
-5.46502   0.658053  1.40644
-5.43882   0.899769  1.59982
-5.36257   1.30862  1.92689
-5.35794   1.53916  2.11132
-5.42296   1.07788  1.74231
-5.5381   0.608125  1.3665
-5.36099   1.52743  2.10195
-5.41064   1.18606  1.82885
-5.49406   0.568456  1.33477
-5.43767   1.03172  1.70537
-5.48801   0.536957  1.30957
-5.39066   1.11201  1.76961
-5.3397   1.39212  1.9937
-5.42897   0.742882  1.47431
-5.41638   1.05673  1.72538
-5.43366   0.720246  1.4562
-5.44048   0.847839  1.55827
-5.53257   0.366553  1.17324
-5.29128   1.70481  2.24385
-5.49734   0.467424  1.25394
-5.47885   0.375402  1.18032
-5.5828   -0.0683929  0.825286
-5.62939   -0.309861  0.632112
-5.41307   0.961523  1.64922
-5.45756   0.694567  1.43565
-5.64423   -0.443905  0.524876
-5.57743   -0.0148261  0.868139
-5.50018   0.475328  1.26026
-5.4028   1.04942  1.71954
-5.39381   0.87732  1.58186
-5.55691   0.071898  0.937518
-5.59638   -0.173065  0.741548
-5.45198   0.641307  1.39305
-5.53206   0.0616787  0.929343
-5.62798   -0.508179  0.473457
-5.58711   -0.201182  0.719054
-5.45058   0.942887  1.63431
-5.56515   -0.0260785  0.859137
-5.64459   -0.522566  0.461947
-5.5433   0.0949627  0.95597
-5.63693   -0.363122  0.589502
-5.57216   -0.0731569  0.821474
-5.45886   0.529602  1.30368
-5.53591   0.20538  1.0443
-5.46497   0.548633  1.31891
-5.52652   0.17915  1.02332
-5.46683   0.692174  1.43374
-5.43429   0.828231  1.54258
-5.40094   0.891491  1.59319
-5.5229   0.128767  0.983014
-5.65506   -0.47231  0.502152
-5.59153   0.0167721  0.893418
-5.33525   1.28869  1.91095
-5.40966   0.758726  1.48698
-5.43522   0.587989  1.35039
-5.55111   0.098566  0.958853
-5.53204   0.268948  1.09516
-5.43186   0.969071  1.65526
-5.31389   1.24567  1.87653
-5.30998   1.2939  1.91512
-5.30133   1.30842  1.92674
-5.56389   0.121442  0.977154
-5.46528   0.573313  1.33865
-5.42479   0.834354  1.54748
-5.42148   0.727178  1.46174
-5.37433   1.26191  1.88953
-5.45791   0.678848  1.42308
-5.3493   1.24352  1.87481
-5.33801   1.09284  1.75427
-5.44103   0.69908  1.43926
-5.63321   -0.279605  0.656316
-5.47013   0.463453  1.25076
-5.3419   1.25706  1.88564
-5.4181   0.827858  1.54229
-5.57418   -0.0449693  0.844025
-5.49314   0.567917  1.33433
-5.51307   0.335782  1.14863
-5.56865   0.0704123  0.93633
-5.53701   0.0482608  0.918609
-5.52289   0.278267  1.10261
-5.44949   0.541558  1.31325
-5.53304   0.346603  1.15728
-5.30622   1.40517  2.00414
-5.41364   0.851674  1.56134
-5.47086   0.591995  1.3536
-5.48073   0.582667  1.34613
-5.55312   0.131223  0.984978
-5.65598   -0.482592  0.493927
-5.55853   0.296265  1.11701
-5.50931   0.373027  1.17842
-5.45002   0.875581  1.58046
-5.55409   0.133379  0.986703
-5.48553   0.60804  1.36643
-5.54627   -0.0523447  0.838124
-5.51455   0.169268  1.01541
-5.37533   0.830172  1.54414
-5.73757   -0.95747  0.114024
-5.62705   -0.236478  0.690818
-5.53833   0.245904  1.07672
-5.44198   0.734648  1.46772
-5.46004   0.613754  1.371
-5.30039   1.70248  2.24199
-5.22371   2.18812  2.63049
-5.36633   1.46802  2.05442
-5.46791   0.713713  1.45097
-5.47352   0.627075  1.38166
-5.63244   -0.084397  0.812482
-5.4604   0.516892  1.29351
-5.49631   0.478697  1.26296
-5.55344   0.0147079  0.891766
-5.49607   0.41492  1.21194
-5.54675   0.274483  1.09959
-5.49598   0.442516  1.23401
-5.49444   0.67652  1.42122
-5.47863   0.743831  1.47506
-5.45866   0.791405  1.51312
-5.56158   0.0415655  0.913252
-5.45305   0.596833  1.35747
-5.48063   0.573723  1.33898
-5.45632   0.844031  1.55522
-5.64741   -0.274293  0.660566
-5.56428   0.231836  1.06547
-5.40012   0.918409  1.61473
-5.38824   1.06787  1.73429
-5.41386   0.896993  1.59759
-5.40758   0.867106  1.57368
-5.58254   -0.202621  0.717903
-5.42906   0.7217  1.45736
-5.41052   0.80938  1.5275
-5.60228   -0.0913328  0.806934
-5.59929   -0.185745  0.731404
-5.45526   0.678536  1.42283
-5.48431   0.723979  1.45918
-5.58662   0.147409  0.997927
-5.39476   0.865494  1.5724
-5.48001   0.492651  1.27412
-5.55227   0.224422  1.05954
-5.36326   1.31768  1.93414
-5.5185   0.228114  1.06249
-5.32297   1.35839  1.96671
-5.27111   1.67798  2.22238
-5.41493   0.911245  1.609
-5.46023   0.781193  1.50495
-5.44506   0.69298  1.43438
-5.61614   -0.388888  0.56889
-5.5812   -0.111249  0.791001
-5.46282   0.69183  1.43346
-5.38992   1.26741  1.89392
-5.40764   1.02685  1.70148
-5.48262   0.532768  1.30621
-5.58173   -0.174119  0.740705
-5.35987   1.11744  1.77395
-5.49075   0.229494  1.0636
-5.41085   0.735878  1.4687
-5.41781   0.761614  1.48929
-5.44934   0.818748  1.535
-5.42293   0.731191  1.46495
-5.50249   0.472549  1.25804
-5.39608   1.07236  1.73789
-5.54923   0.045971  0.916777
-5.33948   1.09601  1.7568
-5.40488   0.856826  1.56546
-5.31251   1.20761  1.84609
-5.41148   1.05177  1.72142
-5.61926   -0.240784  0.687373
-5.36201   1.23553  1.86843
-5.4845   0.618709  1.37497
-5.46687   0.542359  1.31389
-5.47364   0.5841  1.34728
-5.43774   0.890654  1.59252
-5.49636   0.527958  1.30237
-5.37392   1.12824  1.78259
-5.58034   0.418999  1.2152
-5.43551   0.875742  1.58059
-5.61994   -0.13795  0.76964
-5.5542   0.108905  0.967124
-5.45661   0.730655  1.46452
-5.54544   0.204606  1.04368
-5.39121   0.825171  1.54014
-5.34318   1.18228  1.82582
-5.21625   2.00175  2.4814
-5.39091   1.17678  1.82143
-5.37   1.08358  1.74686
-5.30381   1.6097  2.16776
-5.47606   0.47262  1.2581
-5.59703   -0.300237  0.63981
-5.53244   0.159038  1.00723
-5.45339   0.820767  1.53661
-5.42109   0.952064  1.64165
-5.4131   0.803922  1.52314
-5.40101   0.989215  1.67137
-5.24733   1.82307  2.33846
-5.67424   -0.616825  0.38654
-5.27407   1.75082  2.28066
-5.42933   1.06862  1.7349
-5.40132   0.91355  1.61084
-5.4252   0.776636  1.50131
-5.36738   1.16138  1.8091
-5.51851   0.391792  1.19343
-5.55068   0.308176  1.12654
-5.48686   0.66719  1.41375
-5.35063   1.1701  1.81608
-5.42897   1.11682  1.77346
-5.34982   1.44651  2.03721
-5.27709   1.6564  2.20512
-5.48375   0.640024  1.39202
-5.41577   1.05112  1.72089
-5.55451   0.278193  1.10255
-5.4517   0.84726  1.55781
-5.49016   0.757313  1.48585
-5.40479   1.34903  1.95922
-5.49495   0.673076  1.41846
-5.59878   -0.0502885  0.839769
-5.58011   -0.0408085  0.847353
-5.69091   -0.7139  0.30888
-5.48317   0.302911  1.12233
-5.51715   0.284452  1.10756
-5.59282   -0.0234157  0.861267
-5.5292   0.488903  1.27112
-5.47796   0.735273  1.46822
-5.33972   1.06311  1.73049
-5.5758   -0.233862  0.69291
-5.33164   1.33554  1.94844
-5.38048   1.11302  1.77041
-5.54731   0.178792  1.02303
-5.53667   0.17633  1.02106
-5.38755   0.98496  1.66797
-5.41086   0.881229  1.58498
-5.46641   0.574386  1.33951
-5.62259   -0.211649  0.710681
-5.34002   1.53042  2.10433
-5.51548   0.416601  1.21328
-5.62302   -0.168972  0.744822
-5.63958   -0.349334  0.600533
-5.34614   1.22978  1.86382
-5.4533   0.612259  1.36981
-5.54091   0.0633228  0.930658
-5.647   -0.587145  0.410284
-5.53331   0.256827  1.08546
-5.40345   1.10053  1.76043
-5.32883   1.37551  1.98041
-5.31489   1.52218  2.09774
-5.42708   0.921243  1.61699
-5.43073   0.930477  1.62438
-5.65915   -0.423952  0.540839
-5.52627   0.239773  1.07182
-5.43672   1.07508  1.74007
-5.49552   0.496999  1.2776
-5.47649   0.739057  1.47125
-5.56788   0.0967763  0.957421
-5.59965   -0.0945674  0.804346
-5.61791   -0.348529  0.601176
-5.56198   0.0734302  0.938744
-5.588   -0.127918  0.777666
-5.4536   0.68526  1.42821
-5.5144   0.141217  0.992974
-5.47655   0.424294  1.21944
-5.46972   0.75931  1.48745
-5.43925   0.704296  1.44344
-5.48339   0.579718  1.34377
-5.50209   0.613644  1.37092
-5.42713   0.951251  1.641
-5.55042   0.148298  0.998638
-5.46648   0.72681  1.46145
-5.32565   1.45892  2.04713
-5.43265   0.862967  1.57037
-5.33581   1.23994  1.87195
-5.4547   0.578034  1.34243
-5.47695   0.530501  1.3044
-5.50457   0.44339  1.23471
-5.54765   0.123215  0.978572
-5.42352   1.04637  1.7171
-5.44461   0.677454  1.42196
-5.44405   1.03973  1.71179
-5.44113   1.11964  1.77571
-5.25539   1.73412  2.2673
-5.42596   0.971882  1.65751
-5.4172   0.828226  1.54258
-5.55676   0.271803  1.09744
-5.25502   1.87102  2.37682
-5.44297   0.810901  1.52872
-5.35668   1.13435  1.78748
-5.35324   1.04574  1.71659
-5.43344   0.736127  1.4689
-5.33599   1.34534  1.95627
-5.40243   0.936096  1.62888
-5.37494   0.901259  1.60101
-5.33021   1.36295  1.97036
-5.29177   1.63746  2.18997
-5.47796   0.780852  1.50468
-5.58531   0.177551  1.02204
-5.40501   1.28031  1.90425
-5.44935   0.740594  1.47248
-5.53127   0.568686  1.33495
-5.60956   0.0564238  0.925139
-5.4171   0.988584  1.67087
-5.59355   0.0618244  0.92946
-5.57309   0.219275  1.05542
-5.49126   0.730214  1.46417
-5.43698   1.04047  1.71238
-5.42873   0.841889  1.55351
-5.57937   -0.0102978  0.871762
-5.50584   0.40945  1.20756
-5.61416   -0.107523  0.793981
-5.5664   -0.0456296  0.843496
-5.55243   0.110298  0.968238
-5.6032   -0.201245  0.719004
-5.42124   0.734339  1.46747
-5.42314   0.663804  1.41104
-5.45951   0.808407  1.52673
-5.40451   1.20414  1.84331
-5.50941   0.630846  1.38468
-5.53127   0.345658  1.15653
-5.44738   0.834757  1.54781
-5.51198   0.495294  1.27624
-5.51778   0.485078  1.26806
-5.34119   1.41074  2.00859
-5.35347   1.2779  1.90232
-5.43081   0.90575  1.6046
-5.40487   0.846889  1.55751
-5.36408   1.34062  1.9525
-5.42312   1.08872  1.75098
-5.40936   1.36595  1.97276
-5.36601   1.40563  2.0045
-5.48427   0.589267  1.35141
-5.6317   -0.336095  0.611124
-5.45492   0.747544  1.47804
-5.42438   0.914922  1.61194
-5.44887   0.910196  1.60816
-5.33883   1.34636  1.95709
-5.44759   0.713318  1.45065
-5.63334   -0.37093  0.583256
-5.54175   0.0954769  0.956382
-5.46932   0.646421  1.39714
-5.51736   0.302603  1.12208
-5.26533   1.63367  2.18694
-5.33915   1.38745  1.98996
-5.31831   1.32792  1.94233
-5.4865   0.270821  1.09666
-5.50773   0.194149  1.03532
-5.28476   1.49458  2.07566
-5.53926   0.0802965  0.944237
-5.52189   0.242819  1.07425
-5.34698   1.34563  1.9565
-5.4988   0.575711  1.34057
-5.40667   1.10644  1.76516
-5.47239   0.612674  1.37014
-5.60519   -0.0555931  0.835526
-5.46143   0.72177  1.45742
-5.3598   1.02665  1.70132
-5.5572   -0.0568836  0.834493
-5.53644   0.0321614  0.905729
-5.54077   0.222156  1.05773
-5.60136   -0.114544  0.788365
-5.54424   0.142906  0.994325
-5.35412   1.12651  1.78121
-5.45032   0.706954  1.44556
-5.4954   0.476594  1.26128
-5.52091   0.503127  1.2825
-5.44766   0.780973  1.50478
-5.4068   0.877477  1.58198
-5.21688   1.94757  2.43805
-5.33142   1.38196  1.98557
-5.33317   1.60231  2.16184
-5.5644   -0.00156004  0.878752
-5.51422   0.467879  1.2543
-5.24457   1.87988  2.3839
-5.32652   1.46689  2.05351
-5.39013   0.945403  1.63632
-5.532   -0.067024  0.826381
-5.60132   -0.186227  0.731018
-5.49146   0.468693  1.25495
-5.53903   0.0942836  0.955427
-5.34825   1.26125  1.889
-5.51436   0.481205  1.26496
-5.44814   0.838284  1.55063
-5.33234   1.23656  1.86925
-5.34009   1.42864  2.02291
-5.3839   1.08365  1.74692
-5.38621   1.50258  2.08207
-5.49875   0.573669  1.33893
-5.54182   0.117971  0.974377
-5.55931   0.0166877  0.89335
-5.40073   0.977858  1.66229
-5.54469   -0.0289008  0.856879
-5.46789   0.648772  1.39902
-5.46903   0.691467  1.43317
-5.4585   0.760342  1.48827
-5.55214   0.0904618  0.952369
-5.37657   1.1402  1.79216
-5.40647   0.944794  1.63584
-5.35279   1.25111  1.88089
-5.41345   1.03754  1.71003
-5.38232   1.07471  1.73977
-5.40634   0.888552  1.59084
-5.49723   0.458815  1.24705
-5.37906   1.24597  1.87678
-5.34764   1.38965  1.99172
-5.43418   0.751274  1.48102
-5.53847   0.277661  1.10213
-5.45337   0.609496  1.3676
-5.60511   -0.367805  0.585756
-5.55217   -0.199386  0.720491
-5.57132   -0.103902  0.796879
-5.40049   0.933785  1.62703
-5.44063   0.80337  1.5227
-5.39359   1.17252  1.81801
-5.4732   0.490701  1.27256
-5.45405   0.74067  1.47254
-5.55221   0.549968  1.31997
-5.59426   0.201007  1.04081
-5.41367   0.922968  1.61837
-5.45399   0.660618  1.40849
-5.3615   1.11758  1.77407
-5.42499   1.10663  1.7653
-5.40866   0.830479  1.54438
-5.43851   0.869442  1.57555
-5.34104   1.23401  1.86721
-5.51307   0.480933  1.26475
-5.52127   0.453189  1.24255
-5.44242   0.869356  1.57548
-5.4039   1.14177  1.79341
-5.37071   1.19648  1.83718
-5.50184   0.303382  1.12271
-5.47119   0.634966  1.38797
-5.26756   1.70312  2.2425
-5.45352   0.560089  1.32807
-5.35718   1.07113  1.7369
-5.51235   0.253605  1.08288
-5.52097   0.340189  1.15215
-5.50233   0.238493  1.07079
-5.56629   0.275664  1.10053
-5.43547   0.731551  1.46524
-5.58449   -0.218133  0.705493
-5.63912   -0.329976  0.616019
-5.36645   1.36259  1.97007
-5.27419   1.6842  2.22736
-5.42553   0.758201  1.48656
-5.52642   0.376932  1.18155
-5.44511   0.796679  1.51734
-5.394   1.26669  1.89335
-5.3825   1.22805  1.86244
-5.45155   0.72125  1.457
-5.48102   0.596163  1.35693
-5.52255   0.289783  1.11183
-5.43726   0.969592  1.65567
-5.54749   0.242261  1.07381
-5.42682   0.665827  1.41266
-5.51362   0.305579  1.12446
-5.47441   0.429604  1.22368
-5.49098   0.59307  1.35446
-5.58042   0.0828858  0.946309
-5.54759   0.18753  1.03002
-5.43098   0.5395  1.3116
-5.31381   1.2424  1.87392
-5.34238   1.02727  1.70182
-5.39887   0.934219  1.62738
-5.51678   0.49356  1.27485
-5.29063   1.71084  2.24867
-5.62737   -0.191752  0.726599
-5.46535   0.643144  1.39452
-5.307   1.55169  2.12135
-5.42147   0.720959  1.45677
-5.43644   0.993459  1.67477
-5.17055   2.39977  2.79982
-5.27735   1.92445  2.41956
-5.37328   1.27117  1.89694
-5.31425   1.62203  2.17762
-5.3018   1.55838  2.1267
-5.31059   1.35221  1.96177
-5.39781   1.09009  1.75208
-5.46814   0.683801  1.42704
-5.52325   0.43457  1.22766
-5.40171   1.07704  1.74163
-5.36156   1.4573  2.04584
-5.57642   -0.00672984  0.874616
-5.62666   -0.33149  0.614808
-5.39907   1.01625  1.693
-5.34192   1.10162  1.7613
-5.49575   0.245504  1.0764
-5.55975   -0.124339  0.780528
-5.35896   1.46732  2.05386
-5.56077   0.22319  1.05855
-5.40962   1.08667  1.74934
-5.49489   0.532796  1.30624
-5.52911   0.479781  1.26382
-5.40385   1.0521  1.72168
-5.42526   0.974239  1.65939
-5.36794   1.22108  1.85687
-5.31401   1.61221  2.16977
-5.29513   1.80251  2.322
-5.39407   1.2175  1.854
-5.3961   1.19334  1.83467
-5.43191   0.847942  1.55835
-5.56162   0.343764  1.15501
-5.49608   0.864476  1.57158
-5.51123   0.483953  1.26716
-5.45439   0.816637  1.53331
-5.4138   0.805737  1.52459
-5.35418   1.22941  1.86353
-5.53329   0.12799  0.982392
-5.46823   0.418117  1.21449
-5.60718   -0.345323  0.603742
-5.57738   -0.0206549  0.863476
-5.59828   -0.321406  0.622875
-5.42555   0.586429  1.34914
-5.50319   0.145437  0.99635
-5.41257   1.07895  1.74316
-5.58146   0.23746  1.06997
-5.49976   0.520807  1.29665
-5.4107   1.13934  1.79147
-5.65076   -0.408442  0.553247
-5.60244   -0.201  0.7192
-5.46968   0.656562  1.40525
-5.4616   0.619339  1.37547
-5.55854   0.0501247  0.9201
-5.41059   1.01857  1.69486
-5.35679   1.17341  1.81873
-5.58327   -0.0714767  0.822819
-5.44209   0.553092  1.32247
-5.65538   -0.50188  0.478496
-5.34464   1.19245  1.83396
-5.43818   0.611631  1.3693
-5.52994   0.158984  1.00719
-5.50882   0.556905  1.32552
-5.39504   1.00282  1.68225
-5.34376   1.46739  2.05391
-5.51174   0.216068  1.05285
-5.4044   1.01612  1.6929
-5.5256   0.24287  1.0743
-5.1999   1.97229  2.45783
-5.62775   -0.259767  0.672187
-5.47126   0.626145  1.38092
-5.61169   -0.250946  0.679243
-5.7354   -0.782636  0.253891
-5.64594   -0.17922  0.736624
-5.50557   0.531646  1.30532
-5.50013   0.729368  1.46349
-5.57489   0.100162  0.960129
-5.55167   0.408498  1.2068
-5.47227   0.613617  1.37089
-5.41878   0.853587  1.56287
-5.62379   -0.0827759  0.813779
-5.63989   -0.308469  0.633225
-5.59092   0.0808513  0.944681
-5.46203   0.848382  1.55871
-5.55704   0.239889  1.07191
-5.56874   0.12309  0.978472
-5.50372   0.501349  1.28108
-5.47205   0.403715  1.20297
-5.66926   -0.560201  0.431839
-5.59101   -0.0700307  0.823975
-5.60324   -0.0688679  0.824906
-5.78947   -1.24221  -0.113769
-5.55526   0.106198  0.964959
-5.68511   -0.709661  0.312271
-5.49995   0.348421  1.15874
-5.40816   0.941343  1.63307
-5.59452   -0.115669  0.787465
-5.45428   0.753682  1.48295
-5.46923   0.692156  1.43373
-5.44231   0.841267  1.55301
-5.53595   0.128197  0.982557
-5.32064   1.18081  1.82465
-5.53068   0.136871  0.989497
-5.34336   1.09306  1.75445
-5.4357   0.610231  1.36818
-5.60772   -0.309927  0.632058
-5.45611   0.66643  1.41314
-5.43049   0.865005  1.572
-5.62392   -0.263903  0.668878
-5.46197   0.467006  1.2536
-5.48397   0.241045  1.07284
-5.44735   0.715444  1.45235
-5.52633   0.395527  1.19642
-5.37555   1.06841  1.73473
-5.61335   -0.0760051  0.819196
-5.43529   0.889846  1.59188
-5.58059   -0.122901  0.781679
-5.46706   0.432297  1.22584
-5.3563   1.08622  1.74898
-5.44317   0.694711  1.43577
-5.53633   0.261931  1.08955
-5.52827   0.262991  1.09039
-5.50094   0.318949  1.13516
-5.47947   0.391205  1.19296
-5.53176   0.296461  1.11717
-5.46629   0.837587  1.55007
-5.57238   0.161699  1.00936
-5.51178   0.589876  1.3519
-5.55426   0.309028  1.12722
-5.38848   1.18994  1.83195
-5.54846   0.147589  0.998072
-5.524   0.497868  1.27829
-5.40794   0.882923  1.58634
-5.46716   0.585892  1.34871
-5.49909   0.256504  1.0852
-5.48063   0.433579  1.22686
-5.48841   0.327014  1.14161
-5.46851   0.549836  1.31987
-5.47296   0.346251  1.157
-5.50963   0.344605  1.15568
-5.50287   0.560531  1.32842
-5.50807   0.499173  1.27934
-5.57432   0.0942576  0.955406
-5.50617   0.348968  1.15917
-5.38639   1.24618  1.87694
-5.39551   1.14646  1.79717
-5.42601   0.959514  1.64761
-5.56921   0.240332  1.07227
-5.68495   -0.454569  0.516345
-5.56121   0.190525  1.03242
-5.50091   0.475595  1.26048
-5.49099   0.576123  1.3409
-5.56385   0.256246  1.085
-5.46329   0.600266  1.36021
-5.46016   0.698674  1.43894
-5.5323   0.380103  1.18408
-5.351   1.5834  2.14672
-5.19328   2.70211  3.04169
-5.34344   1.50891  2.08713
-5.32946   1.40987  2.00789
-5.47963   0.457232  1.24579
-5.2423   1.42998  2.02398
-5.48513   0.577055  1.34164
-5.40489   0.938746  1.631
-5.29533   1.56172  2.12937
-5.48592   0.489569  1.27166
-5.49387   0.414645  1.21172
-5.48249   0.514365  1.29149
-5.47439   0.591138  1.35291
-5.50048   0.458951  1.24716
-5.67319   -0.444005  0.524796
-5.61804   -0.176091  0.739128
-5.55368   0.00779105  0.886233
-5.58459   -0.0413512  0.846919
-5.52297   0.258661  1.08693
-5.39161   0.958272  1.64662
-5.55692   -0.0475725  0.841942
-5.51043   0.138129  0.990503
-5.40637   0.881251  1.585
-5.47285   0.639028  1.39122
-5.58429   0.10919  0.967352
-5.53521   0.344166  1.15533
-5.5939   0.138193  0.990555
-5.41019   0.997328  1.67786
-5.60029   0.0704321  0.936346
-5.40981   0.919744  1.6158
-5.60583   -0.116122  0.787102
-5.45721   0.564403  1.33152
-5.58841   -0.23645  0.69084
-5.45128   0.670058  1.41605
-5.37594   1.11617  1.77293
-5.49791   0.345091  1.15607
-5.51532   0.401721  1.20138
-5.42846   1.00323  1.68258
-5.48225   0.580638  1.34451
-5.43761   1.01638  1.6931
-5.52204   0.368248  1.1746
-5.41487   1.16768  1.81414
-5.32924   1.52061  2.09649
-5.43099   0.841958  1.55357
-5.41513   0.942224  1.63378
-5.59483   -0.115528  0.787578
-5.41188   1.0756  1.74048
-5.38338   1.28196  1.90557
-5.39504   1.15314  1.80251
-5.29634   1.45008  2.04006
-5.45733   0.643984  1.39519
-5.44079   0.840279  1.55222
-5.54173   0.352898  1.16232
-5.36086   1.48367  2.06693
-5.49601   0.731482  1.46519
-5.5794   -0.0432693  0.845385
-5.62833   -0.160133  0.751894
-5.49164   0.495265  1.27621
-5.55251   0.253175  1.08254
-5.48058   0.508691  1.28695
-5.49236   0.70435  1.44348
-5.61898   0.0600892  0.928071
-5.54303   0.308727  1.12698
-5.57027   -0.0444343  0.844453
-5.42051   0.795303  1.51624
-5.5781   0.00839509  0.886716
-5.5158   0.413186  1.21055
-5.53991   0.252395  1.08192
-5.42037   0.975102  1.66008
-5.49917   0.714292  1.45143
-5.54738   0.184942  1.02795
-5.39115   1.30207  1.92165
-5.30822   1.78841  2.31073
-5.31603   1.36232  1.96985
-5.48052   0.560336  1.32827
-5.29313   1.65206  2.20165
-5.21366   1.99242  2.47393
-5.51619   0.390256  1.1922
-5.51053   0.525373  1.3003
-5.46932   0.904438  1.60355
-5.54548   0.532451  1.30596
-5.37266   1.31005  1.92804
-5.35074   1.3134  1.93072
-5.51573   0.439807  1.23185
-5.51214   0.42021  1.21617
-5.54953   0.284309  1.10745
-5.47017   0.433659  1.22693
-5.49708   0.44853  1.23882
-5.44174   0.56607  1.33286
-5.56656   -0.0534819  0.837214
-5.45727   0.698754  1.439
-5.40213   0.996292  1.67703
-5.45188   0.726109  1.46089
-5.35213   1.31126  1.92901
-5.42432   0.999396  1.67952
-5.58358   0.24009  1.07207
-5.60777   -0.221098  0.703122
-5.46707   0.541658  1.31333
-5.45354   0.68867  1.43094
-5.51168   0.252237  1.08179
-5.52466   0.507689  1.28615
-5.51988   0.330667  1.14453
-5.51939   0.263895  1.09112
-5.45304   1.02126  1.69701
-5.50805   0.443824  1.23506
-5.47224   0.842578  1.55406
-5.57336   -0.0272485  0.858201
-5.42637   0.869077  1.57526
-5.36339   1.32524  1.94019
-5.62968   -0.497279  0.482177
-5.45986   0.632081  1.38567
-5.41568   0.932269  1.62581
-5.43775   0.921083  1.61687
-5.45573   0.895706  1.59656
-5.4237   1.09673  1.75738
-5.39098   1.24204  1.87363
-5.34164   1.46911  2.05529
-5.51203   0.566183  1.33295
-5.59793   0.0855785  0.948463
-5.55644   0.478033  1.26243
-5.36716   1.53761  2.11008
-5.37089   1.48961  2.07169
-5.3631   1.43645  2.02916
-5.46502   0.753529  1.48282
-5.41678   0.975351  1.66028
-5.37318   1.45722  2.04578
-5.34995   1.1697  1.81576
-5.28341   1.61979  2.17583
-5.45422   0.667399  1.41392
-5.45237   0.669034  1.41523
-5.23954   2.09554  2.55643
-5.31931   1.35323  1.96258
-5.6032   -0.335214  0.611829
-5.52318   0.101127  0.960902
-5.43362   0.474642  1.25971
-5.33388   1.1047  1.76376
-5.4962   0.376103  1.18088
-5.59199   -0.409139  0.552689
-5.47373   0.319415  1.13553
-5.50237   0.352687  1.16215
-5.52828   0.354439  1.16355
-5.40744   0.98869  1.67095
-5.46611   0.524675  1.29974
-5.62939   -0.363206  0.589435
-5.59512   -0.233455  0.693236
-5.56714   -0.105732  0.795414
-5.59343   -0.300301  0.639759
-5.53834   -0.0592006  0.832639
-5.74856   -1.08517  0.011866
-5.56823   0.291538  1.11323
-5.55649   0.459003  1.2472
-5.51212   0.386436  1.18915
-5.36097   1.17886  1.82309
-5.36924   1.03256  1.70605
-5.45196   0.610901  1.36872
-5.44694   0.75181  1.48145
-5.32648   1.6383  2.19064
-5.31435   1.5596  2.12768
-5.41224   1.00263  1.68211
-5.48215   0.243742  1.07499
-5.44776   0.75972  1.48778
-5.46586   0.400606  1.20048
-5.35919   1.26959  1.89568
-5.44691   0.480645  1.26452
-5.50545   0.474631  1.2597
-5.44344   0.884247  1.5874
-5.53959   0.0921755  0.95374
-5.55459   -0.0933046  0.805356
-5.5909   0.035834  0.908667
-5.34056   1.33362  1.9469
-5.52647   0.274204  1.09936
-5.33261   1.43766  2.03013
-5.44053   0.624276  1.37942
-5.56564   -0.127033  0.778374
-5.53879   0.123816  0.979053
-5.59532   -0.264533  0.668373
-5.57682   -0.00749979  0.874
-5.5176   0.35087  1.1607
-5.46986   0.546278  1.31702
-5.50698   0.250385  1.08031
-5.46913   0.409925  1.20794
-5.43173   0.551793  1.32143
-5.33695   1.35104  1.96083
-5.47938   0.630966  1.38477
-5.54377   0.212398  1.04992
-5.47169   0.508174  1.28654
-5.53323   0.238418  1.07073
-5.57902   0.0393013  0.911441
-5.55415   0.201696  1.04136
-5.4507   0.912904  1.61032
-5.52443   0.635281  1.38822
-5.51399   0.324632  1.13971
-5.38387   1.10083  1.76066
-5.25294   1.89036  2.39229
-5.44054   0.9086  1.60688
-5.33842   1.42839  2.02271
-5.49677   0.542566  1.31405
-5.45238   0.75179  1.48143
-5.39484   1.08255  1.74604
-5.35876   1.45767  2.04614
-5.36682   1.43639  2.02911
-5.26335   1.83188  2.34551
-5.54585   0.311762  1.12941
-5.41223   0.883064  1.58645
-5.55149   0.26177  1.08942
-5.48264   0.466487  1.25319
-5.55955   0.179589  1.02367
-5.46486   0.74482  1.47586
-5.37489   1.50053  2.08043
-5.52047   0.323499  1.1388
-5.38646   1.33599  1.94879
-5.42511   0.890115  1.59209
-5.34977   1.22018  1.85614
-5.36843   0.971449  1.65716
-5.31959   1.81109  2.32887
-5.4628   0.772665  1.49813
-5.41114   1.14491  1.79593
-5.39392   1.20656  1.84525
-5.31725   1.57281  2.13825
-5.53849   0.273887  1.09911
-5.48733   0.662233  1.40979
-5.56087   0.382905  1.18632
-5.43748   0.758445  1.48676
-5.32918   1.65391  2.20312
-5.39142   1.05837  1.7267
-5.54993   0.239661  1.07173
-5.48795   0.465321  1.25226
-5.53904   0.0549742  0.923979
-5.47122   0.390841  1.19267
-5.38106   0.899123  1.5993
-5.52477   0.0731119  0.938489
-5.52497   0.445525  1.23642
-5.49976   0.419552  1.21564
-5.43319   0.93013  1.6241
-5.52502   0.155486  1.00439
-5.57864   0.00670138  0.885361
-5.5489   -0.0694436  0.824445
-5.67033   -0.526161  0.459071
-5.50301   0.204475  1.04358
-5.43512   0.995664  1.67653
-5.56805   0.112655  0.970124
-5.55347   0.142029  0.993623
-5.46115   0.684902  1.42792
-5.62869   -0.325576  0.619539
-5.50488   0.268209  1.09457
-5.44385   0.531559  1.30525
-5.42646   1.22589  1.86071
-5.43179   1.05775  1.7262
-5.46241   0.841725  1.55338
-5.5817   0.00128606  0.881029
-5.62705   -0.305887  0.635291
-5.56471   0.0178049  0.894244
-5.64343   -0.216806  0.706555
-5.53425   0.231972  1.06558
-5.52613   0.286134  1.10891
-5.49637   0.229144  1.06332
-5.49096   0.336873  1.1495
-5.55225   0.0625688  0.930055
-5.53338   0.266234  1.09299
-5.43316   0.783575  1.50686
-5.18888   1.99973  2.47979
-5.42612   0.725697  1.46056
-5.58592   -0.294428  0.644458
-5.37871   1.08476  1.74781
-5.48052   0.597873  1.3583
-5.58991   -0.0401696  0.847864
-5.35818   1.02035  1.69628
-5.51716   0.394027  1.19522
-5.55472   -0.0745701  0.820344
-5.47092   0.379821  1.18386
-5.28621   1.51914  2.09531
-5.44602   0.776792  1.50143
-5.40341   1.12788  1.78231
-5.45604   0.894897  1.59592
-5.32085   1.46176  2.04941
-5.30752   1.74881  2.27905
-5.51609   0.572714  1.33817
-5.60306   -0.0582784  0.833377
-5.55707   0.205847  1.04468
-5.56519   0.270815  1.09665
-5.58358   0.146612  0.99729
-5.64441   -0.206308  0.714954
-5.3197   1.54905  2.11924
-5.61903   -0.15067  0.759464
-5.42189   0.754734  1.48379
-5.45053   0.498119  1.2785
-5.55379   0.36407  1.17126
-5.45943   0.826141  1.54091
-5.42302   1.09079  1.75263
-5.51238   0.424497  1.2196
-5.67356   -0.40714  0.554288
-5.43357   1.00058  1.68046
-5.39992   1.15066  1.80053
-5.53743   0.252509  1.08201
-5.48783   0.343472  1.15478
-5.38466   1.20956  1.84764
-5.50376   0.365525  1.17242
-5.46681   0.653057  1.40245
-5.43932   0.728096  1.46248
-5.37871   1.23267  1.86613
-5.37141   1.11754  1.77403
-5.56721   0.164249  1.0114
-5.3538   1.1187  1.77496
-5.49486   0.394937  1.19595
-5.4226   0.651713  1.40137
-5.44047   0.767518  1.49401
-5.53905   0.203089  1.04247
-5.57131   -0.00359282  0.877126
-5.56663   0.0707436  0.936595
-5.53391   0.147407  0.997925
-5.47469   0.429588  1.22367
-5.52096   0.203276  1.04262
-5.33479   1.21269  1.85015
-5.509   0.268155  1.09452
-5.57567   -0.0578198  0.833744
-5.5365   0.341972  1.15358
-5.51714   0.240639  1.07251
-5.37993   1.24568  1.87654
-5.37938   1.12198  1.77758
-5.58408   -0.169779  0.744177
-5.44214   0.98603  1.66882
-5.49292   0.535265  1.30821
-5.60924   0.0135939  0.890875
-5.5339   0.406724  1.20538
-5.60543   0.144505  0.995604
-5.3743   1.1301  1.78408
-5.44915   0.963496  1.6508
-5.33789   1.47774  2.06219
-5.48254   0.851532  1.56123
-5.46966   0.894325  1.59546
-5.57519   0.378611  1.18289
-5.33976   1.50973  2.08778
-5.39654   1.32978  1.94382
-5.41653   0.929136  1.62331
-5.43258   0.807817  1.52625
-5.24803   1.86955  2.37564
-5.20448   2.03567  2.50854
-5.43931   0.856565  1.56525
-5.37303   1.06952  1.73562
-5.42155   0.911165  1.60893
-5.49258   0.482596  1.26608
-5.36189   0.969547  1.65564
-5.38001   1.01054  1.68843
-5.33601   1.03392  1.70714
-5.47482   0.444465  1.23557
-5.55774   -0.00578743  0.87537
-5.47597   0.478168  1.26253
-5.53611   0.429885  1.22391
-5.58013   -0.0698123  0.82415
-5.45601   0.626536  1.38123
-5.50225   0.383027  1.18642
-5.54928   0.158819  1.00706
-5.59378   -0.165458  0.747633
-5.59203   -0.261373  0.670902
-5.55118   -0.0812559  0.814995
-5.55075   -0.00736323  0.874109
-5.4422   0.706422  1.44514
-5.44018   0.687357  1.42989
-5.65329   -0.570546  0.423563
-5.68826   -0.576648  0.418682
-5.56062   0.172078  1.01766
-5.42538   1.00935  1.68748
-5.31259   1.61138  2.1691
-5.44011   0.797488  1.51799
-5.40785   1.01247  1.68997
-5.55837   0.32047  1.13638
-5.49558   0.462364  1.24989
-5.55061   0.321615  1.13729
-5.44878   0.775102  1.50008
-5.46774   0.588814  1.35105
-5.42726   0.886454  1.58916
-5.43095   0.802403  1.52192
-5.5587   0.291191  1.11295
-5.52763   0.566585  1.33327
-5.50305   0.538034  1.31043
-5.52376   0.421623  1.2173
-5.4371   0.877064  1.58165
-5.39465   1.16513  1.8121
