           1     1.00528     1.00528           0
           2     1.31372      1.1595     0.15422
           3     1.38577     1.23492    0.116691
           4     1.39057     1.27384   0.0912278
           5      1.4792     1.31491    0.081734
           6     1.49082     1.34423   0.0728917
           7     1.52308     1.36978   0.0666929
           1     7.53761     7.53761           0
           2     7.69549     7.61655   0.0789362
           3     7.60076     7.61129   0.0458766
           4       7.573     7.60172   0.0338222
           5      7.5507     7.59151   0.0281152
           6     7.56722     7.58746   0.0233103
           7     7.63247     7.59389   0.0207235
           8     7.58077     7.59225   0.0180219
           9     7.56609     7.58935   0.0161575
          10     7.50932     7.58134   0.0165197
           1     7.53761     7.53761           0
           2     7.69549     7.61655   0.0789362
           3     7.60076     7.61129   0.0458766
           4       7.573     7.60172   0.0338222
           5      7.5507     7.59151   0.0281152
           6     7.56722     7.58746   0.0233103
           7     7.63247     7.59389   0.0207235
           8     7.58077     7.59225   0.0180219
           9     7.56609     7.58935   0.0161575
          10     7.50932     7.58134   0.0165197
           1     7.53761     7.53761           0
           2     7.69549     7.61655   0.0789362
           3     7.60076     7.61129   0.0458766
           4       7.573     7.60172   0.0338222
           5      7.5507     7.59151   0.0281152
           6     7.56722     7.58746   0.0233103
           7     7.63247     7.59389   0.0207235
           8     7.58077     7.59225   0.0180219
           9     7.56609     7.58935   0.0161575
          10     7.50932     7.58134   0.0165197
           1     7.53761     7.53761           0
           2     7.69549     7.61655   0.0789362
           3     7.60076     7.61129   0.0458766
           4       7.573     7.60172   0.0338222
           5      7.5507     7.59151   0.0281152
           6     7.56722     7.58746   0.0233103
           7     7.63247     7.59389   0.0207235
           8     7.58077     7.59225   0.0180219
           9     7.56609     7.58935   0.0161575
          10     7.50932     7.58134   0.0165197
           1     7.53761     7.53761           0
           2     7.69549     7.61655   0.0789362
           3     7.60076     7.61129   0.0458766
           4       7.573     7.60172   0.0338222
           5      7.5507     7.59151   0.0281152
           6     7.56722     7.58746   0.0233103
           7     7.63247     7.59389   0.0207235
           8     7.58077     7.59225   0.0180219
           9     7.56609     7.58935   0.0161575
          10     7.50932     7.58134   0.0165197
           1     7.53761     7.53761           0
           2     7.69549     7.61655   0.0789362
           3     7.60076     7.61129   0.0458766
           4       7.573     7.60172   0.0338222
           5      7.5507     7.59151   0.0281152
           6     7.56722     7.58746   0.0233103
           7     7.63247     7.59389   0.0207235
           8     7.58077     7.59225   0.0180219
           9     7.56609     7.58935   0.0161575
          10     7.50932     7.58134   0.0165197
           1     7.53761     7.53761           0
           2     7.69549     7.61655   0.0789362
           3     7.60076     7.61129   0.0458766
           4       7.573     7.60172   0.0338222
           5      7.5507     7.59151   0.0281152
           6     7.56722     7.58746   0.0233103
           7     7.63247     7.59389   0.0207235
           8     7.58077     7.59225   0.0180219
           9     7.56609     7.58935   0.0161575
          10     7.50932     7.58134   0.0165197
           1     7.53761     7.53761           0
           2     7.69549     7.61655   0.0789362
           3     7.60076     7.61129   0.0458766
           4       7.573     7.60172   0.0338222
           5      7.5507     7.59151   0.0281152
           6     7.56722     7.58746   0.0233103
           7     7.63247     7.59389   0.0207235
           8     7.58077     7.59225   0.0180219
           9     7.56609     7.58935   0.0161575
          10     7.50932     7.58134   0.0165197
           1       1.357       1.357           0
           2     1.40026     1.37863    0.021633
           3     1.44288     1.40004   0.0247918
           4     1.44848     1.41215   0.0213062
           5     1.47597     1.42492    0.020863
           6     1.17995     1.38409   0.0442389
           7     1.40457     1.38701    0.037503
           8     1.35627     1.38317   0.0327051
           9     1.39852     1.38488   0.0288936
          10     1.33441     1.37983   0.0263313
           1   0.0564831   0.0564831           0
           2   0.0564828   0.0564829 1.21195e-07
           3   0.0564825   0.0564828 1.76732e-07
           4   0.0564823   0.0564827  1.7507e-07
           5   0.0564821   0.0564826 1.72357e-07
           6   0.0564821   0.0564825  1.6354e-07
           7   0.0564819   0.0564824 1.59839e-07
           8   0.0564817   0.0564823 1.63448e-07
           9   0.0564814   0.0564822  1.7379e-07
          10   0.0564811   0.0564821  1.8816e-07
          11   0.0564809    0.056482 2.02082e-07
          12   0.0564807   0.0564819 2.11644e-07
          13   0.0564804   0.0564818 2.24838e-07
          14   0.0564802   0.0564817 2.37749e-07
          15     0.05648   0.0564816 2.46917e-07
          16   0.0564799   0.0564814 2.53372e-07
          17   0.0564796   0.0564813 2.60978e-07
          18   0.0564795   0.0564812 2.66649e-07
          19   0.0564795   0.0564811   2.676e-07
          20   0.0564795   0.0564811 2.67489e-07
          21   0.0564793    0.056481 2.67805e-07
          22   0.0564791   0.0564809  2.6864e-07
          23   0.0564789   0.0564808 2.70798e-07
          24   0.0564786   0.0564807 2.75358e-07
          25   0.0564785   0.0564806 2.78696e-07
          26   0.0564786   0.0564806 2.78974e-07
          27   0.0564784   0.0564805 2.79559e-07
           1   0.0490002   0.0490002           0
           2   0.0484847   0.0487425  0.00025773
           3   0.0490526   0.0488458 0.000181177
           4   0.0495311   0.0490171 0.000213917
           5   0.0496149   0.0491367 0.000204327
           6   0.0487709   0.0490757 0.000177625
           7   0.0489669   0.0490602 0.000150923
           8    0.049653   0.0491343 0.000150249
           9   0.0500909   0.0492406 0.000169869
          10   0.0482911   0.0491456 0.000179163
           1   0.0490002   0.0490002           0
           2   0.0484847   0.0487425  0.00025773
           3   0.0490526   0.0488458 0.000181177
           4   0.0495311   0.0490171 0.000213917
           5   0.0496149   0.0491367 0.000204327
           6   0.0487709   0.0490757 0.000177625
           7   0.0489669   0.0490602 0.000150923
           8    0.049653   0.0491343 0.000150249
           9   0.0500909   0.0492406 0.000169869
          10   0.0482911   0.0491456 0.000179163
           1   0.0490002   0.0490002           0
           2   0.0484847   0.0487425  0.00025773
           3   0.0490526   0.0488458 0.000181177
           4   0.0495311   0.0490171 0.000213917
           5   0.0496149   0.0491367 0.000204327
           6   0.0487709   0.0490757 0.000177625
           7   0.0489669   0.0490602 0.000150923
           8    0.049653   0.0491343 0.000150249
           9   0.0500909   0.0492406 0.000169869
          10   0.0482911   0.0491456 0.000179163
           1       1.357       1.357           0
           2     1.40026     1.37863    0.021633
           3     1.44288     1.40004   0.0247918
           4     1.44848     1.41215   0.0213062
           5     1.47597     1.42492    0.020863
           6     1.17995     1.38409   0.0442389
           7     1.40457     1.38701    0.037503
           8     1.35627     1.38317   0.0327051
           9     1.39852     1.38488   0.0288936
          10     1.33441     1.37983   0.0263313
           1     7.53761     7.53761           0
           2     7.69549     7.61655   0.0789362
           3     7.60076     7.61129   0.0458766
           4       7.573     7.60172   0.0338222
           5      7.5507     7.59151   0.0281152
           6     7.56722     7.58746   0.0233103
           7     7.63247     7.59389   0.0207235
           8     7.58077     7.59225   0.0180219
           9     7.56609     7.58935   0.0161575
          10     7.50932     7.58134   0.0165197
