           1    -5.53981    -5.53981           0
           2    -5.47979     -5.5098   0.0300111
           3    -5.46378    -5.49446   0.0231418
           4    -5.46286    -5.48656   0.0181712
           5    -5.44762    -5.47877   0.0160865
           6    -5.44041    -5.47238    0.014608
           7    -5.44155    -5.46797   0.0131081
           1    -7.55727    -7.55727           0
           2    -7.52802    -7.54264   0.0146234
           3    -7.54475    -7.54335  0.00847204
           4    -7.55102    -7.54526  0.00629002
           5    -7.55505    -7.54722   0.0052504
           6    -7.55139    -7.54792  0.00434297
           7    -7.53882    -7.54662  0.00389351
           8    -7.54846    -7.54685  0.00337979
           9    -7.55016    -7.54722  0.00300328
          10    -7.56212    -7.54871    0.003072
           1    -7.55727    -7.55727           0
           2    -7.52802    -7.54264   0.0146234
           3    -7.54475    -7.54335  0.00847204
           4    -7.55102    -7.54526  0.00629002
           5    -7.55505    -7.54722   0.0052504
           6    -7.55139    -7.54792  0.00434297
           7    -7.53882    -7.54662  0.00389351
           8    -7.54846    -7.54685  0.00337979
           9    -7.55016    -7.54722  0.00300328
          10    -7.56212    -7.54871    0.003072
           1    -7.55727    -7.55727           0
           2    -7.52802    -7.54264   0.0146234
           3    -7.54475    -7.54335  0.00847204
           4    -7.55102    -7.54526  0.00629002
           5    -7.55505    -7.54722   0.0052504
           6    -7.55139    -7.54792  0.00434297
           7    -7.53882    -7.54662  0.00389351
           8    -7.54846    -7.54685  0.00337979
           9    -7.55016    -7.54722  0.00300328
          10    -7.56212    -7.54871    0.003072
           1    -7.55727    -7.55727           0
           2    -7.52802    -7.54264   0.0146234
           3    -7.54475    -7.54335  0.00847204
           4    -7.55102    -7.54526  0.00629002
           5    -7.55505    -7.54722   0.0052504
           6    -7.55139    -7.54792  0.00434297
           7    -7.53882    -7.54662  0.00389351
           8    -7.54846    -7.54685  0.00337979
           9    -7.55016    -7.54722  0.00300328
          10    -7.56212    -7.54871    0.003072
           1    -7.55727    -7.55727           0
           2    -7.52802    -7.54264   0.0146234
           3    -7.54475    -7.54335  0.00847204
           4    -7.55102    -7.54526  0.00629002
           5    -7.55505    -7.54722   0.0052504
           6    -7.55139    -7.54792  0.00434297
           7    -7.53882    -7.54662  0.00389351
           8    -7.54846    -7.54685  0.00337979
           9    -7.55016    -7.54722  0.00300328
          10    -7.56212    -7.54871    0.003072
           1    -7.55727    -7.55727           0
           2    -7.52802    -7.54264   0.0146234
           3    -7.54475    -7.54335  0.00847204
           4    -7.55102    -7.54526  0.00629002
           5    -7.55505    -7.54722   0.0052504
           6    -7.55139    -7.54792  0.00434297
           7    -7.53882    -7.54662  0.00389351
           8    -7.54846    -7.54685  0.00337979
           9    -7.55016    -7.54722  0.00300328
          10    -7.56212    -7.54871    0.003072
           1    -7.55727    -7.55727           0
           2    -7.52802    -7.54264   0.0146234
           3    -7.54475    -7.54335  0.00847204
           4    -7.55102    -7.54526  0.00629002
           5    -7.55505    -7.54722   0.0052504
           6    -7.55139    -7.54792  0.00434297
           7    -7.53882    -7.54662  0.00389351
           8    -7.54846    -7.54685  0.00337979
           9    -7.55016    -7.54722  0.00300328
          10    -7.56212    -7.54871    0.003072
           1    -7.55727    -7.55727           0
           2    -7.52802    -7.54264   0.0146234
           3    -7.54475    -7.54335  0.00847204
           4    -7.55102    -7.54526  0.00629002
           5    -7.55505    -7.54722   0.0052504
           6    -7.55139    -7.54792  0.00434297
           7    -7.53882    -7.54662  0.00389351
           8    -7.54846    -7.54685  0.00337979
           9    -7.55016    -7.54722  0.00300328
          10    -7.56212    -7.54871    0.003072
           1    -5.47006    -5.47006           0
           2     -5.4619    -5.46598  0.00408272
           3    -5.45656    -5.46284  0.00392464
           4    -5.45335    -5.46047  0.00365032
           5    -5.45017    -5.45841  0.00349806
           6    -5.50842    -5.46674  0.00881079
           7    -5.46932    -5.46711  0.00745557
           8    -5.47332    -5.46789  0.00650319
           9    -5.46771    -5.46787  0.00573531
          10    -5.48147    -5.46923  0.00530695
           1  -0.0352073  -0.0352073           0
           2  -0.0352097  -0.0352085  1.2186e-06
           3  -0.0352134  -0.0352101 1.77691e-06
           4  -0.0352151  -0.0352114 1.76023e-06
           5  -0.0352167  -0.0352124 1.73292e-06
           6  -0.0352175  -0.0352133  1.6443e-06
           7  -0.0352189  -0.0352141 1.60708e-06
           8  -0.0352211   -0.035215 1.64332e-06
           9  -0.0352237  -0.0352159 1.74731e-06
          10  -0.0352266   -0.035217 1.89175e-06
          11  -0.0352291  -0.0352181 2.03169e-06
          12  -0.0352306  -0.0352191 2.12787e-06
          13  -0.0352338  -0.0352203 2.26056e-06
          14  -0.0352364  -0.0352214  2.3904e-06
          15  -0.0352379  -0.0352225 2.48261e-06
          16  -0.0352393  -0.0352236 2.54752e-06
          17  -0.0352419  -0.0352247   2.624e-06
          18  -0.0352432  -0.0352257 2.68102e-06
          19  -0.0352428  -0.0352266  2.6906e-06
          20  -0.0352435  -0.0352274  2.6895e-06
          21  -0.0352451  -0.0352283 2.69267e-06
          22  -0.0352467  -0.0352291 2.70107e-06
          23  -0.0352491    -0.03523 2.72274e-06
          24  -0.0352524  -0.0352309 2.76854e-06
          25  -0.0352533  -0.0352318 2.80207e-06
          26  -0.0352523  -0.0352326 2.80486e-06
          27  -0.0352538  -0.0352334 2.81075e-06
           1   -0.420209   -0.420209           0
           2   -0.415826   -0.418017  0.00219148
           3   -0.411523   -0.415852  0.00250736
           4   -0.411798   -0.414839  0.00204229
           5   -0.407678   -0.413407   0.0021339
           6   -0.416338   -0.413895   0.0018095
           7   -0.410698   -0.413439  0.00159605
           8   -0.409255   -0.412916  0.00147782
           9   -0.418744   -0.413563  0.00145536
          10   -0.415168   -0.413724  0.00131156
           1   -0.420209   -0.420209           0
           2   -0.415826   -0.418017  0.00219148
           3   -0.411523   -0.415852  0.00250736
           4   -0.411798   -0.414839  0.00204229
           5   -0.407678   -0.413407   0.0021339
           6   -0.416338   -0.413895   0.0018095
           7   -0.410698   -0.413439  0.00159605
           8   -0.409255   -0.412916  0.00147782
           9   -0.418744   -0.413563  0.00145536
          10   -0.415168   -0.413724  0.00131156
           1   -0.420209   -0.420209           0
           2   -0.415826   -0.418017  0.00219148
           3   -0.411523   -0.415852  0.00250736
           4   -0.411798   -0.414839  0.00204229
           5   -0.407678   -0.413407   0.0021339
           6   -0.416338   -0.413895   0.0018095
           7   -0.410698   -0.413439  0.00159605
           8   -0.409255   -0.412916  0.00147782
           9   -0.418744   -0.413563  0.00145536
          10   -0.415168   -0.413724  0.00131156
           1    -5.47006    -5.47006           0
           2     -5.4619    -5.46598  0.00408272
           3    -5.45656    -5.46284  0.00392464
           4    -5.45335    -5.46047  0.00365032
           5    -5.45017    -5.45841  0.00349806
           6    -5.50842    -5.46674  0.00881079
           7    -5.46932    -5.46711  0.00745557
           8    -5.47332    -5.46789  0.00650319
           9    -5.46771    -5.46787  0.00573531
          10    -5.48147    -5.46923  0.00530695
           1    -7.55727    -7.55727           0
           2    -7.52802    -7.54264   0.0146234
           3    -7.54475    -7.54335  0.00847204
           4    -7.55102    -7.54526  0.00629002
           5    -7.55505    -7.54722   0.0052504
           6    -7.55139    -7.54792  0.00434297
           7    -7.53882    -7.54662  0.00389351
           8    -7.54846    -7.54685  0.00337979
           9    -7.55016    -7.54722  0.00300328
          10    -7.56212    -7.54871    0.003072
