0.494185   1.49729  1.88541
0.487549   1.49497  1.50189
0.487549   1.49497  1.74644
0.487232   1.48742  1.37132
0.487232   1.48742  2.04433
0.48059   1.50017  1.46868
0.48059   1.50017  1.47726
0.48059   1.50017  1.73477
0.48059   1.50017  1.75284
0.473939   1.50727  1.68251
0.473939   1.50727  2.02447
0.475596   1.50135  1.74769
0.475596   1.50135  1.89411
0.471129   1.50434  1.53327
0.479202   1.49772  1.38147
0.479202   1.49772  1.59785
0.485922   1.50212  1.49465
0.483313   1.51325  1.36659
0.483313   1.51325  1.71013
0.483313   1.51325  1.756
0.473532   1.49837  1.62009
0.473532   1.49837  1.95636
0.47506   1.4918  1.37463
0.47506   1.4918  1.7101
0.483304   1.49599  1.60988
0.483304   1.49599  2.06752
0.47037   1.50862  1.86312
0.48387   1.50437  1.46829
0.48387   1.50437  1.70145
0.485651   1.49973  1.66417
0.479915   1.48623  1.43111
0.471544   1.49657  1.37479
0.471544   1.49657  1.71441
0.47791   1.48172  1.2613
0.47791   1.48172  1.51823
0.486842   1.48114  1.42861
0.486842   1.48114  1.53882
0.486295   1.46839  1.38455
0.486295   1.46839  1.5165
0.486295   1.46839  1.67195
0.476984   1.45517  1.23783
0.476984   1.45517  1.33285
0.480255   1.45897  1.11668
0.480255   1.45897  1.22339
0.480255   1.45897  1.35458
0.480255   1.45897  1.43682
0.480255   1.45897  1.48179
0.480255   1.45897  1.7211
0.490525   1.47236  1.65246
0.498578   1.46969  1.56826
0.492278   1.45797  1.14855
0.492278   1.45797  1.25842
0.492278   1.45797  1.38429
0.493972   1.46886  1.25203
0.493972   1.46886  1.31339
0.493972   1.46886  1.55805
0.493972   1.46886  1.60669
0.485845   1.46317  1.28684
0.492988   1.45644  1.22217
0.492988   1.45644  1.51562
0.486955   1.44639  1.36344
0.488637   1.43866  1.28686
0.483701   1.43532  1.05554
0.483701   1.43532  1.44553
0.495709   1.43961  1.2889
0.505726   1.43481  1.06805
0.505726   1.43481  1.4116
0.494032   1.42883  1.01821
0.494032   1.42883  1.14948
0.504742   1.43926  1.10711
0.504742   1.43926  1.21219
0.504742   1.43926  1.41019
0.495387   1.45284  1.26002
0.495387   1.45284  1.26965
0.495387   1.45284  1.57635
0.489265   1.44531  1.12329
0.489265   1.44531  1.34927
0.476556   1.43649  1.03839
0.476556   1.43649  1.46208
0.470511   1.44024  1.39449
0.462831   1.43807  1.11212
0.473986   1.42601  0.980835
0.459916   1.41986  0.943638
0.459916   1.41986  1.30531
0.449731   1.4321  1.26643
0.458315   1.44349  1.19948
0.463575   1.43401  1.09742
0.463575   1.43401  1.22565
0.456646   1.42738  1.04469
0.456646   1.42738  1.13477
0.455975   1.42271  1.01806
0.449328   1.41445  0.983695
0.449328   1.41445  1.06986
0.449328   1.41445  1.16654
0.449328   1.41445  1.21264
0.451734   1.40754  0.739028
0.451734   1.40754  1.10437
0.450043   1.41523  0.869862
0.450043   1.41523  0.929195
0.450043   1.41523  0.935888
0.450043   1.41523  1.12511
0.439786   1.41233  0.990742
0.439786   1.41233  1.18285
0.454286   1.40881  1.01146
0.454286   1.40881  1.12546
0.461736   1.40744  1.06178
0.461173   1.41987  1.00762
0.467456   1.41841  0.920892
0.477954   1.41379  0.91429
0.477954   1.41379  0.989774
0.482123   1.41024  0.950598
0.482123   1.41024  0.991843
0.482123   1.41024  1.02759
0.482123   1.41024  1.06319
0.479156   1.41064  0.975163
0.479156   1.41064  1.05643
0.486173   1.40532  0.97496
0.491027   1.39511  0.94163
0.491027   1.39511  0.983685
0.491027   1.39511  1.03789
0.503666   1.39838  0.91619
0.503666   1.39838  1.36526
0.517502   1.39682  1.06538
0.511195   1.41121  1.02475
0.511195   1.41121  1.11005
0.511195   1.41121  1.25068
0.502894   1.40921  1.1387
0.501545   1.42419  1.02781
0.501545   1.42419  1.17237
0.501545   1.42419  1.18525
0.49549   1.43712  1.07293
0.49549   1.43712  1.44216
0.494884   1.43577  1.15971
0.492179   1.44959  1.15578
0.492179   1.44959  1.61489
0.504336   1.46085  1.32717
0.504336   1.46085  1.64589
0.498846   1.45878  1.40035
0.498846   1.45878  1.49573
0.489651   1.4583  1.33044
0.489651   1.4583  1.56688
0.490118   1.46172  1.28472
0.495298   1.45171  1.11588
0.495298   1.45171  1.21016
0.495298   1.45171  1.42165
0.495298   1.45171  1.60676
0.484951   1.43927  1.28794
0.484951   1.43927  1.3236
0.485402   1.42772  0.954322
0.485402   1.42772  1.22658
0.477483   1.42921  0.951802
0.477483   1.42921  1.1667
0.469088   1.42762  0.93431
0.469088   1.42762  1.19065
0.469088   1.42762  1.3639
0.454817   1.41452  0.93521
0.454817   1.41452  1.08337
0.447313   1.42521  0.949694
0.447313   1.42521  0.978563
0.447313   1.42521  1.13738
0.435081   1.43866  1.05932
0.423846   1.4297  0.946403
0.413515   1.43312  0.924459
0.40133   1.42406  0.84324
0.415036   1.41378  0.75895
0.415036   1.41378  0.802551
0.415036   1.41378  1.06729
0.415958   1.40178  0.814981
0.415958   1.40178  1.06134
0.413215   1.40505  0.825677
0.413215   1.40505  0.942682
0.413215   1.40505  0.972747
0.419806   1.41373  0.957943
0.414334   1.42138  0.833098
0.414334   1.42138  0.95712
0.414334   1.42138  1.0338
0.414334   1.42138  1.15581
0.403629   1.41238  0.858393
0.406122   1.4084  0.824939
0.406122   1.4084  0.889502
0.406122   1.4084  1.03002
0.407367   1.39441  0.800315
0.402401   1.38358  0.749066
0.402401   1.38358  0.860082
0.415343   1.38573  0.81105
0.415343   1.38573  0.834199
0.42757   1.38203  0.751939
0.42757   1.38203  0.811966
0.434934   1.39069  0.674337
0.434934   1.39069  0.85536
0.434934   1.39069  0.896104
0.434141   1.38708  0.715335
0.419839   1.38594  0.680579
0.419839   1.38594  0.960382
0.426983   1.39886  0.86119
0.426983   1.39886  0.963096
0.426983   1.39886  1.0603
0.439027   1.40104  0.912061
0.439027   1.40104  0.951872
0.445381   1.39059  0.94374
0.454256   1.39783  0.8736
0.454256   1.39783  0.973621
0.454256   1.39783  1.23214
0.455671   1.40919  1.16356
0.45465   1.40157  1.10988
0.45465   1.40157  1.16516
0.460989   1.41105  1.00285
0.471897   1.40327  0.694714
0.471897   1.40327  0.81039
0.471897   1.40327  0.988442
0.479541   1.39297  0.890321
0.479541   1.39297  1.08364
0.483766   1.39039  0.995351
0.488601   1.38395  0.781439
0.488601   1.38395  1.00349
0.479042   1.37135  0.856149
0.479042   1.37135  1.09208
0.489889   1.35933  0.610052
0.489889   1.35933  0.913549
0.504809   1.34977  0.686137
0.504809   1.34977  0.736701
0.504809   1.34977  0.921188
0.508492   1.33979  0.662472
0.51767   1.33886  0.576834
0.51767   1.33886  0.847839
0.51767   1.33886  0.995481
0.512131   1.34505  0.792937
0.507105   1.34568  0.628953
0.507105   1.34568  0.807746
0.507105   1.34568  0.82696
0.507105   1.34568  1.10887
0.517381   1.35857  0.772167
0.517381   1.35857  0.976264
0.517381   1.35857  0.98592
0.521299   1.36237  0.82149
0.523503   1.3504  0.699857
0.527184   1.34659  0.688979
0.527184   1.34659  0.869812
0.527566   1.34146  0.777046
0.527566   1.34146  0.883049
0.519691   1.35331  0.739611
0.512302   1.34496  0.739268
0.512302   1.34496  0.812482
0.518082   1.3421  0.73526
0.523192   1.33882  0.578961
0.523192   1.33882  0.596383
0.508868   1.32862  0.570528
0.508868   1.32862  0.757331
0.509337   1.31748  0.513933
0.509337   1.31748  0.71203
0.504631   1.32865  0.659957
0.504631   1.32865  0.709974
0.505299   1.32801  0.654326
0.505299   1.32801  0.724016
0.496477   1.33622  0.638373
0.496477   1.33622  0.752636
0.496477   1.33622  0.78278
0.493612   1.33508  0.744691
0.493612   1.33508  0.891561
0.506107   1.3395  0.768954
0.506107   1.3395  0.776692
0.519369   1.3349  0.749238
0.523188   1.32113  0.591808
0.523188   1.32113  0.842957
0.529369   1.30699  0.559021
0.529369   1.30699  0.761885
0.520593   1.30917  0.716831
0.520593   1.30917  0.854903
0.52416   1.31323  0.484839
0.52416   1.31323  0.756673
0.528654   1.31943  0.515291
0.528654   1.31943  0.659771
0.515045   1.31079  0.552599
0.506194   1.30667  0.550401
0.506194   1.30667  0.611832
0.492683   1.29577  0.430368
0.492683   1.29577  0.576366
0.486876   1.29075  0.502959
0.486876   1.29075  0.545897
0.494041   1.27825  0.432087
0.497275   1.26928  0.429241
0.497275   1.26928  0.509533
0.507871   1.27281  0.423984
0.507871   1.27281  0.51268
0.507871   1.27281  0.518081
0.510688   1.2734  0.425658
0.510688   1.2734  0.431148
0.510688   1.2734  0.438696
0.519855   1.27484  0.419787
0.530759   1.2627  0.418875
0.530759   1.2627  0.446538
0.521214   1.25137  0.281333
0.521214   1.25137  0.437592
0.524354   1.26346  0.361324
0.524354   1.26346  0.561669
0.523908   1.27233  0.373792
0.523908   1.27233  0.446024
0.509999   1.2829  0.43748
0.509999   1.2829  0.64959
0.523515   1.26832  0.434113
0.534319   1.26334  0.368782
0.534319   1.26334  0.448813
0.534319   1.26334  0.511733
0.519483   1.26601  0.373905
0.519483   1.26601  0.604669
0.528125   1.28005  0.523215
0.520515   1.28398  0.468245
0.520515   1.28398  0.561289
0.520515   1.28398  0.574118
0.520515   1.28398  0.646502
0.509463   1.27075  0.363997
0.509463   1.27075  0.541079
0.512508   1.28079  0.509404
0.512508   1.28079  0.571307
0.501641   1.26955  0.385679
0.501641   1.26955  0.422938
0.504276   1.28391  0.414448
0.504276   1.28391  0.475717
0.504276   1.28391  0.580051
0.507689   1.27368  0.406366
0.507689   1.27368  0.43802
0.497995   1.2772  0.40361
0.49945   1.26889  0.320982
0.49945   1.26889  0.352445
0.49945   1.26889  0.449407
0.487459   1.27615  0.418912
0.483475   1.27472  0.35485
0.483475   1.27472  0.432469
0.483475   1.27472  0.485966
0.483981   1.28944  0.455736
0.47371   1.29899  0.455092
0.460358   1.3066  0.39425
0.460358   1.3066  0.661242
0.461552   1.30812  0.503678
0.461552   1.30812  0.582032
0.473732   1.30454  0.416428
0.473732   1.30454  0.648479
0.472047   1.30525  0.552533
0.472047   1.30525  0.619564
0.472662   1.29025  0.549813
0.478413   1.28105  0.35928
0.478413   1.28105  0.468901
0.490546   1.27545  0.408358
0.495719   1.27193  0.345994
0.495719   1.27193  0.377379
0.508181   1.27173  0.349342
0.508181   1.27173  0.418164
0.508181   1.27173  0.476955
0.508181   1.27173  0.484737
0.495525   1.28236  0.440167
0.505587   1.27443  0.405816
0.514211   1.27298  0.347743
0.514211   1.27298  0.460738
0.514211   1.27298  0.486468
0.525486   1.27537  0.350928
0.525486   1.27537  0.478268
0.525486   1.27537  0.624318
0.536675   1.27139  0.574985
0.52505   1.28402  0.546851
0.510304   1.29644  0.384658
0.510304   1.29644  0.485496
0.510304   1.29644  0.520109
0.499027   1.29943  0.467793
0.499027   1.29943  0.498126
0.494898   1.29301  0.417845
0.494898   1.29301  0.516175
0.494898   1.29301  0.536182
0.483851   1.30791  0.535577
0.485765   1.31364  0.446493
0.485765   1.31364  0.511336
0.485765   1.31364  0.627962
0.485765   1.31364  0.70522
0.499199   1.31574  0.685573
0.5025   1.30284  0.664973
0.50278   1.29586  0.51954
0.496079   1.30911  0.477874
0.4874   1.29554  0.372488
0.4874   1.29554  0.808604
0.474731   1.29978  0.568353
0.474715   1.29581  0.358272
0.474715   1.29581  0.476061
0.474715   1.29581  0.489767
0.484785   1.28304  0.397598
0.484785   1.28304  0.437362
0.484785   1.28304  0.459644
0.484785   1.28304  0.48414
0.484785   1.28304  0.496117
0.478653   1.29309  0.443083
0.478653   1.29309  0.459635
0.470121   1.29155  0.388979
0.470121   1.29155  0.528022
0.459254   1.30112  0.514661
0.459254   1.30112  0.566906
0.459254   1.30112  0.596596
0.468411   1.28813  0.458951
0.482815   1.28557  0.437227
0.482815   1.28557  0.459159
0.480793   1.28931  0.371573
0.480793   1.28931  0.537126
0.480793   1.28931  0.818878
0.469843   1.30352  0.505565
0.461273   1.30403  0.502892
0.461273   1.30403  0.572873
0.459298   1.30042  0.551685
0.459298   1.30042  0.553044
0.453225   1.28705  0.320075
0.440117   1.27931  0.311526
0.444057   1.29372  0.26359
0.444057   1.29372  0.549747
0.448024   1.30712  0.414467
0.448024   1.30712  0.421884
0.448024   1.30712  0.432785
0.438173   1.29214  0.387912
0.441399   1.28701  0.372595
0.433145   1.2722  0.342439
0.43248   1.26741  0.265112
0.444595   1.25964  0.23517
0.444595   1.25964  0.389001
0.452242   1.26356  0.325236
0.452242   1.26356  0.350152
0.452242   1.26356  0.45603
0.451262   1.2624  0.240634
0.451262   1.2624  0.330141
0.451262   1.2624  0.337221
0.461186   1.27021  0.269582
0.461186   1.27021  0.271738
0.461186   1.27021  0.289158
0.461186   1.27021  0.399115
0.461233   1.25997  0.273563
0.466633   1.25159  0.238757
0.453336   1.24602  0.16911
0.453336   1.24602  0.244237
0.453336   1.24602  0.337779
0.452373   1.26087  0.242632
0.452373   1.26087  0.355214
0.452373   1.26087  0.39481
0.44302   1.26101  0.245662
0.44302   1.26101  0.285893
0.44302   1.26101  0.30754
0.44302   1.26101  0.36465
0.436166   1.27196  0.330207
0.442733   1.25897  0.278443
0.448073   1.24941  0.277528
0.456678   1.25837  0.207861
0.456678   1.25837  0.327532
0.447356   1.27117  0.230378
0.447356   1.27117  0.271431
0.447356   1.27117  0.345189
0.447356   1.27117  0.358274
0.447356   1.27117  0.408164
0.450084   1.28087  0.289381
0.450084   1.28087  0.485803
0.462394   1.27963  0.339866
0.462394   1.27963  0.37421
0.462394   1.27963  0.420075
0.468635   1.27747  0.394871
0.468635   1.27747  0.45337
0.459576   1.27519  0.248258
0.459576   1.27519  0.603127
0.46044   1.27436  0.385096
0.449805   1.2609  0.318665
0.453006   1.25542  0.257999
0.467158   1.24787  0.23261
0.467158   1.24787  0.382289
0.467158   1.24787  0.401772
0.454896   1.25248  0.271496
0.454896   1.25248  0.480304
0.465809   1.25123  0.213046
0.465809   1.25123  0.317235
0.465809   1.25123  0.416665
0.463179   1.239  0.209777
0.463179   1.239  0.434522
0.474377   1.25283  0.301695
0.474377   1.25283  0.52119
0.467137   1.25839  0.293054
0.463052   1.26434  0.277699
0.463052   1.26434  0.356836
0.451273   1.26181  0.318962
0.451273   1.26181  0.424658
0.444403   1.24978  0.318809
0.444403   1.24978  0.341052
0.438388   1.24387  0.203851
0.438388   1.24387  0.271262
0.451219   1.23359  0.190361
0.451219   1.23359  0.261827
0.451219   1.23359  0.369323
0.453164   1.23459  0.222909
0.453164   1.23459  0.257069
0.453164   1.23459  0.367599
0.444245   1.24798  0.229399
0.437872   1.24801  0.205715
0.437872   1.24801  0.211052
0.437872   1.24801  0.229033
0.437872   1.24801  0.240383
0.437872   1.24801  0.348211
0.426692   1.23723  0.0967063
0.426692   1.23723  0.187825
0.426692   1.23723  0.193315
0.435112   1.23134  0.187057
0.435112   1.23134  0.252656
0.420688   1.23417  0.209222
0.418286   1.22008  0.135383
0.408234   1.20713  0.0941685
0.395934   1.1932  -0.0348487
0.395934   1.1932  -0.0335143
0.395934   1.1932  0.0414465
0.395934   1.1932  0.0426793
0.395934   1.1932  0.0799222
0.395934   1.1932  0.123312
0.390234   1.17967  0.0524975
0.375925   1.18378  0.0235148
0.371374   1.17079  -0.0717096
0.371374   1.17079  0.0030097
0.377555   1.17247  -0.0153455
0.374674   1.18112  -0.034246
0.374674   1.18112  0.0197259
0.361318   1.19267  -0.0117744
0.361318   1.19267  0.0387191
0.361318   1.19267  0.0571708
0.363612   1.1864  0.00109012
0.363612   1.1864  0.0536013
0.357223   1.18446  -0.0750964
0.357223   1.18446  0.0536537
0.343656   1.19532  0.0391606
0.358118   1.18788  0.0237047
0.34403   1.19017  -0.080133
0.34403   1.19017  -0.0254422
0.34403   1.19017  0.000540883
0.344547   1.19744  -0.0685245
0.344547   1.19744  0.102121
0.337183   1.20974  -0.00835715
0.337183   1.20974  0.150248
0.337183   1.20974  0.153151
0.35117   1.20126  0.141741
0.34048   1.20722  0.0297193
0.353609   1.20905  0.0180491
0.353609   1.20905  0.172633
0.344081   1.21196  0.148185
0.343471   1.2153  0.10514
0.328502   1.20185  -0.0259758
0.328502   1.20185  -0.0051988
0.328502   1.20185  0.0128325
0.328502   1.20185  0.0547842
0.334505   1.18805  0.0489448
0.334505   1.18805  0.0576182
0.329103   1.17422  -0.0867245
0.329103   1.17422  0.0467465
0.329461   1.17252  -0.0547262
0.329461   1.17252  -0.0531807
0.314852   1.16635  -0.0657527
0.314852   1.16635  0.00161265
0.320328   1.16666  -0.0980005
0.320328   1.16666  -0.0769717
0.320328   1.16666  -0.0735767
0.307877   1.17418  -0.106356
0.307877   1.17418  -0.00446998
0.300782   1.17653  -0.11962
0.300782   1.17653  -0.00296767
0.300782   1.17653  0.0150159
0.305021   1.16171  -0.0620391
0.308992   1.16775  -0.0803442
0.315553   1.15506  -0.116
0.315553   1.15506  -0.0669326
0.315553   1.15506  -0.00678671
0.322003   1.16709  -0.0493076
0.322003   1.16709  -0.00809933
0.315364   1.15399  -0.0362456
0.316088   1.1488  -0.0855565
0.327162   1.13482  -0.0893009
0.326267   1.12234  -0.141
0.326267   1.12234  -0.114293
0.337227   1.12091  -0.163121
0.337227   1.12091  -0.156518
0.337227   1.12091  -0.089551
0.346777   1.11816  -0.0915052
0.35522   1.10435  -0.177205
0.35522   1.10435  -0.107301
0.365263   1.10405  -0.115222
0.365263   1.10405  -0.0922809
0.353765   1.10892  -0.17754
0.353765   1.10892  -0.154248
0.353765   1.10892  -0.108725
0.345936   1.10514  -0.139636
0.348101   1.10412  -0.146141
0.348101   1.10412  -0.0758363
0.360965   1.11081  -0.0873432
0.350406   1.11369  -0.0986464
0.342339   1.10606  -0.127808
0.342339   1.10606  -0.104932
0.342339   1.10606  -0.094445
0.330395   1.11864  -0.136507
0.330395   1.11864  -0.0398245
0.330395   1.11864  -0.0299152
0.333728   1.11988  -0.144155
0.333667   1.10793  -0.152063
0.333667   1.10793  -0.150084
0.320664   1.11559  -0.153603
0.335241   1.11937  -0.180728
0.335241   1.11937  -0.0604317
0.327338   1.11457  -0.10663
0.323347   1.10373  -0.190158
0.323347   1.10373  -0.11314
0.319065   1.103  -0.141417
0.319901   1.09369  -0.163743
0.318442   1.07869  -0.20594
0.318442   1.07869  -0.170518
0.318442   1.07869  -0.155703
0.306982   1.06639  -0.222737
0.306982   1.06639  -0.151783
0.306982   1.06639  -0.145492
0.314571   1.07404  -0.218072
0.314571   1.07404  -0.174536
0.318443   1.07238  -0.188303
0.321345   1.06223  -0.224898
0.321345   1.06223  -0.178176
0.321345   1.06223  -0.131523
0.330283   1.07328  -0.17406
0.319156   1.06417  -0.186903
0.319156   1.06417  -0.175945
0.311528   1.05593  -0.192079
0.301086   1.07073  -0.219616
0.30075   1.06724  -0.250963
0.30075   1.06724  -0.203838
0.30075   1.06724  -0.163555
0.30075   1.06724  -0.118256
0.291115   1.07749  -0.254214
0.291115   1.07749  -0.16979
0.285252   1.08429  -0.217995
0.285252   1.08429  -0.210222
0.285252   1.08429  -0.187766
0.285252   1.08429  -0.180907
0.285252   1.08429  -0.17472
0.273495   1.09091  -0.185961
0.277493   1.08398  -0.219126
0.277493   1.08398  -0.20848
0.287429   1.07033  -0.211477
0.286146   1.06822  -0.223952
0.276004   1.0646  -0.231846
0.276004   1.0646  -0.221639
0.276004   1.0646  -0.19866
0.276004   1.0646  -0.192924
0.272207   1.04985  -0.204613
0.272207   1.04985  -0.201097
0.286909   1.04329  -0.238826
0.279267   1.0319  -0.254274
0.279267   1.0319  -0.222531
0.266128   1.03733  -0.23668
0.266128   1.03733  -0.211499
0.271817   1.03365  -0.255887
0.271817   1.03365  -0.144394
0.272515   1.03374  -0.2197
0.270486   1.03219  -0.226157
0.280793   1.0192  -0.245413
0.280793   1.0192  -0.221815
0.269708   1.01465  -0.229275
0.270573   1.00516  -0.280182
0.270573   1.00516  -0.249476
0.270573   1.00516  -0.246579
0.270573   1.00516  -0.205749
0.265555   1.00118  -0.249987
0.265555   1.00118  -0.227503
0.260019   1.01004  -0.269112
0.260019   1.01004  -0.228659
0.247691   1.02154  -0.252428
0.247691   1.02154  -0.210444
0.257163   1.02367  -0.242001
0.257163   1.02367  -0.203954
0.260322   1.02039  -0.244368
0.260322   1.02039  -0.221627
0.267917   1.00578  -0.257049
0.267917   1.00578  -0.213349
0.253209   0.997485  -0.257447
0.262077   0.992541  -0.259009
0.262077   0.992541  -0.248058
0.262077   0.992541  -0.247048
0.262077   0.992541  -0.245401
0.274017   0.986143  -0.258504
0.274017   0.986143  -0.250439
0.285955   0.984223  -0.251216
0.280759   0.98178  -0.255022
0.285499   0.985912  -0.266373
0.285499   0.985912  -0.228976
0.279872   0.978418  -0.272551
0.279872   0.978418  -0.244413
0.279872   0.978418  -0.232853
0.292812   0.978544  -0.242247
0.306175   0.969914  -0.258156
0.304781   0.978206  -0.277207
0.304781   0.978206  -0.245714
0.31522   0.979066  -0.246109
0.325848   0.991633  -0.254263
0.325848   0.991633  -0.207881
0.3113   0.989969  -0.256116
0.323075   1.00294  -0.258684
0.323075   1.00294  -0.25656
0.323075   1.00294  -0.236951
0.323075   1.00294  -0.223868
0.334267   1.01632  -0.241006
0.349157   1.00653  -0.258472
0.361045   1.0117  -0.273824
0.361045   1.0117  -0.246712
0.361045   1.0117  -0.236926
0.34634   1.0027  -0.247227
0.35277   0.995961  -0.269522
0.35277   0.995961  -0.22063
0.35277   0.995961  -0.191443
0.35048   1.00454  -0.221968
0.342886   0.99152  -0.255344
0.340408   0.991436  -0.260246
0.340408   0.991436  -0.244018
0.340408   0.991436  -0.209921
0.326149   0.983313  -0.249625
0.326149   0.983313  -0.239412
0.326149   0.983313  -0.211783
0.315085   0.980262  -0.290388
0.315085   0.980262  -0.247852
0.315085   0.980262  -0.24505
0.317149   0.967556  -0.254593
0.322261   0.96842  -0.255619
0.316928   0.97128  -0.261503
0.316928   0.97128  -0.250374
0.318916   0.973305  -0.261851
0.318916   0.973305  -0.239915
0.310403   0.988229  -0.25738
0.310403   0.988229  -0.236902
0.310403   0.988229  -0.212418
0.297191   0.989587  -0.226626
0.302364   0.992842  -0.24234
0.302364   0.992842  -0.237438
0.296824   0.982947  -0.266968
0.296824   0.982947  -0.264207
0.296824   0.982947  -0.24613
0.295783   0.975403  -0.268486
0.295783   0.975403  -0.228237
0.284796   0.967719  -0.238515
0.284796   0.967719  -0.238501
0.284796   0.967719  -0.22341
0.271394   0.9806  -0.265597
0.271394   0.9806  -0.241539
0.262484   0.985657  -0.247653
0.262484   0.985657  -0.21775
0.249769   0.98466  -0.244982
0.244503   0.986089  -0.245496
0.234049   0.973118  -0.280623
0.234049   0.973118  -0.249701
0.231907   0.963286  -0.258131
0.231907   0.963286  -0.241626
0.243109   0.9781  -0.268792
0.230439   0.992545  -0.28263
0.230439   0.992545  -0.241881
0.222975   0.982393  -0.276132
0.222975   0.982393  -0.26969
0.222975   0.982393  -0.253959
0.214371   0.994351  -0.271128
0.214371   0.994351  -0.190395
0.22015   0.984073  -0.256825
0.22015   0.984073  -0.250834
0.22015   0.984073  -0.24356
0.226373   0.993839  -0.253143
0.226373   0.993839  -0.233502
0.231698   0.991079  -0.238969
0.241825   0.991681  -0.255715
0.241825   0.991681  -0.230591
0.231742   0.9944  -0.238024
0.231742   0.9944  -0.237485
0.218872   0.993296  -0.286966
0.218872   0.993296  -0.258296
0.218872   0.993296  -0.255811
0.218872   0.993296  -0.248297
0.22993   0.992435  -0.257636
0.244501   1.00005  -0.262786
0.244501   1.00005  -0.228864
0.245442   0.99801  -0.271357
0.245442   0.99801  -0.224714
0.259663   0.989476  -0.253787
0.259663   0.989476  -0.246902
0.256138   0.993389  -0.269057
0.256138   0.993389  -0.251878
0.256138   0.993389  -0.246135
0.255398   0.979889  -0.259333
0.255398   0.979889  -0.231791
0.249703   0.983146  -0.24165
0.238687   0.979077  -0.247588
0.238687   0.979077  -0.244866
0.238687   0.979077  -0.228733
0.23506   0.991927  -0.245486
0.220363   0.988543  -0.272516
0.226667   0.973901  -0.275057
0.226667   0.973901  -0.253171
0.239637   0.965402  -0.269545
0.239637   0.965402  -0.259536
0.224855   0.978222  -0.263247
0.224855   0.978222  -0.249385
0.2235   0.984989  -0.265232
0.2235   0.984989  -0.247472
0.219585   0.994877  -0.250974
0.219585   0.994877  -0.240005
0.233453   0.995681  -0.280498
0.233453   0.995681  -0.246538
0.239183   0.996236  -0.252882
0.237278   0.996329  -0.264202
0.237278   0.996329  -0.250734
0.237278   0.996329  -0.244689
0.240946   0.996646  -0.265487
0.240946   0.996646  -0.208974
0.24408   0.99807  -0.235063
0.24408   0.99807  -0.212345
0.244163   0.995356  -0.269367
0.244163   0.995356  -0.24731
0.231892   0.987628  -0.26183
0.231892   0.987628  -0.254582
0.229364   0.981182  -0.267434
0.229364   0.981182  -0.245104
0.243181   0.991025  -0.257068
0.243181   0.991025  -0.210313
0.242461   0.976674  -0.2582
0.233252   0.978993  -0.259953
0.246296   0.969458  -0.265545
0.248729   0.972893  -0.275184
0.256696   0.971658  -0.275281
0.256696   0.971658  -0.222394
0.247119   0.985084  -0.259345
0.247119   0.985084  -0.243498
0.247119   0.985084  -0.228582
0.234737   0.985049  -0.249539
0.223844   0.982658  -0.274103
0.223844   0.982658  -0.267522
0.223844   0.982658  -0.248385
0.237275   0.98369  -0.268156
0.237275   0.98369  -0.227944
0.240636   0.969212  -0.253341
0.240636   0.969212  -0.241258
0.243537   0.959984  -0.247562
0.243537   0.959984  -0.243952
0.257261   0.957398  -0.252251
0.269785   0.942691  -0.262974
0.269785   0.942691  -0.255156
0.269785   0.942691  -0.241821
0.276194   0.943729  -0.244649
0.276194   0.943729  -0.244544
0.28418   0.947196  -0.279926
0.28418   0.947196  -0.273568
0.28418   0.947196  -0.263034
0.273212   0.957786  -0.268905
0.273212   0.957786  -0.239147
0.276337   0.955503  -0.245884
0.276337   0.955503  -0.231013
0.276337   0.955503  -0.226041
0.275679   0.945759  -0.236551
0.284414   0.934688  -0.25743
0.284414   0.934688  -0.242453
0.292411   0.948612  -0.275872
0.292411   0.948612  -0.235901
0.303096   0.940237  -0.261846
0.303096   0.940237  -0.256175
0.296187   0.945789  -0.264819
0.296187   0.945789  -0.25739
0.296187   0.945789  -0.239749
0.292525   0.95104  -0.24728
0.292525   0.95104  -0.242953
0.292156   0.941895  -0.260853
0.292156   0.941895  -0.241204
0.286129   0.936603  -0.241861
0.286129   0.936603  -0.222798
0.281581   0.930831  -0.254983
0.281581   0.930831  -0.253242
0.288872   0.926081  -0.254565
0.288872   0.926081  -0.254253
0.28676   0.918008  -0.256609
0.288646   0.930168  -0.262038
0.288646   0.930168  -0.23822
0.275165   0.937579  -0.289887
0.275165   0.937579  -0.2539
0.287534   0.941976  -0.257525
0.279628   0.93208  -0.271383
0.279628   0.93208  -0.261569
0.279628   0.93208  -0.221669
0.288218   0.925262  -0.238484
0.294323   0.938791  -0.261782
0.294323   0.938791  -0.245894
0.294323   0.938791  -0.228881
0.294323   0.938791  -0.227241
0.307595   0.924142  -0.245617
0.307595   0.924142  -0.24042
0.320388   0.929881  -0.260492
0.320388   0.929881  -0.238035
0.320388   0.929881  -0.225251
0.313517   0.9314  -0.247435
0.300973   0.927228  -0.260948
0.300973   0.927228  -0.241904
0.288403   0.940983  -0.265197
0.288403   0.940983  -0.259336
0.295089   0.951004  -0.259621
0.307076   0.942633  -0.280004
0.307076   0.942633  -0.263606
0.307076   0.942633  -0.252099
0.307076   0.942633  -0.248393
0.307076   0.942633  -0.234762
0.321931   0.942742  -0.270846
0.321931   0.942742  -0.25125
0.321931   0.942742  -0.242971
0.321931   0.942742  -0.222026
0.308898   0.95021  -0.289513
0.308898   0.95021  -0.24894
0.308898   0.95021  -0.244689
0.322765   0.939237  -0.255629
0.333397   0.93216  -0.266871
0.320524   0.921856  -0.276744
0.320524   0.921856  -0.265997
0.320524   0.921856  -0.227833
0.320524   0.921856  -0.221759
0.319667   0.934895  -0.247256
0.324307   0.934714  -0.28178
0.324307   0.934714  -0.27305
0.310865   0.946218  -0.273886
0.323207   0.946221  -0.273983
0.323207   0.946221  -0.242761
0.337844   0.942181  -0.251981
0.323683   0.953208  -0.254521
0.323683   0.953208  -0.249539
0.323683   0.953208  -0.241392
0.336252   0.962477  -0.261006
0.344443   0.954422  -0.262107
0.344443   0.954422  -0.258729
0.344443   0.954422  -0.252471
0.359303   0.953354  -0.267107
0.371912   0.954186  -0.291494
0.371912   0.954186  -0.2662
0.371912   0.954186  -0.257924
0.371912   0.954186  -0.257333
0.378195   0.954731  -0.276328
0.378195   0.954731  -0.263154
0.378195   0.954731  -0.240087
0.377009   0.950615  -0.299561
0.377009   0.950615  -0.240281
0.369858   0.953992  -0.245887
0.369858   0.953992  -0.245774
0.371766   0.956914  -0.265989
0.371766   0.956914  -0.235182
0.357044   0.955471  -0.247833
0.357044   0.955471  -0.240618
0.357044   0.955471  -0.221169
0.362503   0.944844  -0.253102
0.364774   0.937428  -0.261024
0.355558   0.937347  -0.279444
0.355558   0.937347  -0.254195
0.345215   0.951366  -0.255713
0.333409   0.937003  -0.267012
0.333409   0.937003  -0.257253
0.338879   0.943497  -0.291763
0.338879   0.943497  -0.24749
0.333647   0.956746  -0.25362
0.321422   0.9647  -0.284057
0.321422   0.9647  -0.223606
0.309404   0.977215  -0.263392
0.309404   0.977215  -0.256356
0.319273   0.962501  -0.26918
0.319273   0.962501  -0.249476
0.319273   0.962501  -0.244524
0.308962   0.959874  -0.268658
0.308962   0.959874  -0.257655
0.308962   0.959874  -0.24941
0.308962   0.959874  -0.245637
0.30436   0.970059  -0.253329
0.30436   0.970059  -0.251462
0.30436   0.970059  -0.232829
0.30436   0.970059  -0.225646
0.294444   0.96555  -0.235362
0.292077   0.972243  -0.245537
0.27876   0.975292  -0.245578
0.291699   0.980715  -0.267544
0.291699   0.980715  -0.256652
0.299   0.978907  -0.266983
0.299   0.978907  -0.225494
0.299   0.978907  -0.194386
0.296227   0.966042  -0.257871
0.307928   0.951768  -0.267793
0.307928   0.951768  -0.261758
0.30105   0.964185  -0.282054
0.30105   0.964185  -0.237901
0.300857   0.949358  -0.275887
0.300857   0.949358  -0.273295
0.300857   0.949358  -0.264391
0.313917   0.954941  -0.269616
0.313917   0.954941  -0.250158
0.313917   0.954941  -0.22694
0.325603   0.962777  -0.254897
0.337575   0.970751  -0.298997
0.337575   0.970751  -0.25497
0.337575   0.970751  -0.243513
0.337575   0.970751  -0.199242
0.328048   0.983004  -0.252369
0.331543   0.977887  -0.264297
0.331543   0.977887  -0.234548
0.331543   0.977887  -0.229096
0.320307   0.991636  -0.232376
0.322408   0.998211  -0.2552
0.308787   0.987111  -0.276971
0.308787   0.987111  -0.251934
0.308787   0.987111  -0.245203
