0.488679   0.490098  -0.0583169
0.488679   0.490098  -0.0489139
0.498283   0.499816  -0.077166
0.498283   0.499816  -0.0471817
0.499326   0.494206  -0.0865292
0.499326   0.494206  -0.0565212
0.499326   0.494206  -0.0437725
0.509668   0.496246  -0.095258
0.509668   0.496246  -0.078836
0.51352   0.510948  -0.0941965
0.520831   0.509953  -0.142182
0.520831   0.509953  -0.115968
0.520831   0.509953  -0.0908685
0.533602   0.503186  -0.144479
0.533602   0.503186  -0.103805
0.524212   0.513742  -0.144222
0.524212   0.513742  -0.121209
0.523908   0.525597  -0.168553
0.523908   0.525597  -0.154329
0.523908   0.525597  -0.111456
0.527352   0.514187  -0.142857
0.542224   0.525496  -0.184158
0.542224   0.525496  -0.166414
0.542224   0.525496  -0.163579
0.530672   0.538298  -0.17119
0.530672   0.538298  -0.163722
0.544691   0.541984  -0.212712
0.544691   0.541984  -0.180511
0.550815   0.540302  -0.197149
0.550815   0.540302  -0.196968
0.550815   0.540302  -0.188931
0.547777   0.5529  -0.217046
0.547777   0.5529  -0.159235
0.547279   0.549484  -0.187368
0.536624   0.562925  -0.193271
0.537817   0.560321  -0.216333
0.537817   0.560321  -0.206572
0.537817   0.560321  -0.189672
0.537817   0.560321  -0.181856
0.551002   0.573835  -0.227228
0.551002   0.573835  -0.210938
0.542631   0.567284  -0.227173
0.542631   0.567284  -0.182571
0.548472   0.556123  -0.21445
0.548472   0.556123  -0.212555
0.545753   0.557046  -0.214326
0.558858   0.5421  -0.223195
0.558858   0.5421  -0.222093
0.558858   0.5421  -0.210038
0.566618   0.544029  -0.21652
0.564587   0.539693  -0.222078
0.572543   0.551891  -0.230196
0.577216   0.565541  -0.265598
0.577216   0.565541  -0.245062
0.583523   0.56312  -0.267998
0.577446   0.573079  -0.269216
0.577446   0.573079  -0.259432
0.577446   0.573079  -0.259271
0.577446   0.573079  -0.256905
0.577446   0.573079  -0.234471
0.580953   0.563438  -0.265085
0.592809   0.57615  -0.290005
0.601217   0.568614  -0.306431
0.605186   0.580396  -0.313371
0.605186   0.580396  -0.290989
0.597701   0.589698  -0.297969
0.605248   0.583863  -0.319194
0.605248   0.583863  -0.314661
0.605248   0.583863  -0.28133
0.606984   0.582396  -0.318899
0.606984   0.582396  -0.307749
0.606023   0.590619  -0.32011
0.605785   0.585928  -0.320546
0.605785   0.585928  -0.311203
0.605785   0.585928  -0.307935
0.605785   0.585928  -0.297666
0.60533   0.587046  -0.318999
0.612815   0.581707  -0.335067
0.612815   0.581707  -0.306783
0.603053   0.585485  -0.313697
0.603053   0.585485  -0.304216
0.603053   0.585485  -0.302011
0.605593   0.577297  -0.302944
0.605593   0.577297  -0.283104
0.614304   0.570587  -0.316066
0.620494   0.567037  -0.332758
0.620494   0.567037  -0.32543
0.620494   0.567037  -0.298003
0.61558   0.565679  -0.319468
0.61558   0.565679  -0.297027
0.613007   0.563832  -0.321243
0.613007   0.563832  -0.293313
0.627384   0.564737  -0.319828
0.641963   0.559368  -0.338168
0.654845   0.568758  -0.367176
0.654845   0.568758  -0.3659
0.654845   0.568758  -0.332447
0.658728   0.571417  -0.357014
0.658728   0.571417  -0.350664
0.653918   0.584857  -0.361086
0.653163   0.587759  -0.361248
0.66167   0.576273  -0.374639
0.66167   0.576273  -0.350809
0.67196   0.575582  -0.37345
0.665818   0.573487  -0.386121
0.665818   0.573487  -0.377835
0.665818   0.573487  -0.362549
0.665818   0.573487  -0.357134
0.673604   0.582184  -0.382757
0.673604   0.582184  -0.360388
0.673604   0.582184  -0.349914
0.65901   0.584006  -0.366366
0.651751   0.596028  -0.368764
0.660044   0.587313  -0.386806
0.660044   0.587313  -0.370869
0.66956   0.592689  -0.382254
0.66956   0.592689  -0.377393
0.666101   0.597771  -0.381511
0.681084   0.593246  -0.390262
0.681084   0.593246  -0.381665
0.6697   0.605981  -0.391362
0.6697   0.605981  -0.387758
0.6697   0.605981  -0.380078
0.678816   0.592715  -0.394308
0.678816   0.592715  -0.38115
0.67707   0.587138  -0.383237
0.680425   0.600086  -0.393047
0.689894   0.608131  -0.409763
0.689894   0.608131  -0.396446
0.695874   0.598075  -0.405928
0.695874   0.598075  -0.39711
0.695874   0.598075  -0.3941
0.692768   0.610559  -0.413263
0.692768   0.610559  -0.405737
0.692768   0.610559  -0.400803
0.705111   0.623574  -0.407162
0.705111   0.623574  -0.403436
0.697094   0.613207  -0.41087
0.697094   0.613207  -0.407679
0.697094   0.613207  -0.405791
0.697094   0.613207  -0.401845
0.710928   0.610607  -0.411493
0.715613   0.601956  -0.413923
0.715613   0.601956  -0.410486
0.704345   0.602016  -0.424934
0.704345   0.602016  -0.411153
0.700749   0.602655  -0.412807
0.700749   0.602655  -0.400255
0.711132   0.611524  -0.418947
0.724202   0.617952  -0.424904
0.724202   0.617952  -0.405286
0.715367   0.605141  -0.418498
0.715367   0.605141  -0.416162
0.715367   0.605141  -0.405548
0.712687   0.606531  -0.421406
0.712687   0.606531  -0.416927
0.712687   0.606531  -0.415811
0.727403   0.598219  -0.42366
0.727403   0.598219  -0.423003
0.727403   0.598219  -0.416279
0.727403   0.598219  -0.413852
0.726984   0.595955  -0.421213
0.72252   0.60692  -0.425566
0.73549   0.614373  -0.430934
0.721477   0.614089  -0.432652
0.721477   0.614089  -0.428611
0.721477   0.614089  -0.416557
0.73258   0.614122  -0.435747
0.73258   0.614122  -0.435747
0.73258   0.614122  -0.42212
0.730365   0.625101  -0.424495
0.734943   0.610284  -0.426352
0.734943   0.610284  -0.424908
0.731946   0.623803  -0.428779
0.743097   0.634724  -0.430982
0.743097   0.634724  -0.42556
0.743097   0.634724  -0.420592
0.741445   0.631292  -0.430135
0.730407   0.62578  -0.437066
0.730407   0.62578  -0.423324
0.73085   0.622914  -0.432704
0.73085   0.622914  -0.421567
0.72377   0.613656  -0.431417
0.72377   0.613656  -0.423506
0.728892   0.611128  -0.441849
0.728892   0.611128  -0.425554
0.731038   0.611845  -0.428942
0.736931   0.597462  -0.429217
0.736931   0.597462  -0.428766
0.736931   0.597462  -0.418327
0.737508   0.596038  -0.426356
0.737508   0.596038  -0.423872
0.748981   0.591767  -0.424391
0.748981   0.591767  -0.424037
0.734583   0.591087  -0.427763
0.734583   0.591087  -0.420643
0.734583   0.591087  -0.417768
0.745862   0.588063  -0.421286
0.738918   0.584555  -0.425533
0.738918   0.584555  -0.424654
0.738918   0.584555  -0.417564
0.739052   0.586576  -0.431284
0.739052   0.586576  -0.427089
0.752294   0.601444  -0.439184
0.752294   0.601444  -0.431785
0.759039   0.594683  -0.440658
0.771009   0.608047  -0.444026
0.771009   0.608047  -0.434947
0.760632   0.611013  -0.447021
0.760632   0.611013  -0.44352
0.760632   0.611013  -0.438503
0.757751   0.600547  -0.443737
0.757751   0.600547  -0.439647
0.757751   0.600547  -0.43871
0.757751   0.600547  -0.437459
0.757751   0.600547  -0.427577
0.758238   0.595559  -0.430367
0.758238   0.595559  -0.429277
0.768643   0.585964  -0.434096
0.763801   0.586229  -0.439013
0.763801   0.586229  -0.430952
0.750154   0.593047  -0.431507
0.750154   0.593047  -0.425974
0.765127   0.592808  -0.440703
0.765127   0.592808  -0.431904
0.760818   0.606606  -0.438719
0.760818   0.606606  -0.434677
0.767333   0.607494  -0.443735
0.767333   0.607494  -0.438555
0.767333   0.607494  -0.436513
0.771439   0.622048  -0.443396
0.771439   0.622048  -0.4368
0.779599   0.613422  -0.43994
0.779599   0.613422  -0.439586
0.771148   0.613837  -0.44126
0.7753   0.608124  -0.442521
0.7753   0.608124  -0.433913
0.788591   0.605519  -0.443692
0.775437   0.611075  -0.446374
0.775437   0.611075  -0.442408
0.775437   0.611075  -0.435998
0.776296   0.616668  -0.443684
0.776296   0.616668  -0.436781
0.788138   0.616523  -0.448985
0.802308   0.604154  -0.449204
0.802308   0.604154  -0.437633
0.789658   0.603305  -0.446572
0.789658   0.603305  -0.438111
0.795302   0.593184  -0.440281
0.792138   0.604266  -0.453783
0.792138   0.604266  -0.434978
0.805   0.603046  -0.439659
0.813581   0.596517  -0.443379
0.813581   0.596517  -0.440047
0.813581   0.596517  -0.435141
0.813801   0.600139  -0.437791
0.816436   0.589667  -0.44162
0.816436   0.589667  -0.441022
0.816436   0.589667  -0.428336
0.804257   0.594705  -0.446754
0.804257   0.594705  -0.433402
0.806327   0.591192  -0.439681
0.806327   0.591192  -0.433362
0.806327   0.591192  -0.427572
0.799093   0.585767  -0.44726
0.799093   0.585767  -0.437186
0.799093   0.585767  -0.43326
0.803122   0.590775  -0.437199
0.788763   0.601362  -0.442268
0.788763   0.601362  -0.438541
0.803458   0.597771  -0.43979
0.803458   0.597771  -0.426559
0.811236   0.602703  -0.454013
0.811236   0.602703  -0.44495
0.811236   0.602703  -0.43939
0.805064   0.606267  -0.448505
0.805064   0.606267  -0.444407
0.805064   0.606267  -0.441299
0.814923   0.616767  -0.443755
0.814923   0.616767  -0.437337
0.827419   0.611751  -0.446256
0.827419   0.611751  -0.441747
0.842127   0.599314  -0.443733
0.842127   0.599314  -0.436349
0.842127   0.599314  -0.434288
0.842127   0.599314  -0.429461
0.843734   0.60454  -0.439917
0.843734   0.60454  -0.417985
0.844994   0.609306  -0.439031
0.844994   0.609306  -0.438292
0.843782   0.608615  -0.443778
0.843782   0.608615  -0.430976
0.838565   0.620805  -0.443852
0.838565   0.620805  -0.434083
0.825026   0.616613  -0.447474
0.825026   0.616613  -0.4398
0.825026   0.616613  -0.4371
0.814226   0.629356  -0.438926
0.814226   0.629356  -0.438368
0.814226   0.629356  -0.427222
0.815469   0.637717  -0.438674
0.815798   0.636235  -0.439225
0.815798   0.636235  -0.431072
0.820593   0.625865  -0.446946
0.820593   0.625865  -0.440045
0.815565   0.636052  -0.453021
0.815565   0.636052  -0.434743
0.802946   0.624291  -0.448574
0.802946   0.624291  -0.445111
0.80152   0.621215  -0.451033
0.80152   0.621215  -0.441297
0.80152   0.621215  -0.438257
0.80152   0.621215  -0.435002
0.807752   0.630107  -0.44379
0.807752   0.630107  -0.431722
0.805842   0.643543  -0.434632
0.804845   0.634725  -0.439666
0.793665   0.62749  -0.44279
0.794823   0.614381  -0.452648
0.794823   0.614381  -0.437441
0.785626   0.628421  -0.447535
0.780793   0.638519  -0.447961
0.780793   0.638519  -0.440292
0.769649   0.632489  -0.442439
0.769649   0.632489  -0.435264
0.777542   0.638154  -0.442692
0.777542   0.638154  -0.436803
0.787465   0.648442  -0.443742
0.787465   0.648442  -0.436031
0.787465   0.648442  -0.434215
0.787465   0.648442  -0.425354
0.789803   0.636416  -0.44319
0.789803   0.636416  -0.441501
0.789803   0.636416  -0.439856
0.789803   0.636416  -0.426174
0.797392   0.622194  -0.443087
0.797392   0.622194  -0.434363
0.792354   0.632213  -0.445063
0.79228   0.627266  -0.448811
0.79228   0.627266  -0.438293
0.787795   0.621534  -0.444607
0.787795   0.621534  -0.442374
0.777562   0.617655  -0.452634
0.777562   0.617655  -0.447197
0.777562   0.617655  -0.441325
0.780341   0.614938  -0.443804
0.780341   0.614938  -0.443768
0.781973   0.629153  -0.446366
0.781973   0.629153  -0.443707
0.781973   0.629153  -0.44164
0.778178   0.630285  -0.444384
0.778178   0.630285  -0.44404
0.775853   0.625434  -0.44556
0.790103   0.624054  -0.451502
0.80507   0.624974  -0.457617
0.80507   0.624974  -0.43322
0.816962   0.625665  -0.436282
0.816962   0.625665  -0.43411
0.823585   0.637475  -0.441639
0.817196   0.62815  -0.444053
0.817196   0.62815  -0.44242
0.804882   0.616184  -0.442866
0.809817   0.614389  -0.453382
0.809817   0.614389  -0.435211
0.809817   0.614389  -0.429155
0.7981   0.615821  -0.44068
0.785907   0.608027  -0.446118
0.785907   0.608027  -0.431104
0.786559   0.595037  -0.434165
0.786559   0.595037  -0.427219
0.785391   0.584243  -0.433448
0.778638   0.578259  -0.442044
0.778638   0.578259  -0.437977
0.778638   0.578259  -0.426742
0.778638   0.578259  -0.420104
0.778638   0.578259  -0.417018
0.7665   0.567695  -0.418688
0.77139   0.574798  -0.430776
0.759628   0.583388  -0.434796
0.759628   0.583388  -0.431173
0.770733   0.593449  -0.440937
0.770733   0.593449  -0.434262
0.770733   0.593449  -0.429143
0.770733   0.593449  -0.428797
0.757735   0.584417  -0.439549
0.757735   0.584417  -0.422018
0.742737   0.589256  -0.426944
0.754771   0.603561  -0.437394
0.754771   0.603561  -0.428635
0.76899   0.599857  -0.44706
0.76899   0.599857  -0.43871
0.76899   0.599857  -0.434023
0.76899   0.599857  -0.431201
0.76899   0.599857  -0.430922
0.783316   0.600309  -0.43829
0.792841   0.612137  -0.4388
0.806893   0.624281  -0.448318
0.806893   0.624281  -0.433687
0.818518   0.614488  -0.454366
0.818518   0.614488  -0.434229
0.805437   0.621267  -0.435881
0.802289   0.634844  -0.441762
0.802289   0.634844  -0.438608
0.806369   0.63925  -0.445442
0.80088   0.624438  -0.449395
0.80088   0.624438  -0.444976
0.80088   0.624438  -0.444146
0.80088   0.624438  -0.441894
0.80088   0.624438  -0.43478
0.791643   0.627953  -0.448338
0.791643   0.627953  -0.439135
0.791643   0.627953  -0.432161
0.784639   0.640306  -0.448891
0.784639   0.640306  -0.443737
0.784639   0.640306  -0.427352
0.789584   0.640947  -0.429716
0.795467   0.65284  -0.431237
0.807201   0.665364  -0.442359
0.807201   0.665364  -0.423261
0.795994   0.658692  -0.433635
0.795994   0.658692  -0.425511
0.797406   0.664268  -0.441824
0.797406   0.664268  -0.438374
0.797406   0.664268  -0.435458
0.797406   0.664268  -0.42754
0.797406   0.664268  -0.425477
0.789154   0.664179  -0.430936
0.789597   0.671435  -0.440187
0.789597   0.671435  -0.425945
0.789597   0.671435  -0.416238
0.791469   0.676056  -0.425943
0.791469   0.676056  -0.412017
0.80432   0.671843  -0.425549
0.80432   0.671843  -0.420334
0.796587   0.671293  -0.424364
0.803816   0.674575  -0.435048
0.803816   0.674575  -0.427114
0.810863   0.677696  -0.431434
0.810863   0.677696  -0.400199
0.806412   0.6751  -0.423848
0.806412   0.6751  -0.420332
0.793322   0.674604  -0.442011
0.793322   0.674604  -0.420512
0.793322   0.674604  -0.409744
0.797201   0.675434  -0.419632
0.797201   0.675434  -0.402611
0.790029   0.670359  -0.427438
0.792871   0.667907  -0.430734
0.792871   0.667907  -0.392122
0.784939   0.656215  -0.439205
0.784939   0.656215  -0.438306
0.777276   0.652096  -0.441227
0.780664   0.652231  -0.442427
0.780664   0.652231  -0.436597
0.780664   0.652231  -0.429533
0.78782   0.640468  -0.446894
0.78782   0.640468  -0.437459
0.78782   0.640468  -0.437093
0.800505   0.651886  -0.446418
0.803878   0.653204  -0.452076
0.803878   0.653204  -0.427716
0.79553   0.646267  -0.428472
0.79553   0.646267  -0.421989
0.802676   0.635765  -0.438573
0.788235   0.622618  -0.442121
0.788235   0.622618  -0.441721
0.788235   0.622618  -0.4377
0.786281   0.611805  -0.442956
0.786281   0.611805  -0.440663
0.786281   0.611805  -0.432106
0.78484   0.616607  -0.435439
0.790682   0.619744  -0.44643
0.790682   0.619744  -0.443027
0.776633   0.625394  -0.444399
0.763472   0.61785  -0.449565
0.770079   0.620038  -0.451078
0.770079   0.620038  -0.447233
0.770079   0.620038  -0.438926
0.770079   0.620038  -0.433967
0.772549   0.610936  -0.444904
0.772549   0.610936  -0.434358
0.780998   0.624894  -0.446745
0.780998   0.624894  -0.442983
0.788168   0.610525  -0.447312
0.788168   0.610525  -0.440641
0.788168   0.610525  -0.437072
0.784158   0.616636  -0.440453
0.784158   0.616636  -0.432027
0.776805   0.62302  -0.449568
0.776805   0.62302  -0.446716
0.782389   0.621264  -0.446745
0.782389   0.621264  -0.440576
0.78386   0.614828  -0.447549
0.78386   0.614828  -0.445986
0.78386   0.614828  -0.433684
0.794753   0.613139  -0.445865
0.793911   0.610183  -0.446461
0.80236   0.62174  -0.4506
0.803606   0.635565  -0.45522
0.803606   0.635565  -0.448623
0.795325   0.625665  -0.458336
0.795325   0.625665  -0.444486
0.795325   0.625665  -0.44068
0.793657   0.614668  -0.444741
0.793657   0.614668  -0.444033
0.793657   0.614668  -0.43945
0.793657   0.614668  -0.439059
0.807051   0.628697  -0.443671
0.811235   0.624298  -0.447241
0.811235   0.624298  -0.434176
0.807133   0.617502  -0.458225
0.807133   0.617502  -0.442015
0.807133   0.617502  -0.441736
0.818087   0.603043  -0.450721
0.819062   0.615043  -0.45323
0.819062   0.615043  -0.443291
0.819062   0.615043  -0.434569
0.813792   0.614697  -0.453505
0.813792   0.614697  -0.443646
0.813792   0.614697  -0.44004
0.813792   0.614697  -0.434739
0.802741   0.617264  -0.445032
0.802741   0.617264  -0.438101
0.810208   0.62828  -0.445663
0.810208   0.62828  -0.432228
0.80184   0.622963  -0.452106
0.80184   0.622963  -0.449326
0.80184   0.622963  -0.429425
0.807365   0.635582  -0.441816
0.807224   0.645825  -0.450164
0.807224   0.645825  -0.431325
0.807035   0.639612  -0.440772
0.811046   0.64275  -0.443553
0.805585   0.629433  -0.445523
0.809458   0.624651  -0.452323
0.809458   0.624651  -0.431858
0.803671   0.615718  -0.445578
0.803671   0.615718  -0.437867
0.809451   0.623  -0.441068
0.809451   0.623  -0.440289
0.797763   0.616269  -0.44949
0.797763   0.616269  -0.445633
0.797763   0.616269  -0.436133
0.799593   0.610203  -0.447162
0.799593   0.610203  -0.44403
0.796175   0.615037  -0.447773
0.796175   0.615037  -0.438321
0.805903   0.624496  -0.445107
0.805903   0.624496  -0.444105
0.805903   0.624496  -0.427313
0.793323   0.627007  -0.445376
0.793323   0.627007  -0.443046
0.793323   0.627007  -0.441295
0.793323   0.627007  -0.432608
0.803147   0.612853  -0.449674
0.803147   0.612853  -0.447575
0.803147   0.612853  -0.442109
0.811201   0.619075  -0.444445
0.79865   0.61223  -0.449078
0.803543   0.621955  -0.449418
0.803543   0.621955  -0.444795
0.803543   0.621955  -0.437704
0.789785   0.622641  -0.445891
0.789785   0.622641  -0.442704
0.789785   0.622641  -0.434495
0.791647   0.613819  -0.445794
0.791647   0.613819  -0.443563
0.791647   0.613819  -0.440622
0.791553   0.607257  -0.443844
0.791553   0.607257  -0.439995
0.79193   0.616148  -0.444614
0.79193   0.616148  -0.435069
0.803045   0.60215  -0.444599
0.813932   0.593366  -0.445673
0.813932   0.593366  -0.439175
0.813932   0.593366  -0.429537
0.815037   0.594449  -0.438199
0.815037   0.594449  -0.427294
0.800689   0.605951  -0.443368
0.800689   0.605951  -0.435124
0.794635   0.601139  -0.447646
0.794635   0.601139  -0.436818
0.792767   0.597368  -0.442109
0.792767   0.597368  -0.440483
0.792767   0.597368  -0.439469
0.787406   0.611104  -0.44539
0.783699   0.608076  -0.445986
0.783699   0.608076  -0.440602
0.774576   0.622356  -0.444709
0.774576   0.622356  -0.439933
0.782466   0.616526  -0.445924
0.782466   0.616526  -0.430092
0.794934   0.602089  -0.439283
0.803744   0.602018  -0.444626
0.803744   0.602018  -0.435023
0.814829   0.611292  -0.439134
0.803212   0.605511  -0.441695
0.803212   0.605511  -0.438081
0.802997   0.609012  -0.447634
0.802997   0.609012  -0.441687
0.802997   0.609012  -0.440244
0.816527   0.606395  -0.443482
0.816527   0.606395  -0.438753
0.817282   0.619531  -0.440148
0.820518   0.613305  -0.44705
0.820518   0.613305  -0.436687
0.825987   0.623759  -0.445996
0.825987   0.623759  -0.444158
0.825987   0.623759  -0.434535
0.825053   0.632186  -0.438956
0.825826   0.63578  -0.447944
0.825826   0.63578  -0.431316
0.8236   0.646413  -0.443428
0.8236   0.646413  -0.441007
0.8236   0.646413  -0.430542
0.826335   0.655789  -0.433254
0.828208   0.670468  -0.434214
0.828208   0.670468  -0.430609
0.828208   0.670468  -0.415957
0.828208   0.670468  -0.412421
0.824948   0.683307  -0.422022
0.824948   0.683307  -0.414359
0.835704   0.68472  -0.415199
0.835704   0.68472  -0.405199
0.828181   0.670596  -0.425248
0.813983   0.666265  -0.425627
0.813983   0.666265  -0.425339
0.813983   0.666265  -0.413793
0.825223   0.664087  -0.434207
0.825223   0.664087  -0.404719
0.836745   0.663096  -0.4281
0.836745   0.663096  -0.421232
0.822613   0.657206  -0.429267
0.818145   0.661188  -0.432678
0.818145   0.661188  -0.415549
0.81825   0.652781  -0.440445
0.81825   0.652781  -0.430154
0.81181   0.641441  -0.440157
0.81181   0.641441  -0.427445
0.817851   0.643058  -0.44164
0.817851   0.643058  -0.437993
0.817851   0.643058  -0.429021
0.819014   0.6447  -0.433055
0.829291   0.636294  -0.438767
0.829291   0.636294  -0.41794
0.825762   0.643267  -0.442842
0.82622   0.634456  -0.444426
0.82622   0.634456  -0.422479
0.829858   0.62427  -0.43152
0.829858   0.62427  -0.428722
0.82033   0.614166  -0.453117
0.82033   0.614166  -0.448515
0.82033   0.614166  -0.444328
0.82033   0.614166  -0.443526
0.82033   0.614166  -0.435928
0.81144   0.603137  -0.437534
0.812085   0.60548  -0.44326
0.812085   0.60548  -0.431788
0.81378   0.590642  -0.446649
0.81378   0.590642  -0.43713
0.803869   0.584526  -0.449385
0.803869   0.584526  -0.442304
0.803869   0.584526  -0.439777
0.803869   0.584526  -0.418896
0.79802   0.576311  -0.433955
0.788789   0.588099  -0.447062
0.788789   0.588099  -0.443648
0.788789   0.588099  -0.427897
0.788789   0.588099  -0.425184
0.784537   0.582297  -0.432864
0.784537   0.582297  -0.422645
0.772838   0.57929  -0.428317
0.772838   0.57929  -0.424033
0.772838   0.57929  -0.417003
0.772838   0.57929  -0.407231
0.768578   0.570287  -0.414222
0.768578   0.570287  -0.414221
0.760499   0.567583  -0.423905
0.760499   0.567583  -0.405269
0.766016   0.574105  -0.439369
0.766016   0.574105  -0.427372
0.766016   0.574105  -0.406289
0.752361   0.56671  -0.421942
0.762733   0.56765  -0.425777
0.762733   0.56765  -0.423234
0.762733   0.56765  -0.416145
0.759485   0.571442  -0.423323
0.77055   0.58344  -0.430863
0.77055   0.58344  -0.414093
0.761286   0.584247  -0.421714
0.769766   0.572794  -0.442532
0.769766   0.572794  -0.409724
0.777203   0.578272  -0.412813
0.787781   0.591774  -0.437804
0.787781   0.591774  -0.435523
0.787781   0.591774  -0.429183
0.781157   0.606128  -0.442585
0.781157   0.606128  -0.435771
0.781157   0.606128  -0.431533
0.781157   0.606128  -0.425793
0.769825   0.612655  -0.442729
0.777549   0.615186  -0.444494
0.777549   0.615186  -0.433768
0.776635   0.610257  -0.445882
0.776635   0.610257  -0.443655
0.776635   0.610257  -0.440664
0.773525   0.605895  -0.445463
0.78066   0.60783  -0.44718
0.78066   0.60783  -0.43815
0.791777   0.621145  -0.449182
0.791777   0.621145  -0.438973
0.797913   0.622488  -0.44676
0.797913   0.622488  -0.443781
0.797243   0.610562  -0.45429
0.797243   0.610562  -0.44289
0.79822   0.600511  -0.44551
0.79822   0.600511  -0.438553
0.797994   0.58604  -0.443832
0.797994   0.58604  -0.436172
0.790334   0.579011  -0.43743
0.790334   0.579011  -0.418637
0.790772   0.57431  -0.441007
0.790772   0.57431  -0.428744
0.790772   0.57431  -0.427657
0.775907   0.577373  -0.438028
0.782194   0.590382  -0.43896
0.782194   0.590382  -0.424313
0.781159   0.59946  -0.44339
0.781159   0.59946  -0.429368
0.78482   0.607418  -0.44451
0.78482   0.607418  -0.442735
0.779898   0.61302  -0.448497
0.779898   0.61302  -0.444424
0.779898   0.61302  -0.436087
0.768556   0.608735  -0.437463
0.768556   0.608735  -0.434583
0.768556   0.608735  -0.432814
0.757334   0.611155  -0.434355
0.7591   0.619933  -0.44254
0.772647   0.617016  -0.448245
0.772647   0.617016  -0.437188
0.770893   0.602074  -0.444832
0.770893   0.602074  -0.435963
0.779218   0.616133  -0.44983
0.779218   0.616133  -0.440656
0.779218   0.616133  -0.438376
0.791046   0.610737  -0.442917
0.781676   0.604246  -0.454662
0.781676   0.604246  -0.450391
0.782527   0.618228  -0.453357
0.782527   0.618228  -0.441468
0.782527   0.618228  -0.435389
0.790315   0.6194  -0.44734
0.790315   0.6194  -0.437502
0.790315   0.6194  -0.434409
0.790315   0.6194  -0.431941
0.79608   0.6157  -0.452205
0.79608   0.6157  -0.437994
0.781433   0.603224  -0.43882
0.781433   0.603224  -0.436197
0.775652   0.606914  -0.437555
0.762235   0.611191  -0.441327
0.762235   0.611191  -0.439567
0.762235   0.611191  -0.436689
0.762235   0.611191  -0.436008
0.762235   0.611191  -0.432189
0.774618   0.611824  -0.441109
0.784739   0.613127  -0.450516
0.784739   0.613127  -0.444732
0.787388   0.600628  -0.445067
0.787388   0.600628  -0.442317
0.787388   0.600628  -0.441835
0.798686   0.60679  -0.453083
0.798686   0.60679  -0.452347
0.798686   0.60679  -0.450794
0.798686   0.60679  -0.436955
0.798686   0.60679  -0.432408
0.81314   0.599243  -0.442762
0.807611   0.602931  -0.451894
0.807611   0.602931  -0.441485
0.818203   0.590761  -0.446639
0.818203   0.590761  -0.442119
0.818203   0.590761  -0.434438
0.814649   0.589987  -0.447906
0.814649   0.589987  -0.436584
0.820372   0.604152  -0.444959
0.820372   0.604152  -0.436728
0.807776   0.601532  -0.44248
0.807776   0.601532  -0.437987
0.793189   0.609596  -0.451773
0.793189   0.609596  -0.447612
0.793189   0.609596  -0.44401
0.793189   0.609596  -0.440342
0.797057   0.601881  -0.446155
0.797057   0.601881  -0.446066
0.806094   0.598483  -0.446183
0.803666   0.611438  -0.45202
0.803666   0.611438  -0.446876
0.803666   0.611438  -0.44206
0.803666   0.611438  -0.436783
0.795611   0.607336  -0.447049
0.785571   0.601634  -0.448508
0.785571   0.601634  -0.437792
0.798553   0.609333  -0.443955
0.787565   0.607958  -0.445193
0.787565   0.607958  -0.441737
0.787565   0.607958  -0.430188
0.781999   0.597662  -0.444227
0.781999   0.597662  -0.442597
0.781999   0.597662  -0.431894
0.784864   0.605465  -0.438042
0.780923   0.620102  -0.455439
0.780923   0.620102  -0.446267
0.780923   0.620102  -0.443273
0.780923   0.620102  -0.440319
0.780923   0.620102  -0.429095
0.776885   0.61199  -0.447034
0.776885   0.61199  -0.437332
0.790106   0.618655  -0.448568
0.790106   0.618655  -0.436134
0.803234   0.608951  -0.444529
0.802761   0.598852  -0.447572
0.802761   0.598852  -0.437018
0.80836   0.60333  -0.441736
0.80836   0.60333  -0.429707
0.817996   0.605309  -0.446798
0.817996   0.605309  -0.44389
0.817996   0.605309  -0.431308
0.818292   0.619794  -0.460495
0.818292   0.619794  -0.44607
0.818292   0.619794  -0.443567
0.818292   0.619794  -0.440418
0.803399   0.614509  -0.447806
0.803399   0.614509  -0.440158
0.808926   0.60224  -0.449786
0.808926   0.60224  -0.431099
0.814018   0.613172  -0.435691
0.80234   0.615776  -0.437857
0.792818   0.613366  -0.441377
0.792818   0.613366  -0.440573
0.782689   0.614686  -0.444417
0.775665   0.606614  -0.444689
0.775665   0.606614  -0.434901
0.770153   0.60019  -0.439006
0.770153   0.60019  -0.43738
0.770153   0.60019  -0.435386
0.778541   0.61117  -0.443772
0.778541   0.61117  -0.437355
0.764631   0.611815  -0.443368
0.764631   0.611815  -0.436523
0.764631   0.611815  -0.430856
0.758535   0.614972  -0.437626
0.758535   0.614972  -0.431788
0.758535   0.614972  -0.42296
0.769626   0.626404  -0.450777
0.769626   0.626404  -0.440441
0.769626   0.626404  -0.439984
0.769626   0.626404  -0.432864
0.775814   0.622252  -0.441168
0.775814   0.622252  -0.434418
0.776992   0.611168  -0.437809
0.775743   0.608939  -0.440457
0.775743   0.608939  -0.433837
0.789471   0.596759  -0.439364
0.800425   0.587842  -0.443709
0.800425   0.587842  -0.430087
0.792751   0.578492  -0.435767
0.791329   0.588312  -0.436526
0.802863   0.577883  -0.436737
0.802863   0.577883  -0.435812
0.802863   0.577883  -0.42561
0.801762   0.591486  -0.435398
0.803105   0.603377  -0.445512
0.803105   0.603377  -0.440641
0.788632   0.614529  -0.457083
0.788632   0.614529  -0.441216
0.774378   0.621508  -0.447197
0.774378   0.621508  -0.436982
0.774378   0.621508  -0.435921
0.759795   0.625231  -0.439966
0.76474   0.613705  -0.443945
0.76474   0.613705  -0.440032
0.76474   0.613705  -0.439607
0.7616   0.624648  -0.441805
0.7616   0.624648  -0.439978
0.759127   0.636945  -0.443646
0.759127   0.636945  -0.442628
0.759127   0.636945  -0.434363
0.772014   0.651555  -0.440009
0.772014   0.651555  -0.428022
0.76631   0.637101  -0.441501
0.772532   0.629026  -0.441788
0.772532   0.629026  -0.441763
0.772532   0.629026  -0.441015
0.772532   0.629026  -0.432279
0.775046   0.637779  -0.443356
0.775046   0.637779  -0.443294
0.775046   0.637779  -0.436759
0.774388   0.644083  -0.443435
0.774388   0.644083  -0.437089
0.774388   0.644083  -0.43157
0.780844   0.63874  -0.436877
0.766562   0.644146  -0.44056
0.766562   0.644146  -0.430447
0.766562   0.644146  -0.420602
0.759774   0.63516  -0.443979
0.759774   0.63516  -0.442375
0.759774   0.63516  -0.433478
0.759774   0.63516  -0.432001
0.747267   0.621707  -0.435568
0.747119   0.615175  -0.436816
0.747119   0.615175  -0.429785
0.754108   0.60253  -0.434073
0.754108   0.60253  -0.433089
0.754108   0.60253  -0.431387
0.754108   0.60253  -0.426567
0.76327   0.601072  -0.436466
0.76327   0.601072  -0.423193
0.757264   0.597449  -0.442623
0.770858   0.606613  -0.443281
0.770858   0.606613  -0.434328
0.775986   0.616815  -0.443381
0.775986   0.616815  -0.438942
0.772994   0.625622  -0.443584
0.772994   0.625622  -0.438894
0.772994   0.625622  -0.431816
0.775119   0.617523  -0.439336
0.786997   0.603642  -0.441673
0.786997   0.603642  -0.431608
0.799627   0.614429  -0.450197
0.799627   0.614429  -0.449705
0.799627   0.614429  -0.433169
0.786239   0.610567  -0.4413
0.782581   0.617467  -0.442649
0.78205   0.629799  -0.444781
0.78205   0.629799  -0.438581
0.789114   0.631593  -0.446428
0.789114   0.631593  -0.441011
0.788663   0.61883  -0.451709
0.800127   0.609248  -0.453345
0.800127   0.609248  -0.44278
0.786439   0.618386  -0.450821
0.786439   0.618386  -0.444379
0.782603   0.614978  -0.44592
0.791958   0.612675  -0.452362
0.791958   0.612675  -0.440753
0.804027   0.615784  -0.441497
0.793354   0.62709  -0.443964
0.800614   0.639935  -0.445503
0.800614   0.639935  -0.442524
0.800747   0.653112  -0.442598
0.800747   0.653112  -0.419988
0.787984   0.639629  -0.435462
0.778347   0.628464  -0.439389
0.769201   0.631181  -0.446547
0.769201   0.631181  -0.428063
0.76476   0.63538  -0.440882
0.776338   0.649554  -0.448977
0.776338   0.649554  -0.433683
0.776338   0.649554  -0.420147
0.791055   0.657209  -0.43966
0.791055   0.657209  -0.429014
0.804984   0.663143  -0.432017
0.805865   0.65166  -0.442452
0.805865   0.65166  -0.435005
0.790968   0.658119  -0.442797
0.790968   0.658119  -0.422914
0.790349   0.666267  -0.442023
0.790349   0.666267  -0.410916
0.804809   0.665684  -0.434738
0.804809   0.665684  -0.428828
0.798628   0.669806  -0.429681
0.792651   0.663136  -0.433589
0.779669   0.652804  -0.440251
0.779669   0.652804  -0.439261
0.779669   0.652804  -0.436319
0.782271   0.656083  -0.436561
0.782271   0.656083  -0.435306
0.790144   0.644352  -0.44371
0.790144   0.644352  -0.441669
0.790144   0.644352  -0.440957
0.790144   0.644352  -0.428365
0.783936   0.644151  -0.446352
0.783936   0.644151  -0.438535
0.783936   0.644151  -0.426769
0.773805   0.649328  -0.431889
0.770423   0.658562  -0.439326
0.78034   0.665767  -0.442254
0.78034   0.665767  -0.415149
0.778428   0.665204  -0.434985
0.778428   0.665204  -0.420713
0.778428   0.665204  -0.406821
0.778693   0.669276  -0.42405
0.778693   0.669276  -0.422349
0.786601   0.668999  -0.427525
0.801443   0.662304  -0.429344
0.793547   0.655279  -0.437677
0.793547   0.655279  -0.428002
0.792098   0.662871  -0.43368
0.800355   0.650563  -0.448647
