-4.95483   0   1.68766   0   -3.26717   0   1.12511   0   
-4.98017   0.0253363   1.71275   0.0250916   -3.26741   0.000244747   1.14183   0.0167277   
-4.99716   0.0224185   1.72804   0.0210577   -3.26912   0.00171169   1.15202   0.0140384   
-4.99641   0.0158699   1.72599   0.0150294   -3.27042   0.00177271   1.15066   0.0100196   
-5.00978   0.0181655   1.73887   0.0173566   -3.27092   0.0014617   1.15924   0.0115711   
-4.99857   0.0185953   1.72777   0.0179993   -3.2708   0.0011994   1.15185   0.0119995   
-4.99632   0.0158755   1.72563   0.0153616   -3.27069   0.00101937   1.15042   0.0102411   
-4.99636   0.0137486   1.72572   0.0133039   -3.27064   0.000884384   1.15048   0.00886926   
-4.99389   0.0123734   1.72345   0.0119506   -3.27044   0.000804075   1.14897   0.00796706   
-4.99083   0.0114839   1.72053   0.0110811   -3.2703   0.000733462   1.14702   0.0073874   
-4.99358   0.0107451   1.72325   0.010386   -3.27033   0.000664011   1.14883   0.006924   
-4.98875   0.0109332   1.71819   0.0107481   -3.27056   0.000649523   1.14546   0.00716537   
-4.98396   0.0111378   1.71322   0.0110657   -3.27074   0.00062518   1.14215   0.00737713   
-4.9845   0.0103258   1.71364   0.0102535   -3.27086   0.000591439   1.14243   0.00683565   
-4.98794   0.0102087   1.71704   0.0101328   -3.2709   0.00055184   1.14469   0.00675518   
-4.98773   0.00955162   1.71668   0.00948493   -3.27105   0.00053601   1.14446   0.00632329   
-4.98848   0.00900358   1.71738   0.00893646   -3.2711   0.000506835   1.14492   0.00595764   
-4.98699   0.00861847   1.7159   0.00855439   -3.27109   0.000477956   1.14393   0.00570293   
-4.98517   0.00835236   1.71409   0.00829048   -3.27108   0.000452275   1.14273   0.00552698   
-4.98675   0.00807976   1.71561   0.00800983   -3.27115   0.000433813   1.14374   0.00533989   
-4.98752   0.00772341   1.7163   0.00764985   -3.27122   0.00041988   1.1442   0.0050999   
-4.9882   0.00739531   1.71695   0.00732284   -3.27125   0.000401391   1.14463   0.00488189   
-4.98657   0.00725218   1.71532   0.00718474   -3.27125   0.000383543   1.14354   0.00478983   
-4.98598   0.00696835   1.7146   0.0069158   -3.27138   0.000387928   1.14307   0.00461053   
-4.99119   0.00847682   1.71966   0.00834197   -3.27153   0.000403255   1.14644   0.00556131   
-4.99028   0.00819553   1.71864   0.00808012   -3.27164   0.000403006   1.14576   0.00538675   
-4.98976   0.00790333   1.71807   0.00779528   -3.27168   0.000389801   1.14538   0.00519685   
-4.99166   0.00784969   1.72001   0.00775668   -3.27165   0.000377002   1.14667   0.00517112   
-4.98922   0.00795762   1.71769   0.00783575   -3.27153   0.000383184   1.14513   0.00522383   
-4.98812   0.0077655   1.71673   0.00763067   -3.27139   0.000394338   1.14449   0.00508712   
-4.98812   0.00751082   1.71677   0.00738052   -3.27135   0.000383794   1.14451   0.00492035   
-4.9861   0.00754705   1.71471   0.00743599   -3.27139   0.000373552   1.14314   0.00495733   
-4.98542   0.00734681   1.71404   0.00723825   -3.27137   0.000362363   1.14269   0.0048255   
-4.98229   0.00778427   1.71095   0.00767395   -3.27134   0.000353238   1.14063   0.00511597   
-4.98419   0.00779546   1.71291   0.00770483   -3.27129   0.000346995   1.14194   0.00513656   
-4.98542   0.00767425   1.71413   0.00758759   -3.27129   0.000337223   1.14276   0.00505839   
-4.98521   0.00746685   1.71393   0.00738248   -3.27128   0.00032801   1.14262   0.00492166   
-4.98383   0.00739802   1.71252   0.00732191   -3.27131   0.000320149   1.14168   0.00488127   
-4.98563   0.00742709   1.71428   0.00734556   -3.27135   0.000314353   1.14286   0.00489704   
-4.98602   0.00724973   1.71465   0.00716889   -3.27137   0.000307704   1.1431   0.00477926   
-4.98461   0.00720958   1.71324   0.00713134   -3.27137   0.000300142   1.14216   0.00475423   
-4.9862   0.00721314   1.71491   0.00715659   -3.27129   0.000303264   1.14328   0.00477106   
-4.98527   0.00710486   1.71405   0.00704126   -3.27122   0.000304196   1.1427   0.00469417   
-4.98435   0.00700204   1.71322   0.00692866   -3.27113   0.000311619   1.14215   0.00461911   
-4.98351   0.00689638   1.71245   0.00681666   -3.27105   0.000313042   1.14164   0.00454444   
-4.98355   0.00674494   1.7125   0.00666698   -3.27105   0.000306165   1.14167   0.00444465   
-4.98293   0.00662897   1.71185   0.0065559   -3.27108   0.000301046   1.14123   0.0043706   
-4.9824   0.00651144   1.71129   0.0064421   -3.27111   0.000295598   1.14086   0.00429474   
-4.98313   0.00641948   1.71201   0.00634993   -3.27112   0.000290079   1.14134   0.00423329   
-4.98312   0.00628979   1.71197   0.00622177   -3.27115   0.000285696   1.14131   0.00414784   
-4.98248   0.0061983   1.71134   0.00613105   -3.27114   0.000280184   1.14089   0.00408736   
-4.98214   0.00608743   1.71098   0.00602267   -3.27116   0.000275371   1.14065   0.00401511   
-4.98158   0.00599761   1.71042   0.00593443   -3.27116   0.000270127   1.14028   0.00395629   
-4.98184   0.00589099   1.71073   0.0058316   -3.27111   0.000270317   1.14048   0.00388773   
-4.98202   0.00578583   1.71096   0.00572941   -3.27106   0.000270139   1.14064   0.00381961   
-4.98157   0.0056992   1.71055   0.00564113   -3.27102   0.000267877   1.14037   0.00376076   
-4.98124   0.00560815   1.7102   0.00555226   -3.27104   0.000263687   1.14013   0.00370151   
-4.98213   0.00558218   1.71108   0.00552588   -3.27105   0.000259432   1.14072   0.00368392   
-4.98345   0.00564368   1.7124   0.00558901   -3.27106   0.000255024   1.1416   0.00372601   
-4.98291   0.00557585   1.71187   0.00552026   -3.27104   0.000251672   1.14125   0.00368017   
-4.98263   0.00549066   1.71162   0.00543473   -3.27101   0.000249028   1.14108   0.00362315   
-4.98412   0.0056028   1.7131   0.00554745   -3.27102   0.000245133   1.14207   0.0036983   
-4.98448   0.00552469   1.71346   0.00547067   -3.27101   0.000241266   1.14231   0.00364711   
-4.98404   0.00545536   1.71305   0.00540044   -3.27099   0.000238724   1.14203   0.00360029   
-4.98317   0.00544052   1.71218   0.0053878   -3.27099   0.000235057   1.14145   0.00359187   
-4.98266   0.00538194   1.7117   0.0053269   -3.27095   0.000234272   1.14113   0.00355127   
-4.98269   0.00530111   1.71176   0.00524712   -3.27093   0.000232017   1.14117   0.00349808   
-4.98183   0.00529247   1.71097   0.00522898   -3.27086   0.000239088   1.14065   0.00348599   
-4.98087   0.005304   1.71008   0.00522939   -3.27079   0.000246874   1.14005   0.00348626   
-4.98122   0.00523957   1.71048   0.00516946   -3.27074   0.000247386   1.14032   0.0034463   
-4.98158   0.00517773   1.71083   0.00510816   -3.27075   0.00024404   1.14055   0.00340544   
-4.9825   0.0051875   1.71173   0.00511783   -3.27076   0.000240933   1.14116   0.00341189   
-4.98268   0.00511929   1.71193   0.00505099   -3.27075   0.000237804   1.14129   0.00336733   
-4.98207   0.00508682   1.71134   0.00501751   -3.27073   0.00023545   1.14089   0.003345   
-4.98103   0.00512494   1.71031   0.00505605   -3.27072   0.000232483   1.1402   0.0033707   
-4.9802   0.00512399   1.7095   0.00505361   -3.2707   0.000230317   1.13967   0.00336907   
-4.97998   0.00506191   1.70929   0.00499217   -3.27069   0.000227444   1.13952   0.00332811   
-4.98056   0.00503006   1.70985   0.00496008   -3.27071   0.000224941   1.1399   0.00330672   
-4.98164   0.00508094   1.7109   0.00500892   -3.27073   0.000223092   1.1406   0.00333928   
-4.98099   0.00505784   1.71027   0.0049864   -3.27072   0.000220397   1.14018   0.00332427   
-4.98091   0.00499571   1.71021   0.00492478   -3.2707   0.000219394   1.14014   0.00328319   
-4.98096   0.00493465   1.71026   0.00486456   -3.2707   0.000216725   1.14017   0.00324304   
-4.98187   0.00495938   1.71116   0.00488861   -3.27071   0.000214608   1.14077   0.00325907   
-4.98119   0.00494647   1.71049   0.0048755   -3.2707   0.000212401   1.14033   0.00325033   
-4.98018   0.0049917   1.70949   0.00492045   -3.27069   0.000210273   1.13966   0.0032803   
-4.98026   0.00493397   1.70958   0.00486365   -3.27068   0.000207884   1.13972   0.00324243   
-4.9802   0.00487735   1.70949   0.00480824   -3.27071   0.000206932   1.13966   0.00320549   
-4.98017   0.00482169   1.70943   0.0047537   -3.27074   0.000207331   1.13962   0.00316913   
-4.98027   0.00476828   1.70955   0.00470145   -3.27072   0.000205631   1.1397   0.0031343   
-4.98062   0.00472831   1.70991   0.00466352   -3.27071   0.000203834   1.13994   0.00310901   
-4.98144   0.00474625   1.71073   0.00468334   -3.27071   0.000201585   1.14049   0.00312223   
-4.98147   0.0046945   1.71077   0.0046323   -3.27071   0.000199411   1.14051   0.0030882   
-4.98049   0.00474586   1.70978   0.00468592   -3.27071   0.000197258   1.13986   0.00312395   
-4.98018   0.00470565   1.70949   0.00464536   -3.27069   0.000195906   1.13966   0.00309691   
-4.97915   0.00476884   1.70852   0.00469663   -3.27062   0.000204705   1.13901   0.00313109   
-4.97865   0.00474455   1.70809   0.00466759   -3.27056   0.000211129   1.13873   0.00311173   
-4.97818   0.00471938   1.70763   0.0046418   -3.27055   0.000209717   1.13842   0.00309454   
-4.97767   0.00469805   1.70712   0.00462216   -3.27055   0.000207605   1.13808   0.00308144   
-4.97858   0.0047386   1.70799   0.00465686   -3.27059   0.000209775   1.13866   0.00310458   
-4.9786   0.00469101   1.70798   0.00461007   -3.27062   0.000209172   1.13865   0.00307338   
