-0.490402   0   1.778   0   1.28759   0   1.18533   0   
-0.482251   0.00815122   1.76981   0.00818204   1.28756   3.08207e-05   1.17988   0.00545469   
-0.475509   0.0082213   1.76305   0.00825154   1.28754   3.02522e-05   1.17537   0.00550103   
-0.467214   0.0101295   1.75475   0.0101429   1.28754   2.14344e-05   1.16983   0.00676194   
-0.460585   0.0102716   1.74812   0.0102795   1.28754   1.66032e-05   1.16542   0.00685297   
-0.456229   0.00945065   1.74377   0.00945561   1.28754   1.36565e-05   1.16251   0.00630374   
-0.451894   0.00908791   1.73944   0.00909077   1.28754   1.1669e-05   1.15962   0.00606051   
-0.450825   0.00794266   1.73836   0.00794539   1.28754   1.03011e-05   1.15891   0.00529693   
-0.450814   0.00700478   1.73835   0.00700718   1.28754   9.1668e-06   1.1589   0.00467146   
-0.450631   0.00626793   1.73817   0.00627009   1.28754   8.21101e-06   1.15878   0.00418006   
-0.448344   0.00611358   1.73588   0.00611645   1.28754   7.94188e-06   1.15725   0.00407763   
-0.451939   0.00663897   1.73947   0.00663919   1.28753   8.12122e-06   1.15965   0.00442613   
-0.453997   0.00644428   1.74153   0.00644394   1.28753   7.65655e-06   1.16102   0.00429596   
-0.452138   0.00624922   1.73967   0.00624944   1.28753   7.30166e-06   1.15978   0.00416629   
-0.451814   0.0058267   1.73934   0.00582705   1.28753   7.35187e-06   1.15956   0.0038847   
-0.447653   0.00685753   1.73517   0.00685996   1.28752   7.75142e-06   1.15678   0.00457331   
-0.44449   0.00717598   1.73201   0.00717934   1.28752   7.86152e-06   1.15467   0.00478623   
-0.440149   0.0080388   1.72766   0.00804372   1.28751   8.50927e-06   1.15178   0.00536248   
-0.436125   0.00860298   1.72364   0.00860897   1.28751   8.98344e-06   1.14909   0.00573931   
-0.434166   0.00839333   1.72167   0.00839973   1.28751   9.32284e-06   1.14778   0.00559982   
-0.431918   0.00829402   1.71942   0.00830083   1.2875   9.52529e-06   1.14628   0.00553388   
-0.429407   0.00829729   1.71691   0.00830465   1.2875   9.88007e-06   1.1446   0.00553643   
-0.428042   0.00804497   1.71554   0.00805258   1.2875   1.02526e-05   1.14369   0.00536839   
-0.426648   0.00782758   1.71414   0.0078353   1.28749   1.02938e-05   1.14276   0.00522354   
-0.426695   0.00750811   1.71418   0.00751549   1.28749   1.0315e-05   1.14279   0.00501033   
-0.425839   0.00726421   1.71333   0.00727154   1.28749   1.01942e-05   1.14222   0.00484769   
-0.425462   0.00700018   1.71295   0.00700737   1.28748   1.02131e-05   1.14196   0.00467158   
-0.42557   0.00674642   1.71305   0.00675332   1.28748   1.00902e-05   1.14203   0.00450221   
-0.424629   0.00657728   1.71211   0.00658413   1.28748   9.90553e-06   1.14141   0.00438942   
-0.424669   0.00635438   1.71215   0.00636098   1.28748   9.6902e-06   1.14143   0.00424066   
-0.424409   0.00615148   1.71189   0.00615795   1.28748   9.61023e-06   1.14126   0.0041053   
-0.424087   0.00596485   1.71156   0.00597116   1.28748   9.35535e-06   1.14104   0.00398077   
-0.424062   0.00578132   1.71154   0.00578745   1.28747   9.13323e-06   1.14102   0.0038583   
-0.423629   0.00562542   1.7111   0.00563142   1.28747   8.9178e-06   1.14073   0.00375428   
-0.42342   0.00546631   1.71089   0.00547215   1.28747   8.67282e-06   1.1406   0.0036481   
-0.422346   0.00541986   1.70982   0.0054255   1.28747   8.4369e-06   1.13988   0.003617   
-0.42104   0.00543059   1.70851   0.00543599   1.28747   8.21122e-06   1.13901   0.00362399   
-0.419861   0.00541569   1.70733   0.00542074   1.28747   7.99897e-06   1.13822   0.00361383   
-0.418085   0.00556588   1.70556   0.00557013   1.28747   7.89555e-06   1.13704   0.00371342   
-0.416628   0.00561726   1.7041   0.00562071   1.28748   7.99087e-06   1.13607   0.00374714   
-0.414645   0.00582637   1.70212   0.00582876   1.28748   8.12181e-06   1.13475   0.00388584   
-0.412062   0.00624512   1.69954   0.00624629   1.28748   8.25056e-06   1.13303   0.0041642   
-0.410018   0.00643156   1.6975   0.00643186   1.28748   8.42626e-06   1.13167   0.00428791   
-0.407936   0.00661975   1.69542   0.00661904   1.28749   8.80883e-06   1.13028   0.0044127   
-0.406492   0.0066301   1.69398   0.00662866   1.28749   9.30923e-06   1.12932   0.0044191   
-0.404557   0.00676699   1.69205   0.00676456   1.28749   9.85792e-06   1.12803   0.00450971   
-0.402867   0.00683369   1.69036   0.00683054   1.2875   1.02306e-05   1.12691   0.00455369   
-0.401204   0.00689333   1.6887   0.00688984   1.2875   1.02238e-05   1.1258   0.00459323   
-0.39909   0.00707435   1.68659   0.00707067   1.2875   1.0112e-05   1.12439   0.00471378   
-0.397587   0.00709258   1.68509   0.00708886   1.2875   9.95162e-06   1.12339   0.00472591   
-0.395813   0.00717483   1.68332   0.00717106   1.2875   9.80128e-06   1.12221   0.00478071   
-0.39425   0.00720708   1.68175   0.00720327   1.2875   9.65602e-06   1.12117   0.00480218   
-0.392834   0.00721021   1.68034   0.0072065   1.2875   9.47501e-06   1.12022   0.00480433   
-0.391016   0.00730515   1.67852   0.00730163   1.2875   9.29791e-06   1.11901   0.00486775   
-0.389587   0.00731211   1.67709   0.00730877   1.2875   9.13169e-06   1.11806   0.00487252   
-0.388248   0.00730426   1.67575   0.00730106   1.2875   8.96836e-06   1.11717   0.00486737   
-0.387111   0.0072645   1.67461   0.00726138   1.2875   8.81046e-06   1.11641   0.00484092   
-0.386494   0.00716474   1.674   0.00716171   1.2875   8.65989e-06   1.116   0.00477447   
-0.385812   0.00707518   1.67331   0.00707228   1.2875   8.53761e-06   1.11554   0.00471485   
-0.385787   0.00695631   1.67329   0.00695346   1.2875   8.42914e-06   1.11553   0.00463564   
-0.385925   0.00684271   1.67343   0.00683989   1.2875   8.32501e-06   1.11562   0.00455993   
-0.385938   0.00673145   1.67344   0.00672868   1.2875   8.20398e-06   1.11563   0.00448578   
-0.38659   0.00665573   1.67409   0.006653   1.2875   8.07352e-06   1.11606   0.00443533   
-0.386972   0.00656206   1.67447   0.00655936   1.2875   7.9549e-06   1.11631   0.0043729   
-0.387738   0.00650556   1.67524   0.0065029   1.2875   7.83298e-06   1.11682   0.00433527   
-0.388528   0.0064548   1.67603   0.0064521   1.2875   7.75901e-06   1.11735   0.0043014   
-0.389385   0.00641516   1.67688   0.00641242   1.2875   7.67935e-06   1.11792   0.00427495   
-0.38978   0.00633243   1.67728   0.00632967   1.2875   7.65273e-06   1.11818   0.00421978   
-0.3899   0.00624115   1.6774   0.0062384   1.2875   7.62369e-06   1.11826   0.00415894   
-0.390234   0.0061604   1.67773   0.00615764   1.28749   7.59637e-06   1.11849   0.00410509   
-0.390758   0.00609558   1.67825   0.0060928   1.28749   7.52823e-06   1.11883   0.00406187   
-0.390998   0.00601509   1.67849   0.00601232   1.28749   7.45246e-06   1.11899   0.00400821   
-0.391756   0.00598045   1.67925   0.00597764   1.28749   7.39505e-06   1.1195   0.0039851   
-0.392227   0.00591785   1.67972   0.00591503   1.28749   7.3255e-06   1.11981   0.00394335   
-0.392157   0.00583883   1.67965   0.00583606   1.28749   7.23589e-06   1.11977   0.00389071   
-0.392369   0.00576539   1.67986   0.00576264   1.28749   7.14658e-06   1.11991   0.00384176   
-0.392702   0.00569977   1.68019   0.00569705   1.28749   7.05968e-06   1.12013   0.00379803   
-0.392983   0.00563322   1.68047   0.00563053   1.28749   6.96861e-06   1.12032   0.00375369   
-0.393594   0.00559501   1.68108   0.00559238   1.28749   6.87985e-06   1.12072   0.00372825   
-0.394071   0.00554512   1.68156   0.00554254   1.28749   6.79424e-06   1.12104   0.00369502   
-0.394667   0.0055086   1.68216   0.00550606   1.28749   6.70993e-06   1.12144   0.00367071   
-0.395179   0.00546503   1.68267   0.00546257   1.28749   6.63403e-06   1.12178   0.00364171   
-0.39536   0.00540183   1.68285   0.00539941   1.28749   6.55831e-06   1.1219   0.0035996   
-0.395793   0.0053547   1.68329   0.00535237   1.28749   6.51361e-06   1.12219   0.00356824   
-0.395997   0.00529523   1.68349   0.00529296   1.28749   6.48728e-06   1.12233   0.00352864   
-0.396352   0.00524533   1.68385   0.00524313   1.28749   6.43797e-06   1.12256   0.00349542   
-0.396572   0.00518936   1.68407   0.0051872   1.28749   6.37517e-06   1.12271   0.00345813   
-0.396278   0.00513846   1.68377   0.00513629   1.28749   6.34984e-06   1.12251   0.00342419   
-0.396248   0.00508049   1.68374   0.00507833   1.2875   6.35374e-06   1.1225   0.00338556   
-0.396204   0.00502391   1.6837   0.00502177   1.2875   6.39241e-06   1.12247   0.00334784   
-0.395921   0.00497647   1.68342   0.0049743   1.2875   6.40358e-06   1.12228   0.0033162   
-0.396009   0.00492287   1.68351   0.00492075   1.2875   6.44051e-06   1.12234   0.0032805   
-0.396064   0.00486996   1.68356   0.00486786   1.2875   6.45079e-06   1.12238   0.00324524   
-0.395886   0.00482114   1.68339   0.00481905   1.2875   6.43338e-06   1.12226   0.0032127   
-0.39571   0.00477338   1.68321   0.00477127   1.2875   6.43669e-06   1.12214   0.00318084   
-0.395262   0.00474462   1.68276   0.00474243   1.2875   6.48178e-06   1.12184   0.00316162   
-0.394649   0.00473521   1.68215   0.00473289   1.2875   6.54189e-06   1.12144   0.00315526   
-0.39417   0.00471111   1.68168   0.0047087   1.28751   6.60243e-06   1.12112   0.00313913   
-0.393727   0.00468428   1.68123   0.00468178   1.28751   6.66552e-06   1.12082   0.00312119   
-0.393226   0.00466412   1.68073   0.00466153   1.28751   6.69987e-06   1.12049   0.00310769   
