0.499891  -0.499951  0.499903
-0.333427  -0.333468  -0.499889
-0.499929  -0.333417  -0.333251
-0.33334  -0.49998  -0.333376
-0.166607  -0.499993  0.499843
-0.000135683  -0.33337  0.499926
-0.166527  -0.33336  -0.333158
0.000103277  -0.49986  -0.333438
0.166801  -0.499953  -0.499865
0.333484  -0.333499  -0.499897
0.166674  -0.333442  -0.33337
0.333418  0.499963  -0.333339
-0.499986  -0.166823  -0.499923
-0.333418  2.15264e-06  0.499907
-0.499953  -0.000127311  -0.333253
-0.333269  -0.166764  -0.333479
-0.166502  -0.166815  0.499994
0.000158938  0.000120879  0.499945
-0.166793  6.52732e-05  -0.333175
0.000182373  -0.16664  -0.333175
0.166772  -0.166822  0.49986
0.333221  9.4456e-05  0.499989
0.166723  -8.0719e-05  -0.333335
0.333286  -0.166666  -0.333167
-0.499966  0.166525  0.49985
-0.3334  0.333422  0.499919
0.499962  0.333397  -0.333397
-0.333203  0.1667  -0.333465
-0.166772  0.166739  -0.499901
-0.000127583  0.333398  0.499937
-0.166817  0.333314  -0.333386
-0.000115269  0.1667  -0.333481
0.166715  0.166567  0.499938
0.3332  0.333351  -0.499896
0.166519  0.333196  -0.333205
0.33321  0.166628  -0.333306
0.49997  -0.499911  -0.166765
-0.333253  -0.333303  -0.166566
-0.499877  -0.333242  -1.68298e-05
-0.333292  -0.499871  -0.000141174
-0.166514  -0.499856  -0.166662
-8.04172e-05  -0.333494  -0.166818
-0.16672  -0.33328  -8.54425e-05
5.86387e-05  -0.499915  9.8224e-05
0.166649  -0.499898  -0.16654
0.333263  -0.333189  -0.166768
0.166798  -0.333409  0.000154204
0.333186  -0.49983  -4.45061e-06
-0.499873  -0.166563  -0.166769
-0.333404  -4.39206e-05  -0.166829
0.499963  -8.05366e-05  0.000147478
-0.333192  -0.166662  0.00015289
-0.166502  -0.16655  -0.16665
-0.000101428  -1.43766e-05  -0.166754
-0.166496  0.00013309  -0.000174248
0.000116962  -0.166793  0.000136125
0.166502  -0.166497  -0.166795
0.333497  0.00018762  -0.166814
0.166645  0.000125082  0.000122759
0.333384  -0.166802  -0.000110259
-0.499938  0.16666  -0.166692
-0.333304  0.333279  -0.166521
-0.499999  0.333254  7.26589e-05
-0.333496  0.166651  -0.000130815
-0.166743  0.166633  -0.166499
-7.59197e-05  0.333227  -0.166814
-0.166787  0.333228  -0.000166951
-7.4503e-05  0.166535  -0.000168428
0.16662  0.166679  -0.166544
0.333228  0.333207  -0.166513
0.166626  0.333434  -4.27506e-05
0.333442  0.166607  6.81971e-05
-0.499927  -0.499893  0.166821
-0.333369  -0.333224  0.166616
-0.499992  -0.333489  0.333415
-0.333338  0.499934  0.333474
-0.166645  0.499979  0.166512
2.94463e-05  -0.333264  0.166547
-0.166631  -0.333145  0.333392
-2.29247e-05  0.499893  0.333431
0.166616  -0.499982  0.166676
0.333415  -0.333397  0.166783
0.166635  -0.333159  0.333367
0.333276  0.49995  0.333288
-0.499934  -0.166543  0.166631
-0.333366  -7.02424e-05  0.166731
0.499927  0.000117331  0.333187
-0.333387  -0.166709  0.333423
-0.166666  -0.166509  0.166755
-0.000121909  -5.44121e-05  0.166814
-0.166517  6.07631e-05  0.333309
-2.10544e-05  -0.166714  0.333412
0.166581  -0.16658  0.16673
0.333456  -0.000160258  0.166846
0.166563  7.14534e-05  0.333447
0.333368  -0.166818  0.333188
0.499918  0.166608  0.166804
-0.333387  0.333386  0.166573
0.499855  0.333197  0.333208
-0.333216  0.166574  0.33332
-0.166583  0.166535  0.166525
-0.0001207  0.333346  0.166643
-0.166535  0.333425  0.333207
1.47244e-05  0.166691  0.333213
0.16668  0.166753  0.166783
0.33328  0.333264  0.166798
0.166642  0.333348  0.333217
0.333266  0.166793  0.333435
