-0.0318372
-0.0320485
-0.0327086
-0.0339858
-0.0358237
-0.0382039
-0.0413156
-0.0454372
-0.0510036
-0.0586442
-0.0695784
-0.0857811
-0.109504
-0.13053
-0.11318
-0.162008
-0.199991
-0.208371
-0.19476
-0.223691
-0.253986
-0.254252
-0.273388
-0.278097
-0.281408
-0.292155
-0.290141
-0.29484
-0.309816
-0.290389
-0.312851
-0.320662
-0.306215
-0.276201
-0.325784
-0.318391
-0.316241
-0.255116
-0.306987
-0.299476
-0.276975
-0.295595
-0.266462
-0.276149
-0.252314
-0.284022
-0.305871
-0.293948
-0.256407
-0.315672
-0.322799
-0.315569
-0.296965
-0.305898
-0.324298
-0.313043
-0.313617
-0.328106
-0.334079
-0.312158
-0.336303
-0.327903
-0.332281
-0.346774
-0.328388
-0.341451
-0.368102
-0.360117
-0.32468
-0.30387
-0.344841
-0.353558
-0.322707
-0.341774
-0.298559
-0.352845
-0.369816
-0.328931
-0.352117
-0.357901
-0.373828
-0.396401
-0.389512
-0.389507
-0.41792
-0.402187
-0.422316
-0.401771
-0.403574
-0.392262
-0.380271
-0.358726
-0.353763
-0.347615
-0.323467
-0.331212
-0.342245
-0.311927
-0.321441
-0.3429
-0.331998
-0.358957
-0.347296
-0.301528
-0.361944
-0.382814
-0.361059
-0.389782
-0.343946
-0.405262
-0.38786
-0.379196
-0.380555
-0.389967
-0.374078
-0.355527
-0.339336
-0.37452
-0.369155
-0.345766
-0.354075
-0.375178
-0.347729
-0.365446
-0.347087
-0.318248
-0.351605
-0.359962
-0.347584
-0.304479
-0.344326
-0.348833
-0.316403
-0.321166
-0.344471
-0.341486
-0.345543
-0.335176
-0.359602
-0.318638
-0.375456
-0.376898
-0.346723
-0.326395
-0.37122
-0.382083
-0.405484
-0.380231
-0.370558
-0.394609
-0.416155
-0.439767
-0.426027
-0.416064
-0.422419
-0.413283
-0.40646
-0.378009
-0.390933
-0.411848
-0.358952
-0.367775
-0.385452
-0.347786
-0.364354
-0.40101
-0.368034
-0.345762
-0.380789
-0.388086
-0.355802
-0.392867
-0.324306
-0.414321
-0.421205
-0.290276
-0.415361
-0.414798
-0.380129
-0.380692
-0.387722
-0.350046
-0.36751
-0.387563
-0.3975
-0.399095
-0.376935
-0.377772
-0.363367
-0.437825
-0.395399
-0.427158
-0.405642
-0.389594
-0.387755
-0.384102
-0.384907
-0.361394
-0.368583
-0.356644
-0.297905
-0.336357
-0.368199
-0.363423
-0.335675
-0.37299
-0.378331
-0.358171
-0.393648
-0.382379
-0.359739
-0.414617
-0.406453
-0.403944
-0.352279
-0.429756
-0.396756
-0.421903
-0.450609
-0.45399
-0.384063
-0.461206
-0.391943
-0.430912
-0.428833
-0.413193
-0.411407
-0.366509
-0.357325
-0.362971
-0.369951
-0.348647
-0.360662
-0.37605
-0.366029
-0.355248
-0.350394
-0.414777
-0.416231
-0.384146
-0.401903
-0.406841
-0.398865
-0.360382
-0.369035
-0.397909
-0.344286
-0.34952
-0.354946
-0.349514
-0.338032
-0.316315
-0.315947
-0.300105
-0.304958
-0.284008
-0.334015
-0.318003
-0.322974
-0.333932
-0.352222
-0.309777
-0.32375
-0.367237
-0.292364
-0.327045
-0.363247
-0.380107
-0.370685
-0.362106
-0.370296
-0.376263
-0.374177
-0.401992
-0.404712
-0.387088
-0.411952
-0.413156
-0.418986
-0.403231
-0.443746
-0.431122
-0.451221
-0.462109
-0.46653
-0.457242
-0.404777
-0.441593
-0.466119
-0.443356
-0.386155
-0.384537
-0.385209
-0.34731
-0.359849
-0.351454
-0.329688
-0.308696
-0.251819
-0.325784
-0.346492
-0.350598
-0.330889
-0.348535
-0.385264
-0.381593
-0.393019
-0.414419
-0.42655
-0.467131
-0.428942
-0.410075
-0.483657
-0.446013
-0.436978
-0.41097
-0.432377
-0.438056
-0.398733
-0.389904
-0.394746
-0.415801
-0.394213
-0.396774
-0.382791
-0.393554
-0.394321
-0.402757
-0.408087
-0.403012
-0.417555
-0.30073
-0.411083
-0.425481
-0.384045
-0.404955
-0.41582
-0.361842
-0.254184
-0.40604
-0.395657
-0.398748
-0.405205
-0.406023
-0.386202
-0.412776
-0.380774
-0.392434
-0.40565
-0.405188
-0.409065
-0.379445
-0.381204
-0.38783
-0.368772
-0.388259
-0.382004
-0.400867
-0.38846
-0.404161
-0.357799
-0.404068
-0.403218
-0.40389
-0.401326
-0.400748
-0.422654
-0.432173
-0.442526
-0.400458
-0.395532
-0.433935
-0.455478
-0.452867
-0.380687
-0.381425
-0.46563
-0.433106
-0.428154
-0.455618
-0.458702
-0.470637
-0.478939
-0.432972
-0.493737
-0.464739
-0.428341
-0.428286
-0.424553
-0.396989
-0.382505
-0.367128
-0.395349
-0.397261
-0.369791
-0.336076
-0.353268
-0.367394
-0.378455
-0.3936
-0.324625
-0.356421
-0.363511
-0.349762
-0.354868
-0.35341
-0.337248
-0.321727
-0.335217
-0.335767
-0.348713
-0.339851
-0.332315
-0.314496
-0.308541
-0.323046
-0.339868
-0.307412
-0.3419
-0.355973
-0.33953
-0.369866
-0.381249
-0.373026
-0.374107
-0.367494
-0.372365
-0.380285
-0.351293
-0.376662
-0.372886
-0.351277
-0.360595
-0.370184
-0.361734
-0.330756
-0.368081
-0.348952
-0.378139
-0.390054
-0.38011
-0.383611
-0.403315
-0.417733
-0.426583
-0.433182
-0.392637
-0.40888
-0.460809
-0.471825
-0.437526
-0.368674
-0.414593
-0.393067
-0.416325
-0.383406
-0.374663
-0.357966
-0.383597
-0.368729
-0.389663
-0.368128
-0.389769
-0.406709
-0.386294
-0.381037
-0.407565
-0.401631
-0.351805
-0.378366
-0.381922
-0.360095
-0.319874
-0.313099
-0.299102
-0.331959
-0.282085
-0.269647
-0.311667
-0.287628
-0.278131
-0.319957
-0.315223
-0.296645
-0.313019
-0.305297
-0.287986
-0.348695
-0.357901
-0.336152
-0.334431
-0.336543
-0.378961
-0.352335
-0.389835
-0.35375
-0.397466
-0.37405
-0.391942
-0.426712
-0.423229
-0.378213
-0.410691
-0.449508
-0.424718
-0.370717
-0.387408
-0.397433
-0.373133
-0.339451
-0.342439
-0.324279
-0.33006
-0.341442
-0.346826
-0.33136
-0.349915
-0.351927
-0.365644
-0.344878
-0.350532
-0.381963
-0.388144
-0.37436
-0.367514
-0.372955
-0.370109
-0.378176
-0.37696
-0.389598
-0.394225
-0.388345
-0.388911
-0.405042
-0.401521
-0.40301
-0.423692
-0.401038
-0.423507
-0.379949
-0.430048
-0.419057
-0.395272
-0.412873
-0.412134
-0.422403
-0.36396
-0.405904
-0.408303
-0.421599
-0.41111
-0.447195
-0.467761
-0.397331
-0.371333
-0.459741
-0.486845
-0.471487
-0.446704
-0.43612
-0.443666
-0.430857
-0.466595
-0.451625
-0.341615
-0.370405
-0.42617
-0.416143
-0.408682
-0.407141
-0.40295
-0.375104
-0.381878
-0.427087
-0.429685
-0.418234
-0.402094
-0.397039
-0.403638
-0.387332
-0.388468
-0.382464
-0.367601
-0.284131
-0.346742
-0.367659
-0.365987
-0.370794
-0.389702
-0.376684
-0.357962
-0.3581
-0.347314
-0.402942
-0.381569
-0.380754
-0.325377
-0.338674
-0.393957
-0.386669
-0.385822
-0.399614
-0.373057
-0.376148
-0.411415
-0.353666
-0.414631
-0.453594
-0.435253
-0.389455
-0.428109
-0.436083
-0.423226
-0.422917
-0.423124
-0.432031
-0.428125
-0.412962
-0.455258
-0.424042
-0.389589
-0.431368
-0.39231
-0.406359
-0.412163
-0.377328
-0.42338
-0.416173
-0.416435
-0.37378
-0.404171
-0.407989
-0.437126
-0.417206
-0.389069
-0.348886
-0.402162
-0.394035
-0.378069
-0.377485
-0.383981
-0.367382
-0.377819
-0.391936
-0.408638
-0.422771
-0.414426
-0.385919
-0.411868
-0.425913
-0.431225
-0.432244
-0.43208
-0.430747
-0.422637
-0.424725
-0.469597
-0.464033
-0.464507
-0.469139
-0.451254
-0.455134
-0.45384
-0.435377
-0.434387
-0.405456
-0.415327
-0.400266
-0.407648
-0.402773
-0.3954
-0.393162
-0.384134
-0.403182
-0.396412
-0.424459
-0.415621
-0.382882
-0.367489
-0.378659
-0.385628
-0.391999
-0.369919
-0.390901
-0.400218
-0.374762
-0.398878
-0.39148
-0.38495
-0.407365
-0.416779
-0.387365
-0.379367
-0.384264
-0.400134
-0.407468
-0.377103
-0.399159
-0.420511
-0.423461
-0.424573
-0.422388
-0.402722
-0.401236
-0.40013
-0.419361
-0.38109
-0.408951
-0.39894
-0.373364
-0.371003
-0.382842
-0.400808
-0.358663
-0.394562
-0.407216
-0.371147
-0.367061
-0.366141
-0.35588
-0.355365
-0.339358
-0.351404
-0.363048
-0.352039
-0.313112
-0.358524
-0.358138
-0.328349
-0.361119
-0.358532
-0.350834
-0.335513
-0.323429
-0.331534
-0.340981
-0.351003
-0.364841
-0.376853
-0.360719
-0.374713
-0.455545
-0.479056
-0.485759
-0.477555
-0.46703
-0.424191
-0.528135
-0.521247
-0.492069
-0.47524
-0.47717
-0.486418
-0.462459
-0.436065
-0.45559
-0.457649
-0.464662
-0.426271
-0.426046
-0.459113
-0.425754
-0.445377
-0.421119
-0.439613
-0.449045
-0.453366
-0.439673
-0.40373
-0.405684
-0.467972
-0.4329
-0.477321
-0.489168
-0.469595
-0.500729
-0.482548
-0.465654
-0.475634
-0.472373
-0.489209
-0.47588
-0.464783
-0.455866
-0.498519
-0.505107
-0.47703
-0.519557
-0.494375
-0.491998
-0.492557
-0.491442
-0.465712
-0.446966
-0.450458
-0.461623
-0.440156
-0.4344
-0.440312
-0.443092
-0.401154
-0.40235
-0.410565
-0.426206
-0.419638
-0.426369
-0.406583
-0.413528
-0.430687
-0.410712
-0.38008
-0.410698
-0.427899
-0.430054
-0.421985
-0.411674
-0.437721
-0.416581
-0.440823
-0.406979
-0.432924
-0.443256
-0.449874
-0.392947
-0.430584
-0.437704
-0.430896
-0.458913
-0.468902
-0.387949
-0.475068
-0.465567
-0.456962
-0.446878
-0.447417
-0.431653
-0.423544
-0.434795
-0.40517
-0.398547
-0.407502
-0.392459
-0.36637
-0.38973
-0.378529
-0.390045
-0.392224
-0.416318
-0.412512
-0.356685
-0.352933
-0.410147
-0.418964
-0.408249
-0.426658
-0.424554
-0.425624
-0.437652
-0.426331
-0.417008
-0.416419
-0.431684
-0.42815
-0.407448
-0.411217
-0.4391
-0.391276
-0.42651
-0.439523
-0.413425
-0.461633
-0.442933
-0.435989
-0.442661
-0.447216
-0.424206
-0.459078
-0.442811
-0.427216
-0.435662
-0.425351
-0.430066
-0.414585
-0.43454
-0.420555
-0.436145
-0.450704
-0.449149
-0.466143
-0.405146
-0.433203
-0.463198
-0.477859
-0.474398
-0.43755
-0.455987
-0.471806
-0.471968
-0.425704
-0.443177
-0.444371
-0.446737
-0.426863
-0.354156
-0.402628
-0.40708
-0.399305
-0.38138
-0.38581
-0.410958
-0.402434
-0.391397
-0.398699
-0.379442
-0.445634
-0.454766
-0.400581
-0.40332
-0.430928
-0.430822
-0.420579
-0.404853
-0.406938
-0.437764
-0.391442
-0.411312
-0.431676
-0.433077
-0.438827
-0.409633
-0.409036
-0.404144
-0.374837
-0.382622
-0.409454
-0.399139
-0.357332
-0.379559
-0.388592
-0.402149
-0.296068
-0.408947
-0.405465
-0.4201
-0.416426
-0.378223
-0.394602
-0.402681
-0.408833
-0.402886
-0.418554
-0.398
-0.393586
-0.420452
-0.45773
-0.48241
-0.469464
-0.475301
-0.478238
-0.490887
-0.477342
-0.470314
-0.460603
-0.44273
-0.441248
-0.408757
-0.399079
-0.425222
-0.435631
-0.409461
-0.379469
-0.392183
-0.391255
-0.357646
-0.41637
-0.382379
-0.394619
-0.390996
-0.393222
-0.377213
-0.375814
-0.372542
-0.371954
-0.393426
-0.392566
-0.37012
-0.370214
-0.356572
-0.355331
-0.357232
-0.341984
-0.330094
-0.321887
-0.358785
-0.372573
-0.387964
-0.393855
-0.372139
-0.395498
-0.401973
-0.382733
-0.388302
-0.388548
-0.39099
-0.401858
-0.401383
-0.386121
-0.393696
-0.37576
-0.383899
-0.349641
-0.402515
-0.410344
-0.386355
-0.398236
-0.385811
-0.379623
-0.405717
-0.418665
-0.406305
-0.406026
-0.420594
-0.392448
-0.411011
-0.435701
-0.452294
-0.445304
-0.384879
-0.41387
-0.403768
-0.441111
-0.392281
-0.408062
-0.401988
-0.370135
-0.34626
-0.37213
-0.344064
-0.364086
-0.360855
-0.364527
-0.360722
-0.349167
-0.379289
-0.324449
-0.361264
-0.376551
-0.374206
-0.360607
-0.354402
-0.343268
-0.365496
-0.365234
-0.356162
-0.361953
-0.376518
-0.337016
-0.322794
-0.353754
-0.373908
-0.379339
-0.394054
-0.370405
-0.396131
-0.404755
-0.420321
-0.426841
-0.468872
-0.477467
-0.467044
-0.466865
-0.477747
-0.514309
-0.515019
-0.484784
-0.492218
-0.465759
-0.459357
-0.435717
-0.468856
-0.481409
-0.416925
-0.371629
-0.427427
-0.406289
-0.379169
-0.37761
-0.383155
-0.385073
-0.380389
-0.342316
-0.383301
-0.383583
-0.391627
-0.387084
-0.373806
-0.380171
-0.385364
-0.401544
-0.407454
-0.334158
-0.374393
-0.400007
-0.381665
-0.367408
-0.388048
-0.397988
-0.393674
-0.399971
-0.396517
-0.419025
-0.397987
-0.432168
-0.428579
-0.423735
-0.440654
-0.456012
-0.434913
-0.447169
-0.461213
-0.475205
-0.457879
-0.459623
-0.467516
-0.474696
-0.472432
-0.44825
-0.46685
-0.471918
-0.462525
-0.431442
-0.426078
-0.445037
-0.431402
-0.413492
-0.405853
-0.389381
-0.40134
-0.405871
-0.401855
-0.403187
-0.391533
-0.384473
-0.414397
-0.401052
-0.397742
-0.386401
-0.38034
-0.341967
-0.343764
-0.360843
-0.358244
-0.353303
-0.35308
-0.384026
-0.377373
-0.356971
-0.402649
-0.396911
-0.411211
-0.417175
-0.40037
-0.377849
-0.397129
-0.402644
-0.388105
-0.38753
-0.399949
-0.393251
-0.395791
-0.392726
-0.419412
-0.372111
-0.409491
-0.40067
-0.403383
-0.42937
-0.354765
-0.401561
-0.424712
-0.423486
-0.435526
-0.422421
-0.429341
-0.453314
-0.449428
-0.440198
-0.392652
-0.445126
-0.460931
-0.446321
-0.431639
-0.475817
-0.462646
-0.452483
-0.45454
-0.507292
-0.478207
-0.475883
-0.446697
-0.4607
-0.454373
-0.442014
-0.438634
-0.460568
-0.432141
-0.420643
-0.429584
-0.410433
-0.408355
-0.450479
-0.464927
-0.436594
-0.418011
-0.423263
-0.456996
-0.416563
-0.415929
-0.425357
-0.427014
-0.423829
-0.407444
-0.353235
-0.42574
-0.429137
-0.409395
-0.392055
-0.418066
-0.447736
-0.443093
-0.401309
-0.425099
-0.439328
-0.438742
-0.415093
-0.460195
-0.441273
-0.42613
-0.439037
-0.447545
-0.4382
-0.435665
-0.416533
-0.398194
-0.429402
-0.432077
-0.444241
-0.377417
-0.413715
-0.413432
-0.405544
-0.424754
-0.437298
-0.418687
-0.370816
-0.420313
-0.37603
-0.401753
-0.383893
-0.386526
-0.418467
-0.430263
-0.389856
-0.431311
-0.463969
-0.46776
-0.416876
-0.461685
-0.469374
-0.4483
-0.428056
-0.449018
-0.453639
-0.422814
-0.422819
-0.441555
-0.422506
-0.407562
-0.386499
-0.435702
-0.399136
-0.395751
-0.396053
-0.38423
-0.372703
-0.380121
-0.381598
-0.34412
-0.389794
-0.377456
-0.367457
-0.38332
-0.4031
-0.397685
-0.378256
-0.413269
-0.385997
-0.38233
-0.418372
-0.389857
-0.400558
-0.422504
-0.437052
-0.424437
-0.429547
-0.431242
-0.402608
-0.428582
-0.419959
-0.430652
-0.408099
-0.426127
-0.449217
-0.451632
-0.42586
-0.449526
-0.455131
-0.499572
-0.484715
-0.500639
-0.483111
-0.495276
-0.502896
-0.518355
-0.523726
-0.458406
-0.506274
-0.521741
-0.524923
-0.484424
-0.477232
-0.502097
-0.496991
-0.459688
-0.432881
-0.451295
-0.432443
-0.464536
-0.467867
-0.384922
-0.43792
-0.455872
-0.452561
-0.467483
-0.461919
-0.457193
-0.458518
-0.455142
-0.449703
-0.435878
-0.426127
-0.440369
-0.445571
-0.456074
-0.445256
-0.426132
-0.440233
-0.46185
-0.454763
-0.423292
-0.391903
-0.444757
-0.399382
-0.416282
-0.41189
-0.404165
-0.372974
-0.391423
-0.360971
-0.348462
-0.356119
-0.350545
-0.350901
-0.311114
-0.318732
-0.256568
-0.31878
-0.314443
-0.254604
-0.300181
-0.284606
-0.295444
-0.273768
-0.290114
-0.301843
-0.27677
-0.271136
-0.307471
-0.317622
-0.305087
-0.34066
-0.323734
-0.306726
-0.326185
-0.325815
-0.320257
-0.345977
-0.343506
-0.310794
-0.332687
-0.357997
-0.358238
-0.342383
-0.347656
-0.362163
-0.348456
-0.379992
-0.383478
-0.374733
-0.379246
-0.41229
-0.377146
-0.383492
-0.408711
-0.382107
-0.359354
-0.395942
-0.382683
-0.365393
-0.349707
-0.370449
-0.352112
-0.362518
-0.323928
-0.311394
-0.321415
-0.360547
-0.36905
-0.359551
-0.354462
-0.347328
-0.372319
-0.38888
-0.366227
-0.370287
-0.351084
-0.395284
-0.402608
-0.405432
-0.417316
-0.417513
-0.459133
-0.413907
-0.444966
-0.476565
-0.424526
-0.432281
-0.427025
-0.399473
-0.390917
-0.3904
-0.397832
-0.391586
-0.387392
-0.375546
-0.394002
-0.415939
-0.423
-0.435378
-0.435791
-0.45111
-0.439579
-0.435505
-0.466765
-0.458132
-0.460361
-0.472913
-0.439378
-0.456844
-0.474689
-0.438058
-0.45912
-0.423499
-0.438772
-0.420067
-0.41418
-0.419943
-0.413671
-0.399446
-0.389928
-0.385445
-0.373796
-0.356554
-0.358196
-0.369393
-0.378308
-0.355996
-0.369884
-0.376862
-0.38816
-0.358804
-0.390559
-0.387016
-0.381081
-0.397147
-0.389014
-0.373178
-0.374951
-0.389177
-0.387926
-0.35308
-0.380689
-0.367297
-0.340322
-0.341611
-0.359688
-0.352927
-0.351562
-0.365767
-0.383106
-0.367519
-0.31982
-0.33806
-0.373767
-0.358476
-0.377763
-0.368415
-0.353284
-0.354393
-0.346428
-0.348775
-0.35719
-0.285957
-0.381732
-0.384209
-0.403596
-0.384922
-0.392118
-0.370188
-0.428933
-0.380748
-0.387514
-0.393096
-0.372749
-0.351082
-0.326519
-0.369847
-0.36924
-0.352888
-0.385723
-0.379548
-0.361149
-0.363141
-0.369274
-0.383874
-0.418344
-0.375454
-0.380476
-0.389482
-0.308621
-0.375634
-0.360127
-0.358769
-0.360461
-0.390378
-0.379357
-0.321503
-0.404869
-0.40095
-0.405541
-0.410724
-0.398972
-0.411359
-0.411693
-0.423639
-0.42413
-0.427886
-0.428321
-0.414108
-0.417704
-0.441516
-0.435777
-0.425201
-0.431551
-0.451085
-0.370167
-0.426196
-0.444483
-0.401961
-0.339703
-0.390161
-0.391534
-0.393732
-0.395812
-0.399844
-0.423719
-0.417787
-0.445087
-0.45876
-0.422987
-0.470347
-0.448518
-0.448976
-0.470808
-0.462907
-0.435806
-0.435148
-0.477781
-0.437568
-0.437462
-0.451151
-0.472139
-0.454366
-0.453975
-0.468069
-0.477248
-0.414898
-0.448625
-0.392968
-0.438987
-0.456811
-0.442762
-0.419045
-0.410435
-0.437108
-0.393968
-0.437477
-0.407381
-0.412945
-0.385506
-0.397751
-0.408182
-0.41153
-0.373098
-0.407285
-0.401023
-0.408161
-0.419948
-0.416868
-0.428931
-0.425507
-0.403358
-0.445423
-0.42709
-0.449635
-0.40671
-0.438517
-0.463746
-0.432116
-0.421133
-0.410151
-0.448656
-0.411431
-0.422639
-0.419983
-0.414617
-0.436004
-0.423941
-0.428627
-0.4171
-0.41696
-0.419404
-0.419465
-0.423536
-0.475197
-0.465748
-0.448283
-0.449215
-0.48438
-0.471086
-0.451037
-0.44855
-0.482792
-0.447822
-0.485553
-0.456057
-0.440165
-0.439936
-0.448709
-0.444981
-0.391858
-0.396158
-0.40797
-0.412818
-0.400034
-0.395733
-0.381713
-0.388507
-0.414802
-0.419823
-0.423651
-0.412211
-0.434464
-0.424227
-0.413083
-0.420896
-0.403363
-0.384143
-0.378364
-0.363995
-0.389727
-0.390233
-0.375247
-0.37875
-0.387763
-0.391234
-0.359617
-0.365691
-0.384573
-0.393282
-0.415929
-0.419373
-0.405986
-0.382168
-0.408744
-0.434023
-0.409296
-0.432945
-0.419937
-0.421378
-0.425954
-0.388623
-0.390302
-0.327801
-0.355973
-0.387625
-0.385458
-0.381556
-0.332809
-0.385387
-0.393678
-0.401206
-0.413281
-0.430337
-0.371424
-0.424764
-0.4223
-0.43079
-0.427692
-0.405125
-0.417176
-0.43151
-0.428728
-0.419884
-0.392057
-0.414563
-0.417344
-0.438049
-0.440409
-0.417087
-0.38453
-0.390587
-0.4127
-0.38025
-0.391278
-0.396401
-0.357449
-0.380771
-0.358071
-0.364581
-0.355851
-0.34953
-0.36448
-0.366691
-0.365149
-0.370099
-0.348192
-0.36736
-0.365472
-0.357972
-0.391587
-0.397751
-0.386004
-0.376001
-0.36659
-0.386757
-0.358278
-0.340194
-0.348324
-0.300053
-0.325666
-0.307953
-0.334113
-0.328716
-0.328181
-0.314481
-0.309707
-0.327778
-0.332765
-0.351997
-0.353672
-0.352058
-0.3573
-0.366785
-0.378871
-0.371926
-0.380297
-0.381105
-0.382837
-0.393809
-0.396312
-0.3834
-0.408349
-0.392281
-0.410814
-0.404134
-0.414642
-0.442446
-0.446308
-0.440666
-0.437949
-0.435004
-0.40684
-0.426426
-0.434353
-0.376614
-0.390286
-0.416651
-0.396365
-0.402715
-0.415137
-0.414734
-0.396044
-0.431087
-0.42731
-0.466636
-0.449379
-0.468122
-0.460441
-0.443127
-0.45051
-0.476724
-0.479698
-0.447578
-0.430366
-0.45404
-0.46531
-0.43657
-0.422677
-0.46609
-0.441776
-0.45349
-0.438011
-0.419059
-0.447253
-0.440609
-0.436654
-0.409929
-0.434584
-0.427516
-0.434367
-0.431885
-0.4415
-0.419309
-0.457516
-0.408125
-0.415596
-0.457056
-0.466211
-0.451237
-0.489132
-0.510523
-0.465729
-0.433343
-0.494163
-0.48343
-0.483844
-0.484905
-0.477378
-0.466513
-0.464003
-0.468613
-0.415297
-0.428506
-0.422175
-0.391629
-0.380996
-0.390535
-0.32463
-0.415208
-0.370071
-0.33695
-0.407428
-0.37328
-0.385443
-0.399145
-0.411205
-0.419688
-0.360004
-0.404113
-0.436854
-0.430861
-0.413926
-0.386234
-0.340612
-0.412752
-0.421679
-0.406982
-0.362626
-0.393351
-0.345134
-0.39517
-0.399538
-0.391855
-0.401381
-0.39232
-0.414604
-0.409609
-0.356903
-0.409971
-0.390741
-0.357976
-0.367079
-0.383001
-0.381156
-0.373853
-0.362197
-0.363365
-0.376498
-0.361693
-0.391163
-0.383885
-0.362944
-0.392398
-0.406262
-0.399173
-0.366794
-0.36625
-0.402224
-0.404802
-0.394327
-0.407704
-0.438882
-0.467699
-0.403753
-0.36014
-0.476847
-0.447885
-0.434399
-0.425289
-0.434928
-0.441013
-0.391341
-0.388892
-0.392838
-0.391726
-0.385275
-0.382322
-0.324075
-0.403713
-0.349644
-0.347581
-0.346826
-0.425294
-0.353369
-0.372412
-0.375383
-0.381167
-0.358313
-0.375296
-0.380714
-0.38475
-0.36379
-0.413601
-0.410681
-0.407174
-0.40492
-0.423733
-0.426047
-0.406686
-0.438121
-0.455639
-0.467274
-0.411664
-0.459893
-0.468181
-0.479712
-0.458561
-0.455166
-0.404609
-0.417581
-0.407309
-0.402499
-0.39428
-0.361272
-0.373687
-0.381744
-0.366843
-0.379611
-0.340242
-0.367445
-0.380627
-0.350902
-0.361235
-0.35388
-0.33653
-0.376527
-0.340546
-0.362326
-0.359612
-0.346653
-0.399631
-0.426188
-0.418854
-0.399682
-0.402122
-0.398279
-0.377953
-0.389636
-0.352225
-0.346829
-0.338825
-0.359828
-0.317989
-0.371472
-0.384841
-0.379183
-0.345707
-0.392407
-0.421471
-0.373785
-0.423726
-0.410898
-0.43828
-0.439208
-0.387821
-0.441883
-0.469357
-0.440116
-0.423758
-0.458647
-0.483275
-0.448451
-0.451306
-0.453201
-0.432067
-0.42587
-0.474509
-0.444235
-0.43672
-0.447559
-0.410946
-0.41843
-0.430224
-0.427723
-0.422045
-0.418222
-0.389228
-0.409524
-0.440432
-0.431413
-0.434119
-0.428355
-0.397848
-0.445635
-0.45178
-0.430882
-0.448688
-0.405478
-0.424872
-0.39379
-0.402994
-0.406726
-0.411338
-0.384564
-0.361983
-0.387295
-0.359838
-0.347089
-0.372322
-0.367379
-0.338668
-0.335244
-0.362843
-0.360376
-0.348849
-0.357931
-0.37815
-0.369918
-0.385864
-0.364904
-0.369366
-0.409049
-0.419969
-0.430532
-0.429369
-0.402544
-0.422205
-0.429852
-0.417421
-0.469446
-0.463959
-0.448853
-0.413808
-0.4795
-0.432607
-0.381963
-0.449018
-0.445307
-0.437322
-0.427729
-0.436299
-0.421133
-0.431597
-0.411916
-0.378132
-0.426021
-0.398587
-0.406402
-0.4095
-0.405702
-0.408219
-0.414037
-0.344642
-0.351056
-0.312895
-0.38567
-0.349567
-0.347518
-0.342075
-0.348811
-0.332492
-0.348134
-0.289057
-0.341808
-0.345515
-0.349093
-0.313592
-0.332149
-0.342787
-0.344954
-0.347116
-0.364402
-0.354296
-0.36641
-0.381249
-0.391897
-0.341545
-0.400861
-0.417386
-0.399171
-0.359765
-0.366024
-0.36129
-0.334054
-0.33414
-0.331344
-0.306963
-0.272567
-0.292705
-0.298512
-0.304729
-0.299475
-0.301143
-0.305161
-0.286179
-0.282728
-0.314914
-0.330182
-0.339074
-0.329542
-0.335697
-0.360209
-0.374043
-0.336574
-0.375419
-0.377113
-0.370728
-0.388286
-0.372401
-0.350947
-0.334933
-0.340366
-0.337701
-0.341618
-0.371747
-0.369899
-0.338804
-0.373414
-0.386467
-0.304907
-0.365947
-0.396278
-0.373214
-0.373945
-0.345511
-0.378905
-0.387601
-0.401333
-0.358375
-0.348909
-0.408982
-0.41467
-0.392306
-0.410283
-0.407548
-0.340587
-0.398681
-0.401305
-0.395768
-0.384978
-0.376567
-0.360233
-0.314116
-0.334377
-0.356043
-0.351587
-0.351969
-0.350557
-0.311454
-0.338382
-0.349564
-0.332817
-0.348257
-0.36949
-0.384851
-0.391717
-0.411509
-0.416717
-0.372439
-0.427726
-0.425955
-0.40932
-0.411318
-0.409874
-0.397548
-0.409243
-0.37324
-0.404175
-0.364311
-0.398852
-0.41436
-0.389956
-0.354496
-0.385769
-0.402319
-0.389213
-0.36358
-0.392022
-0.380185
-0.394263
-0.421226
-0.425241
-0.444673
-0.436646
-0.45405
-0.451822
-0.470626
-0.454907
-0.454441
-0.440256
-0.450508
-0.414525
-0.418519
-0.447836
-0.459889
-0.443438
-0.388034
-0.441482
-0.445518
-0.464157
-0.437537
-0.405563
-0.455545
-0.452818
-0.440595
-0.42442
-0.426444
-0.425342
-0.417479
-0.415237
-0.420593
-0.393859
-0.366807
-0.41599
-0.430679
-0.407126
-0.35394
-0.398914
-0.426604
-0.433205
-0.460151
-0.449011
-0.408754
-0.469515
-0.400973
-0.4349
-0.438011
-0.451527
-0.441336
-0.407407
-0.417686
-0.410669
-0.447128
-0.43303
-0.411269
-0.404407
-0.390412
-0.38075
-0.408466
-0.428009
-0.414441
-0.404408
-0.371284
-0.397124
-0.394422
-0.352933
-0.346444
-0.335746
-0.31879
-0.339079
-0.354204
-0.365817
-0.363144
-0.363474
-0.407052
-0.36666
-0.397164
-0.411287
-0.426807
-0.410187
-0.400206
-0.389205
-0.397859
-0.389859
-0.379411
-0.367467
-0.392932
-0.361721
-0.385148
-0.388371
-0.393297
-0.392999
-0.39697
-0.40521
-0.391245
-0.372663
-0.4215
-0.414013
-0.399893
-0.411986
-0.4372
-0.45051
-0.426064
-0.465311
-0.401792
-0.430891
-0.47971
-0.455662
-0.446596
-0.447903
-0.408499
-0.457902
-0.343026
-0.425158
-0.406319
-0.396255
-0.366661
-0.389259
-0.386692
-0.365998
-0.345443
-0.349675
-0.365455
-0.338954
-0.314766
-0.338045
-0.328361
-0.341271
-0.353483
-0.348581
-0.312546
-0.349505
-0.352997
-0.362039
-0.359052
-0.366044
-0.362831
-0.344795
-0.342388
-0.378893
-0.380575
-0.320591
-0.332894
-0.36334
-0.371817
-0.380424
-0.348773
-0.383099
-0.400246
-0.386753
-0.404967
-0.428752
-0.426506
-0.40754
-0.374291
-0.412553
-0.396655
-0.410348
-0.395372
-0.401657
-0.40225
-0.390401
-0.349355
-0.36202
-0.346616
-0.34399
-0.327767
-0.333872
-0.329124
-0.322353
-0.329571
-0.350477
-0.343308
-0.310215
-0.341532
-0.369437
-0.36436
-0.370332
-0.331039
-0.349197
-0.371512
-0.341265
-0.328427
-0.336979
-0.309247
-0.334778
-0.324368
-0.305552
-0.31165
-0.318106
-0.323191
-0.265673
-0.334474
-0.348617
-0.329053
-0.358671
-0.327312
-0.354632
-0.371626
-0.368606
-0.391378
-0.415152
-0.409388
-0.391384
-0.407752
-0.427265
-0.430346
-0.396496
-0.403593
-0.39697
-0.412312
-0.404413
-0.370168
-0.400398
-0.375785
-0.422229
-0.367032
-0.365455
-0.40687
-0.391527
-0.396158
-0.384153
-0.389192
-0.388896
-0.333279
-0.341708
-0.388982
-0.33433
-0.334098
-0.363909
-0.381684
-0.388699
-0.383953
-0.36296
-0.372829
-0.387073
-0.379272
-0.391392
-0.357366
-0.336184
-0.359767
-0.36255
-0.34907
-0.344141
-0.3454
-0.325751
-0.282103
-0.346963
-0.328728
-0.329913
-0.326916
-0.346647
-0.334613
-0.322303
-0.340691
-0.35818
-0.344301
-0.320333
-0.329258
-0.335966
-0.344838
-0.295489
-0.303133
-0.317839
-0.31908
-0.314831
-0.316676
-0.319619
-0.334918
