1.1
0.96331
0.536266
1.18098
1.01452
0.843358
1.11859
1.04682
1.05748
1.09362
1.10092
0.990531
1.09411
1.05103
1.12609
1.09715
1.06814
1.02352
1.15869
1.06004
0.991145
1.10558
1.02731
1.09875
1.05981
1.07848
1.03231
1.16986
1.11314
0.979956
1.11373
1.02987
1.04784
1.1625
1.11749
1.04347
1.11274
1.11254
1.07356
1.1298
1.1189
1.03353
1.04851
1.12965
1.04206
1.15198
1.02431
1.14321
1.09859
1.12623
1.19844
1.17674
1.15362
1.10326
1.08164
1.2561
1.07184
1.07061
1.13143
1.13154
1.02311
1.10844
1.13157
1.03743
1.15672
1.12133
1.05075
1.11086
1.16148
1.22044
1.03644
1.04718
1.1253
1.19384
1.11198
1.02387
1.08693
1.12732
1.03006
1.09483
0.97869
0.953785
1.12033
1.12272
1.1569
1.12184
1.0504
1.09795
1.04217
1.02878
1.06667
1.04048
1.09395
1.08367
1.07485
1.11747
1.13011
1.11454
1.04169
1.12748
1.05306
1.01629
1.09527
1.02493
0.965917
1.01088
1.08543
1.06472
1.06094
1.10757
1.11462
1.08145
1.08034
1.02228
1.0457
1.10711
0.992193
1.0073
1.03737
1.04438
1.01518
1.06928
1.11343
1.10934
1.09316
1.01579
1.06687
1.04859
1.09378
1.0949
1.01671
1.12699
1.10415
1.13102
1.15532
1.11206
1.15117
1.10019
1.11764
1.08702
1.09689
1.13888
1.10739
1.00935
1.10731
1.03614
1.05039
1.03215
1.08667
1.05402
1.07538
1.09311
1.07884
1.07228
1.1497
1.19197
1.08532
1.17352
1.05114
1.13674
1.09227
1.25505
1.12809
1.1982
1.27018
1.11646
1.00378
0.983603
1.02589
1.01186
1.06596
1.06239
0.960936
0.987557
1.05691
1.11364
1.07679
1.06465
1.01014
1.14392
1.12267
1.01131
1.11056
1.12189
1.14992
1.10063
1.0667
1.02401
1.05887
1.03961
1.00384
0.996288
1.02546
1.12558
1.09598
1.05455
1.05631
1.05624
1.03014
1.10034
1.13939
1.10102
1.12641
1.07433
1.06078
1.06829
1.07032
1.0002
1.03579
1.06975
1.09751
1.065
1.1056
1.0469
1.04031
1.04463
1.15107
1.23257
1.11194
1.00481
0.956384
1.05683
1.05101
1.08006
1.08802
1.07094
1.08488
1.18451
1.12073
1.12478
1.01715
1.03382
1.14652
1.12271
1.07412
1.13535
1.051
1.0913
1.11153
1.13088
1.13663
1.08475
1.12319
1.18623
1.07394
0.984546
1.13867
1.07548
1.05103
1.15467
1.13742
1.14626
1.07765
1.15817
1.08136
1.05972
1.09342
1.05734
1.14307
0.986422
1.04857
1.17002
1.08955
1.05766
1.0596
1.15553
1.15018
1.08862
1.05827
1.03443
1.01456
1.08539
1.07839
1.17649
1.05274
1.10529
1.06882
1.13729
1.10147
1.09564
1.03982
1.14813
1.1508
1.12227
1.07527
1.00943
1.10456
1.13177
1.11582
1.03616
1.12218
1.21842
1.07503
1.13474
1.09461
1.05879
1.10803
1.06989
1.05144
1.07189
1.08682
1.03285
1.10556
1.14597
1.05544
1.06097
1.02766
1.1213
1.05126
1.1223
1.10501
1.1544
1.04255
1.05218
1.09416
1.10968
1.14816
1.08492
1.13273
1.10098
0.941621
1.1082
1.05508
1.12596
1.09087
1.06294
1.14936
1.09202
1.05241
1.03002
1.02836
1.07256
1.02899
1.01243
1.04848
1.08148
1.07299
1.08577
1.17124
1.04998
1.11096
1.07796
1.14158
1.09881
1.08801
1.05816
1.01359
1.10537
0.967643
1.07748
1.05409
1.05799
1.00766
1.10937
1.08513
1.095
1.09936
1.0894
0.998646
1.09584
1.04329
1.06327
1.13313
1.06756
1.12165
1.03318
1.13639
1.02045
1.03767
1.1849
1.12392
1.05489
1.16955
1.13132
1.08399
1.12681
1.09352
1.09329
1.03251
1.05377
1.11419
1.1303
1.04296
1.05775
1.10455
1.09957
1.10127
1.14253
1.12708
0.992826
0.999896
1.06892
0.99958
0.979004
1.07789
1.04218
1.03471
1.11613
1.05738
1.11796
1.13288
1.11687
1.07154
1.12949
1.05444
1.07834
1.01058
1.06352
1.09387
1.17772
1.11619
1.07881
0.993485
1.07731
1.10087
1.06677
1.11149
1.15388
1.09844
1.12465
1.13152
1.06457
1.08239
1.1411
1.05
1.09369
1.06257
1.12561
1.12264
1.05689
1.08883
1.03306
0.988704
1.0304
1.04291
1.05564
1.04204
1.09426
1.10577
1.12519
1.09683
1.11995
1.08021
1.09495
1.07333
1.13261
1.08949
1.08649
1.10693
1.01216
1.03809
1.03803
1.03284
1.06386
1.0655
1.05442
1.09348
1.04708
1.06023
1.19416
1.02465
1.09321
1.08854
1.17268
1.11545
1.17566
1.14616
1.14109
1.05499
1.15828
1.19644
0.988838
1.05139
1.15036
1.0843
1.08165
1.05646
1.08319
1.08312
1.1051
1.08413
1.10739
1.03952
1.06961
1.15452
0.997219
1.07029
1.03393
1.05176
1.06231
1.15199
1.19918
1.03321
1.02195
1.01126
1.02762
1.17361
1.17431
1.18287
1.11443
1.11319
1.12997
1.01599
1.10658
1.1477
1.05238
1.04115
1.10615
1.11367
1.0804
1.10536
1.00074
1.04314
1.09622
1.08129
1.05121
1.14704
1.05804
1.07629
0.993448
0.999009
0.90768
1.02166
1.09781
1.09022
1.09294
1.15013
1.04624
1.10015
1.13417
1.10577
1.17442
1.09121
1.23154
1.15051
1.04613
1.03014
1.09928
1.02346
1.1411
1.07163
1.05607
1.12478
1.04638
1.13185
1.09048
1.1068
1.15188
1.13106
1.08554
0.947351
1.04493
1.08852
1.04183
1.09593
1.08961
1.06832
1.03384
1.0915
1.08238
1.12534
1.155
1.09746
1.16199
1.12014
0.964035
1.10426
1.11974
1.07641
1.11161
1.21319
1.10209
1.01294
1.12309
1.11543
0.992521
1.10677
1.13935
1.17441
1.07303
0.984924
1.10886
1.04735
1.10528
1.08535
0.965848
1.09975
1.07192
1.12448
1.09087
1.08992
1.13918
1.00417
1.13011
1.04037
1.10485
1.11786
1.05915
1.11057
1.07427
1.01441
0.969606
1.14273
1.06596
1.05847
1.18556
1.1267
1.02374
1.0167
0.96737
1.00647
1.00022
1.11776
1.10058
1.06582
1.05493
1.06924
1.02506
1.11094
1.0974
1.05072
1.08699
0.999538
1.05662
1.13337
1.12502
1.0516
1.02917
1.0977
1.10905
1.1198
1.08342
1.06614
1.01649
1.14569
1.07313
1.04677
1.04669
0.982957
1.10923
1.11825
1.03969
1.13873
1.07805
1.11801
1.05287
1.02702
0.998037
1.02927
1.15942
1.14559
1.12404
1.04536
1.04054
1.10191
1.09241
1.10036
1.17177
1.13214
1.09596
1.19068
1.12074
1.17856
1.04314
1.07779
1.02287
1.00056
1.05351
1.12365
1.09088
1.14471
1.12143
1.06487
1.02124
1.09025
1.1037
1.16336
1.10204
1.11105
1.12289
1.08248
0.996263
1.08678
1.117
1.19864
1.1147
1.06466
0.941628
1.08292
1.09792
1.14994
1.18243
1.13395
1.05917
1.07486
1.20358
1.23185
1.15951
1.09783
1.04839
1.10857
1.12189
1.07684
1.15082
1.02692
1.0775
1.06753
1.10981
1.0718
1.08736
1.12279
1.17104
1.03871
0.986473
1.18587
1.02726
1.09777
1.16031
1.06635
1.14366
1.17235
1.08485
1.09386
1.04499
1.04227
1.13925
1.02297
1.13023
1.15985
1.1737
1.1112
1.1236
1.09117
1.04061
1.1425
1.1161
1.13443
1.1013
1.13641
1.13432
1.05416
1.05
1.09061
1.10177
1.22956
1.14237
1.1404
1.19167
1.0113
1.02157
1.08318
1.14616
1.0925
1.08575
1.12779
1.12624
1.07884
1.04666
1.04416
1.03943
1.10521
1.13668
1.14948
1.10965
1.07204
1.09119
1.1142
1.12463
1.13976
1.08974
1.03801
1.12544
1.17383
1.10464
1.06721
1.00709
1.01794
1.10488
1.0936
1.13465
0.984293
1.09977
1.14258
1.12695
1.10988
1.01716
1.12124
1.01771
1.09632
1.11973
1.05794
1.10009
1.15258
1.09691
1.05534
1.04401
1.20662
1.11041
1.10868
1.06775
1.11289
1.06231
1.09072
1.06405
1.1135
1.16942
1.01632
1.09156
1.08698
1.1166
1.09712
1.0261
1.12935
1.11435
1.0555
1.06415
1.11542
1.07442
1.08049
1.01173
1.06007
1.15104
1.09497
1.0965
1.07639
0.978928
1.20994
1.13254
1.11788
1.05065
1.07662
1.12865
1.11314
1.07035
1.06039
1.10579
1.14244
1.15876
1.08295
1.08805
1.1393
1.11446
1.09271
1.0438
1.06096
1.12103
1.04139
1.11578
1.0614
1.14006
1.05034
1.11111
1.05725
1.16447
1.12713
0.997019
1.00669
1.07933
1.05699
1.03753
1.08885
1.1045
1.0723
1.17418
1.11119
1.08342
1.17094
1.0967
1.02975
1.07726
1.09883
1.17322
1.17142
1.1037
1.0907
1.12939
1.11559
1.08086
1.12103
1.10931
1.12848
1.09252
1.10101
1.00613
1.08626
1.13667
1.17748
1.10691
1.05293
1.07621
1.07231
1.10864
1.09394
1.14596
1.07046
1.06509
1.06779
1.0303
1.06289
1.01397
0.986064
1.14185
1.02006
1.16717
1.08292
1.0972
0.977213
1.11691
1.14202
1.0424
1.17163
1.13447
1.04284
1.0616
1.06499
1.09249
0.965012
0.997037
1.05162
1.01808
1.0626
1.05058
1.13908
1.12
1.12977
1.07697
1.06018
1.01006
1.15961
1.07545
1.02237
1.07022
1.08989
0.990047
1.06226
1.13618
1.08085
1.15782
1.07137
1.08423
1.07865
1.07844
1.02004
1.16796
1.09801
1.08605
1.20059
1.01438
1.07359
1.0727
1.0728
1.07481
1.14774
1.05506
1.03493
1.07754
1.08232
0.986749
1.04034
1.01559
1.11174
1.10396
1.18916
1.19305
1.0997
1.03144
1.1276
1.06911
1.07674
1.07382
1.08545
1.07188
1.14864
1.09095
1.08972
1.07737
1.09807
1.08381
1.10726
1.04353
1.10029
1.13647
1.2276
1.09243
1.10007
1.10901
1.0984
1.04889
1.14954
1.05591
1.06836
1.23187
1.07739
1.06491
1.07071
1.09454
1.16038
1.06753
1.03114
1.023
1.01244
1.07805
1.09966
1.08457
1.07696
1.08231
1.04886
1.07022
1.082
1.06493
1.12379
1.1304
1.0895
1.06293
1.06898
1.08092
1.07812
1.13697
1.0843
1.04914
1.19196
1.15478
1.15983
1.02474
1.04225
1.12592
1.12332
1.01448
1.1393
0.993446
0.99089
1.05334
0.970483
1.09963
1.12465
1.13716
1.1068
1.12135
1.13125
1.00275
1.06218
1.01222
1.11335
1.20289
1.08288
1.14622
1.05593
1.1018
1.04397
1.11826
1.06263
1.00455
1.15184
1.07583
1.07781
1.16143
1.02722
1.1464
1.10781
1.14527
0.983984
1.04235
1.06734
1.09087
1.04328
1.02382
1.04366
1.07541
1.21526
1.12295
1.10661
1.05662
1.11073
1.08685
1.06126
1.05663
1.06337
1.10323
1.13808
1.07792
1.04139
1.10325
1.08535
1.00462
1.15649
1.17578
1.11602
1.06417
1.03616
1.09364
1.12172
0.972602
1.18693
1.06244
1.11354
1.05806
0.964366
1.01941
0.997779
1.12582
1.05078
1.05042
1.07723
1.08402
1.07476
1.13988
1.10546
1.07187
1.02744
1.03817
1.1009
1.1075
1.02498
1.02488
1.05241
0.961018
1.0348
1.11683
1.12178
1.11208
1.10574
1.1068
1.0281
1.04879
1.12937
1.19699
1.03055
1.12468
1.16663
1.11618
1.05551
1.16075
0.961418
1.12077
1.17073
1.09092
0.985967
1.08312
1.06216
1.0659
1.11419
1.11294
1.02154
1.06243
1.06376
1.10759
1.1342
1.0274
1.05717
1.0775
1.01199
1.06953
0.971425
1.07798
1.08807
1.09625
0.939566
1.11833
1.11335
1.15991
1.09905
1.16048
1.13173
1.06494
1.08762
1.11489
1.10051
1.06328
1.01118
1.04476
1.04302
1.1695
1.15068
1.16069
1.13562
1.1357
1.07695
0.998902
1.07999
1.09331
1.18541
1.06207
1.04118
1.08643
1.01181
1.02442
1.08422
1.08155
1.00527
1.17721
1.0145
1.12819
1.04717
1.00863
1.10469
1.05176
1.03942
1.0555
1.10666
1.04079
1.00995
1.0494
0.998071
1.08916
0.94891
1.11134
1.10923
1.03236
1.04488
0.99572
1.01507
1.11124
1.09662
1.07809
1.08992
1.04762
1.06027
1.01303
1.05713
1.03887
1.10651
1.07102
1.07067
1.07665
1.12028
1.06434
1.04674
1.01652
1.07344
1.11447
1.07238
1.14628
1.1083
1.09197
1.1088
1.10421
1.07513
1.12706
1.06275
1.14408
1.1386
1.03717
1.06243
1.0667
1.12125
1.03111
1.05827
1.10465
0.970811
1.05999
1.10996
1.13421
1.14672
1.06682
1.11029
1.08615
1.1584
1.13087
1.17494
1.14631
1.11361
1.08172
1.11722
1.06609
1.06851
1.03983
1.13433
1.04061
1.14314
1.03931
1.09456
1.08461
1.05275
1.16554
1.09785
1.10329
1.14387
1.11562
1.01229
1.02406
1.11441
1.07317
0.996741
1.06994
1.14361
1.11544
1.11427
1.10876
1.02016
1.16705
1.0943
1.12144
1.0776
1.0697
1.1014
1.09922
1.04102
1.03303
1.06298
1.01999
1.07576
1.15707
1.08711
1.17775
1.14448
1.06376
1.12643
1.11899
1.06887
1.07164
1.08723
1.15798
1.05719
1.03709
1.07062
1.02381
1.06253
1.01953
1.0754
1.11249
1.0179
1.09817
1.02078
1.01534
1.06588
1.09089
1.09114
1.06523
1.18397
1.14648
1.11723
1.12302
1.05964
1.14455
1.03318
1.17407
0.944836
1.15273
1.06001
1.11119
1.06636
1.15094
1.13621
1.10006
1.10032
1.14065
1.16058
1.04023
1.02751
0.991309
1.16395
1.15974
1.08054
1.15754
1.13194
1.09406
1.00797
1.09757
1.1299
1.05312
0.99776
1.08844
1.08743
1.12513
1.16971
1.03592
1.11696
1.02973
0.94996
1.09642
1.11399
1.08479
1.03332
1.13488
1.07114
1.03992
1.12418
1.03575
1.08209
1.02594
1.0434
1.01089
1.03692
1.13641
1.18299
1.05048
1.08975
1.07913
1.0458
1.14776
1.08562
1.08784
1.06775
0.972411
1.06624
1.07488
1.17131
1.0563
1.08608
1.02599
1.00479
1.09703
1.10551
1.09805
1.13359
0.969088
1.13822
1.08037
1.06193
1.07167
1.09939
1.12013
1.08722
0.965066
1.07863
1.15893
1.10338
1.15095
1.16891
1.11821
1.02395
1.05594
1.15407
1.04195
1.07877
1.10673
1.00977
0.945657
1.07328
1.04973
1.09545
1.07632
1.05681
1.10545
1.06767
1.09402
1.05167
1.03726
1.02391
1.09944
1.0774
1.10953
1.06454
1.12916
1.10652
1.09136
1.04393
1.04599
1.10762
0.958033
1.02763
1.07539
1.07719
1.11344
1.0663
1.08556
0.948212
0.930287
1.03314
1.07626
1.0699
1.06396
1.05092
1.06935
1.06064
1.0571
1.03339
1.1325
1.08237
1.04475
1.13519
1.02952
1.03493
1.04307
1.0311
1.13563
1.10233
1.12051
1.16228
1.01354
1.01569
0.97532
1.13652
1.04277
1.19125
1.16308
1.19309
1.11011
1.13689
1.15676
1.01178
1.082
0.98222
0.988347
1.02677
1.0875
0.997819
1.06194
1.02652
1.12052
1.09734
1.05222
1.03678
1.0832
1.16799
1.21152
1.09652
1.06973
1.04305
1.0081
1.08341
1.18076
1.1249
0.93057
0.979018
1.01161
1.12037
1.0471
1.1056
1.11324
1.09324
1.07306
1.09863
1.10226
1.1747
1.04558
1.07819
1.09082
1.04793
1.08749
1.06913
1.17438
1.02198
1.05336
1.0283
1.13246
1.11249
1.08097
1.063
1.08363
1.12406
1.06125
1.10939
1.20566
1.14562
1.17945
1.12108
1.0514
1.13012
1.03414
1.09037
1.07138
1.05189
1.03911
1.09448
1.08984
1.06566
0.977815
0.995408
1.16378
1.0745
1.11689
1.0667
1.09189
1.06607
1.08578
1.12288
1.05931
1.0658
1.09015
1.09617
0.992742
1.09897
1.14227
1.06443
1.01108
0.991525
1.08358
1.14045
1.08479
1.08096
1.11583
1.13929
1.09177
1.15857
1.11992
1.08333
1.01285
1.03465
1.02226
1.0589
1.15542
1.07493
1.23096
1.08772
1.07309
1.06842
1.16015
1.06304
1.07319
1.09173
1.08002
1.07549
1.13726
1.05815
0.941956
1.14861
1.08265
1.09913
1.09557
1.10145
1.12767
1.04515
1.08445
1.13712
1.07712
1.08566
1.11269
0.981598
1.05628
1.08967
1.01566
1.04221
1.01667
1.07303
1.11165
1.07961
1.18514
1.01246
1.10965
1.04469
1.1344
1.15048
1.09724
1.00699
1.13678
1.02404
1.14959
0.992993
1.0686
1.17427
1.10351
1.15319
1.09989
1.12259
1.11145
1.09282
1.08648
1.08516
1.09512
1.10471
1.06153
1.06942
1.19602
0.989233
1.06373
1.01308
1.06686
1.12704
1.16018
1.14213
1.12813
1.03124
0.965941
1.14986
1.02219
1.15428
1.13783
1.11627
0.999688
1.16768
0.987911
1.08915
1.05027
1.12562
1.11763
1.05104
1.00089
1.01252
1.13389
1.1715
1.02376
1.11254
1.06845
1.05983
1.08308
1.1786
1.12498
1.1142
1.10994
1.10179
1.14706
1.08107
1.06387
0.982253
1.1645
1.19632
1.13864
1.11103
1.01604
1.13847
1.03842
1.12282
1.08825
0.973064
1.08083
1.03296
1.15152
1.08542
1.10539
1.14183
1.11313
1.11883
1.18133
1.02275
1.13576
1.13616
1.01986
0.986129
1.03892
1.02043
1.10273
1.0957
1.06303
0.997538
1.04801
1.08528
1.05908
1.08715
1.15504
1.02764
0.993271
1.09317
1.00304
1.0482
1.00456
1.00591
0.959961
0.960575
1.1518
1.10933
1.02537
1.21555
1.06135
1.08511
1.01279
1.14458
1.05301
1.08897
1.07393
1.08828
1.10244
1.05271
1.14605
1.14821
1.04598
1.01739
1.08681
1.00519
1.03611
1.14012
1.03015
1.11407
1.10983
1.14423
1.14772
0.942574
1.06467
1.06364
1.10877
1.13518
1.09081
1.11186
1.08647
1.09887
1.05489
1.02916
1.06387
1.05629
1.05888
1.13695
1.08704
1.01408
1.06055
1.0219
1.00075
1.10346
1.03414
1.17392
1.07025
1.13816
1.12704
1.17897
1.09204
1.1164
1.07891
1.07869
1.05817
1.06093
1.04597
1.13193
1.07477
1.0751
1.12722
1.19174
0.979089
1.08725
1.06703
1.06823
1.06262
1.07394
1.11128
1.11285
1.14238
1.13793
1.05666
1.05164
1.11408
1.10439
1.03136
1.13129
1.10177
1.03813
0.990441
1.09919
1.21622
1.04498
1.06676
1.10091
1.02288
1.12211
1.02911
1.12641
1.13115
1.115
1.09605
1.15745
1.01704
1.15676
1.123
1.13457
1.06457
1.13396
1.14274
0.990633
1.02279
1.14153
1.10735
1.05703
1.1171
1.12534
1.1284
1.06284
1.05282
1.06659
1.16784
1.13745
1.15872
0.962969
1.04629
1.16513
1.08833
1.01018
1.09677
1.07667
1.09576
1.1306
1.10994
1.12275
1.03958
1.03309
1.14726
1.15573
1.012
1.06066
1.13656
1.0331
1.12925
1.07246
1.11039
1.1298
1.1423
1.10543
1.00003
1.08139
1.05656
1.01834
1.07049
1.01852
1.08963
1.09499
1.16832
1.11966
1.06557
1.1732
1.09696
1.0972
1.13806
1.13902
1.06988
1.08184
1.09491
1.08151
1.08045
1.09738
1.02232
1.11605
1.11865
1.08949
1.036
1.0622
1.08007
1.03824
1.05568
1.03193
1.17175
1.11987
1.1183
1.05891
1.1212
1.0932
1.09768
1.17884
1.15798
0.959006
1.15361
1.04724
1.05769
1.07427
1.10732
1.06692
1.06134
1.06525
1.06965
1.0568
1.01309
1.15249
1.06628
1.05828
1.00474
1.02339
1.04071
1.14488
0.98449
1.05151
1.1029
1.04045
1.14535
1.11214
1.07897
1.00059
1.11459
0.967606
1.05513
1.106
1.10526
1.07233
1.01332
1.057
1.08516
1.13512
1.06482
1.03102
1.16506
1.0506
1.09921
1.09056
1.09801
1.05782
1.11648
1.10626
1.08386
1.08822
1.14413
1.11787
1.09789
0.970358
1.02649
1.04836
1.08418
1.0449
1.14777
1.13392
1.21117
1.11199
1.11565
1.03089
1.02057
1.04546
1.03491
1.08298
1.07643
1.02983
1.08443
1.08557
1.02687
1.15357
1.08768
1.00663
0.992643
1.16173
1.0243
1.12806
1.10059
0.990874
1.11982
1.12138
1.04916
1.12052
1.08893
1.09293
1.04197
1.20456
1.09485
1.04619
1.02662
1.07475
1.05267
1.04057
1.09755
1.10751
1.09911
0.937908
1.13579
1.08361
1.01643
1.0608
1.10101
1.1199
1.12789
1.09609
1.10435
1.117
1.10177
1.09968
1.05907
1.03919
1.08781
1.02152
1.07055
1.08353
1.14013
1.10812
1.06331
1.09716
1.07476
1.02213
1.13449
1.09394
1.08281
1.09288
1.08489
1.09186
0.989374
1.13189
1.13048
1.11589
1.10116
1.09135
1.06685
1.06523
1.08865
1.0378
1.01365
1.0998
1.17167
1.13995
1.1371
1.13095
1.0681
1.12524
1.11554
1.07322
1.05472
1.03647
1.10293
1.12832
1.14859
1.05824
1.11409
1.10318
1.0718
1.13779
1.19343
1.08822
1.1081
1.0479
1.05853
1.08812
1.13346
1.08282
1.10283
1.05283
1.14258
1.06058
1.0641
1.08639
1.14051
1.10928
1.04788
1.07753
1.08443
1.03439
1.12563
1.16242
1.04953
1.05571
1.0834
1.04961
1.04852
1.06143
1.08481
1.03577
1.09474
1.11374
1.08044
1.13964
1.07088
1.10459
1.11889
1.0384
1.04413
1.08989
1.0024
1.08541
1.09366
1.15563
1.04257
1.09721
1.1392
1.09724
1.08547
1.10096
1.12711
0.974966
1.08997
0.996185
1.08846
1.16646
1.11439
1.02811
0.976829
1.06766
0.995466
1.06989
1.08147
1.06682
1.02123
1.05922
1.03205
1.10807
1.04064
1.05544
1.07372
1.03132
1.11356
1.06652
1.05049
1.1629
1.14856
1.09198
1.09961
1.00369
1.10286
1.09283
1.10257
1.07677
1.04592
1.11164
1.11937
1.06988
1.02354
1.05977
1.08357
0.991723
1.02941
1.17036
1.12099
0.973548
1.03866
1.06322
1.14152
1.06277
1.14316
1.10031
1.13069
1.02231
1.10982
1.09906
0.97141
1.08135
0.979189
1.15881
1.10481
1.19984
1.10169
1.13023
1.05694
1.00706
1.07968
1.09525
1.05021
1.13586
1.09563
1.09024
1.12295
1.01131
1.00876
1.08542
1.15894
1.08368
1.07523
1.09982
1.06589
1.06738
1.12011
1.06542
1.06619
1.02319
0.994068
1.10224
1.06185
1.03177
1.08455
1.04824
1.14699
1.12633
1.16363
1.0718
1.06328
1.06433
1.07533
1.13539
1.11558
1.1203
1.11183
1.02548
1.11205
1.12558
1.08828
1.02504
1.01778
1.05318
1.12799
1.13447
0.99395
1.05713
1.11237
1.07243
1.09092
1.06475
1.12019
1.04501
1.09198
1.14686
1.06286
1.08224
1.08915
1.0525
1.11498
1.11054
1.01224
1.11299
1.08363
1.07528
1.06108
1.13547
1.18375
1.0625
1.05308
1.03097
1.03371
1.0918
1.10792
1.04698
1.05203
1.06365
1.10051
1.11048
1.21902
1.03928
1.11653
0.944271
1.09408
1.16116
1.10491
1.01479
1.05126
0.976561
1.02087
1.13171
1.14137
1.14071
1.08926
1.08555
1.11713
1.05703
1.02687
1.10287
1.05301
1.06604
1.08774
1.01361
1.05537
1.15721
1.1226
1.0907
1.07587
1.14733
1.11211
1.12576
1.05834
1.0993
1.09158
1.06603
1.05815
1.10817
0.994293
1.06918
1.09128
1.10246
1.02326
1.16368
1.07315
1.16054
1.09159
1.05109
1.13254
1.09891
1.10493
1.06717
1.02506
1.07183
1.10579
1.11899
1.06591
1.11887
0.994122
1.06466
1.06851
1.01278
1.03945
1.06867
1.04671
1.10801
1.0557
1.0467
1.08766
1.15204
1.18276
1.08331
1.13863
1.12327
1.22947
1.13334
1.05432
1.13147
1.11773
1.12236
1.04978
1.1422
1.12966
1.08574
1.16629
1.0015
1.09715
1.07031
1.10296
1.00796
1.13163
1.01319
1.10348
1.10196
1.09353
1.13108
1.07784
1.11176
0.976247
1.05418
1.0589
1.09233
1.11849
1.19391
1.20149
0.98902
1.0298
1.14059
1.10859
1.00015
1.18979
1.08027
1.16086
1.0545
1.0351
1.06074
1.03169
1.09004
1.08634
1.0444
1.07739
1.05319
1.05597
1.0718
0.997738
1.07099
1.07173
1.10943
1.03192
1.02219
1.00344
1.13123
1.14876
1.08143
1.04294
1.07532
1.08697
0.984881
1.05257
1.00865
1.00093
1.0985
1.15091
1.09952
1.03096
1.09632
1.06177
1.0585
1.01537
0.981497
1.066
1.07926
1.02191
1.10573
1.13715
1.00593
0.985036
1.04119
1.05064
1.02001
1.07679
1.05461
1.02251
1.11884
1.09224
1.05761
1.10992
1.04947
1.09845
1.02685
1.09499
1.07768
1.02338
1.02819
1.10786
1.12197
1.09492
1.14971
1.11531
1.11219
1.09789
1.09507
1.0858
1.09125
1.13561
1.11552
1.09452
1.06261
1.07578
1.17323
0.971428
1.07952
1.15482
1.08005
1.16029
1.09427
1.15161
1.13252
1.15189
1.06105
1.08114
1.08147
1.08628
1.10987
1.07594
1.08906
1.10324
1.0444
1.06369
1.07907
1.11137
1.04399
1.11524
1.14331
1.11448
1.04362
1.10255
1.04735
1.01347
1.06533
1.14663
1.13463
1.13785
1.13575
1.12769
1.07447
1.18279
1.09759
1.13834
1.04605
0.972715
1.0419
1.0675
1.08089
1.199
1.11944
1.07377
1.01843
1.17222
1.1886
1.04558
1.15313
1.00904
1.03435
1.07315
1.08524
1.10212
1.06873
1.0193
1.09079
1.13298
