-4.71475
-4.69994
-4.69646
-3.79846
-3.79936
-3.79951
-3.48553
-3.48674
-3.48357
-3.46998
-3.46862
-3.46847
-3.31964
-3.32327
-3.32313
-3.41695
-3.41529
-3.41694
-3.46148
-3.46072
-3.45982
-3.42361
-3.42285
-3.42285
-3.37624
-3.37987
-3.37925
-3.51738
-3.51557
-3.51616
-3.41098
-3.41263
-3.41187
-3.41323
-3.41096
-3.41157
-3.41173
-3.41127
-3.40946
-3.41157
-3.41323
-3.41142
-3.41202
-3.41565
-3.41655
-3.41611
-3.41399
-3.41037
-3.41278
-3.41353
-3.41475
-3.41308
-3.41127
-3.41263
-3.4164
-3.4155
-3.41428
-3.41413
-3.41534
-3.41429
-3.41504
-3.41218
-3.41353
-3.41187
-3.41399
-3.41807
-3.4161
-3.41761
-3.41459
-3.4155
-3.41308
-3.41489
-3.41353
-3.41171
-3.41187
-3.40945
-3.41201
-3.41081
-3.41201
-3.41051
-3.41005
-3.40929
-3.40945
-3.4102
-3.41172
-3.41247
-3.4099
-3.40809
-3.40794
-3.41216
-3.41186
-3.41171
-3.41277
-3.41459
-3.41534
-3.41353
-3.41383
-3.41187
-3.40929
-3.40915
-3.41292
-3.4105
-3.41097
-3.40915
-3.41126
-3.41081
-3.41081
-3.4087
-3.4102
-3.41142
-3.41202
-3.41277
-3.41338
-3.41323
-3.41156
-3.41051
-3.41202
-3.41429
-3.41429
-3.4155
-3.41337
-3.41247
-3.41217
-3.41308
-3.41777
-3.42077
-3.41655
-3.41715
-3.41383
-3.41005
-3.40974
-3.4099
-3.40763
-3.40748
-3.40748
-3.40763
-3.41428
-3.41383
-3.42033
-3.41776
-3.4161
-3.41308
-3.41036
-3.41051
-3.41051
-3.40854
-3.41006
-3.41111
-3.41081
-3.41036
-3.41293
-3.41111
-3.41096
-3.4099
-3.41247
-3.41262
-3.41866
-3.41806
-3.41669
-3.41413
-3.41549
-3.4161
-3.41488
-3.41428
-3.41444
-3.41368
-3.41172
-3.40916
-3.41066
-3.41292
-3.41157
-3.40885
-3.41066
-3.41097
-3.41474
-3.41217
-3.41217
-3.41368
-3.41262
-3.41323
-3.41414
-3.41323
-3.41127
-3.41202
-3.41353
-3.41368
-3.41278
-3.41383
-3.41383
-3.41065
-3.4099
-3.41112
-3.41172
-3.41444
-3.41444
-3.41384
-3.41263
-3.41278
-3.41308
-3.41429
-3.41173
-3.41278
-3.41354
-3.41278
-3.41294
-3.40794
-3.40961
-3.4093
-3.40719
-3.40976
-3.41141
-3.41127
-3.40749
-3.40961
-3.41187
-3.41142
-3.41096
-3.41097
-3.41067
-3.41324
-3.41231
-3.41293
-3.41126
-3.4099
-3.40975
-3.41232
-3.41051
-3.41006
-3.41081
-3.41081
-3.40885
-3.40809
-3.41112
-3.41096
-3.41263
-3.4155
-3.41247
-3.41278
-3.41203
-3.41625
-3.41414
-3.41443
-3.41141
-3.41005
-3.40944
-3.40672
-3.4099
-3.41488
-3.41261
-3.41397
-3.40929
-3.40793
-3.40913
-3.40884
-3.40582
-3.40596
-3.40763
-3.40959
-3.41005
-3.41125
-3.4102
-3.41141
-3.4108
-3.41261
-3.41186
-3.41353
-3.41111
-3.41201
-3.41398
-3.41262
-3.41322
-3.41413
-3.41442
-3.41307
-3.41321
-3.41125
-3.41427
-3.4105
-3.41246
-3.40958
-3.40928
-3.40581
-3.40747
-3.4117
-3.41004
-3.40988
-3.40822
-3.41109
-3.412
-3.4117
-3.4117
-3.4105
-3.41397
-3.41322
-3.4114
-3.4117
-3.40733
-3.40883
-3.41139
-3.41094
-3.40898
-3.41185
-3.41004
-3.40822
-3.40853
-3.4108
-3.40882
-3.41185
-3.40973
-3.40989
-3.4132
-3.4126
-3.41003
-3.4114
-3.41276
-3.41291
-3.41049
-3.40807
-3.40883
-3.40838
-3.41018
-3.4105
-3.41185
-3.40913
-3.41321
-3.41441
-3.41321
-3.41517
-3.41819
-3.41487
-3.40913
-3.41125
-3.41246
-3.41396
-3.4129
-3.41532
-3.41547
-3.412
-3.41397
-3.41517
-3.41276
-3.41305
-3.41049
-3.41094
-3.4123
-3.41003
-3.41033
-3.41125
-3.40655
-3.40822
-3.41049
-3.41275
-3.4126
-3.412
-3.40943
-3.40943
-3.40942
-3.4052
-3.40504
-3.40822
-3.40792
-3.40897
-3.41199
-3.4126
-3.41336
-3.41396
-3.4114
-3.41018
-3.41185
-3.41079
-3.41261
-3.4129
-3.40898
-3.40852
-3.41003
-3.4123
-3.41214
-3.41214
-3.41002
-3.40655
-3.40654
-3.40579
-3.40775
-3.40639
-3.40715
-3.40775
-3.40957
-3.40805
-3.4076
-3.40986
-3.4147
-3.41213
-3.41092
-3.40926
-3.41001
-3.40881
-3.4079
-3.40745
-3.4079
-3.40775
-3.40881
-3.41017
-3.41349
-3.41213
-3.41047
-3.41031
-3.41228
-3.41198
-3.41273
-3.41213
-3.41212
-3.41152
-3.41091
-3.41213
-3.41258
-3.4165
-3.41696
-3.41953
-3.41847
-3.41711
-3.41787
-3.4153
-3.4144
-3.41077
-3.41182
-3.41002
-3.41152
-3.41469
-3.41273
-3.41242
-3.41303
-3.41182
-3.41363
-3.41349
-3.41605
-3.41424
-3.4156
-3.41636
-3.41348
-3.41303
-3.4091
-3.41167
-3.41212
-3.40895
-3.41016
-3.41257
-3.41242
-3.41605
-3.41212
-3.41016
-3.41212
-3.4094
-3.40865
-3.4094
-3.4091
-3.41257
-3.41272
-3.41513
-3.41317
-3.41273
-3.41407
-3.41619
-3.41694
-3.4174
-3.41801
-3.4168
-3.41635
-3.41212
-3.41242
-3.4097
-3.41151
-3.4103
-3.41484
-3.41106
-3.40879
-3.41015
-3.41076
-3.41091
-3.41347
-3.41393
-3.41438
-3.41392
-3.41694
-3.41513
-3.41453
-3.41271
-3.41226
-3.40788
-3.40969
-3.40878
-3.41075
-3.41105
-3.40863
-3.41105
-3.41271
-3.41437
-3.41528
-3.41226
-3.41346
-3.41301
-3.4121
-3.41482
-3.41089
-3.40969
-3.41196
-3.41361
-3.41301
-3.4118
-3.41271
-3.41316
-3.4106
-3.41029
-3.40939
-3.40773
-3.40969
-3.41044
-3.40849
-3.40924
-3.40742
-3.4106
-3.41136
-3.41059
-3.4115
-3.40999
-3.41135
-3.41196
-3.41755
-3.41483
-3.41422
-3.41317
-3.41332
-3.41106
-3.4112
-3.41317
-3.41317
-3.41075
-3.41211
-3.40924
-3.40742
-3.4106
-3.40924
-3.41014
-3.41091
-3.41196
-3.41166
-3.41347
-3.4118
-3.41226
-3.41483
-3.41317
-3.41301
-3.41392
-3.41514
-3.41392
-3.40954
-3.40999
-3.40923
-3.41059
-3.40893
-3.41014
-3.41196
-3.41287
-3.41225
-3.4124
-3.41574
-3.40999
-3.40939
-3.4103
-3.41165
-3.4121
-3.41181
-3.41225
-3.4121
-3.41301
-3.4121
-3.41089
-3.40954
-3.40984
-3.40818
-3.40651
-3.40832
-3.40938
-3.40923
-3.40878
-3.41045
-3.40862
-3.41029
-3.40817
-3.40697
-3.40879
-3.4109
-3.41257
-3.41044
-3.40773
-3.41498
-3.41166
-3.41151
-3.41498
-3.4106
-3.41363
-3.41513
-3.41664
-3.41363
-3.41286
-3.41195
-3.41166
-3.41211
-3.41045
-3.41136
-3.41166
-3.40834
-3.41
-3.41151
-3.41347
-3.41438
-3.4159
-3.41167
-3.41257
-3.41242
-3.41182
-3.41015
-3.41348
-3.41272
-3.41272
-3.41333
-3.41348
-3.41302
-3.41574
-3.41408
-3.41484
-3.41589
-3.41242
-3.41197
-3.41211
-3.41015
-3.41015
-3.40774
-3.40894
-3.40924
-3.40652
-3.40743
-3.40864
-3.40925
-3.41151
-3.40804
-3.40909
-3.4106
-3.40984
-3.41241
-3.40864
-3.41195
-3.40969
-3.41211
-3.41089
-3.4115
-3.41135
-3.41301
-3.41165
-3.41392
-3.41452
-3.41362
-3.41271
-3.41376
-3.41256
-3.41513
-3.41015
-3.41015
-3.41044
-3.41256
-3.41045
-3.40969
-3.40999
-3.41181
-3.41136
-3.41151
-3.41226
-3.41166
-3.41332
-3.41468
-3.41513
-3.41226
-3.41332
-3.41514
-3.41679
-3.41559
-3.41423
-3.41348
-3.41136
-3.41333
-3.4103
-3.40984
-3.41303
-3.41091
-3.4097
-3.40849
-3.41136
-3.41256
-3.41105
-3.41227
-3.41136
-3.4109
-3.40622
-3.40743
-3.41302
-3.41317
-3.41393
-3.41317
-3.41392
-3.41211
-3.41181
-3.4109
-3.41121
-3.41166
-3.41271
-3.41438
-3.41483
-3.41347
-3.41378
-3.41271
-3.41438
-3.41377
-3.41211
-3.41256
-3.4127
-3.41346
-3.41075
-3.41421
-3.41377
-3.41406
-3.4121
-3.41211
-3.41286
-3.41286
-3.4124
-3.4118
-3.41195
-3.41165
-3.41346
-3.4121
-3.4127
-3.41269
-3.41315
-3.41044
-3.41255
-3.4118
-3.41044
-3.413
-3.40984
-3.40983
-3.40862
-3.40938
-3.40983
-3.4127
-3.41089
-3.40998
-3.41013
-3.41331
-3.40848
-3.40666
-3.40681
-3.40787
-3.40984
-3.4112
-3.41255
-3.41255
-3.41361
-3.41301
-3.41421
-3.4118
-3.41104
-3.41165
-3.41331
-3.4121
-3.4112
-3.41542
-3.41346
-3.41512
-3.41437
-3.41482
-3.41467
-3.41693
-3.41407
-3.41347
-3.41301
-3.41422
-3.41558
-3.41483
-3.41512
-3.4121
-3.4118
-3.41014
-3.41014
-3.4106
-3.40878
-3.40893
-3.40727
-3.40864
-3.40984
-3.40893
-3.40953
-3.40803
-3.40712
-3.40772
-3.40954
-3.40909
-3.40728
-3.40999
-3.41106
-3.41196
-3.41151
-3.41151
-3.41075
-3.41136
-3.41136
-3.40925
-3.40985
-3.41015
-3.40924
-3.41015
-3.41287
-3.41136
-3.41348
-3.40758
-3.40849
-3.41121
-3.4106
-3.41228
-3.4165
-3.41574
-3.41378
-3.41257
-3.41045
-3.41287
-3.41348
-3.41393
-3.41212
-3.41242
-3.41333
-3.41439
-3.41303
-3.41424
-3.41061
-3.41348
-3.41605
-3.41575
-3.41152
-3.41061
-3.41001
-3.40986
-3.41138
-3.41258
-3.41334
-3.41364
-3.41333
-3.41046
-3.4106
-3.41091
-3.4097
-3.40863
-3.41106
-3.41242
-3.41497
-3.41739
-3.41573
-3.41361
-3.40984
-3.4106
-3.41241
-3.41225
-3.41059
-3.41255
-3.41406
-3.41346
-3.41512
-3.41316
-3.41588
-3.41316
-3.41573
-3.41648
-3.41467
-3.41467
-3.41301
-3.41211
-3.41301
-3.41316
-3.41287
-3.41317
-3.41377
-3.41271
-3.4112
-3.40803
-3.40742
-3.40501
-3.4106
-3.41241
-3.41317
-3.40758
-3.40699
-3.41061
-3.41378
-3.41211
-3.41166
-3.41286
-3.41664
-3.41422
-3.41287
-3.41013
-3.41165
-3.40893
-3.40969
-3.40909
-3.41226
-3.41407
-3.41301
-3.41226
-3.41272
-3.40953
-3.40848
-3.41044
-3.41119
-3.40999
-3.40847
-3.41195
-3.4118
-3.41166
-3.40999
-3.41498
-3.41603
-3.41422
-3.41255
-3.41497
-3.41422
-3.41361
-3.41119
-3.40938
-3.40893
-3.41164
-3.41044
-3.40771
-3.40575
-3.4062
-3.40696
-3.41103
-3.41013
-3.41239
-3.40967
-3.40787
-3.4059
-3.40787
-3.413
-3.41149
-3.41043
-3.40908
-3.41225
-3.41255
-3.41391
-3.41285
-3.41224
-3.41224
-3.41118
-3.41103
-3.41299
-3.41058
-3.41088
-3.41148
-3.40952
-3.40938
-3.41133
-3.41436
-3.41375
-3.41088
-3.41088
-3.4127
-3.41284
-3.41194
-3.41269
-3.41481
-3.4148
-3.41435
-3.41193
-3.41405
-3.41496
-3.41436
-3.4148
-3.41526
-3.413
-3.41239
-3.41451
-3.4121
-3.41361
-3.4133
-3.41557
-3.41315
-3.41527
-3.41542
-3.41692
-3.41572
-3.41466
-3.41285
-3.41149
-3.41194
-3.41194
-3.41315
-3.4118
-3.41104
-3.41331
-3.41135
-3.40983
-3.40923
-3.4118
-3.41301
-3.4121
-3.41134
-3.41044
-3.41044
-3.41225
-3.41527
-3.41543
-3.41422
-3.41436
-3.41588
-3.41482
-3.41347
-3.41256
-3.41135
-3.41331
-3.41044
-3.41134
-3.40954
-3.41044
-3.40893
-3.41044
-3.40968
-3.40832
-3.40862
-3.40696
-3.40756
-3.40832
-3.40953
-3.40922
-3.40908
-3.41073
-3.41225
-3.4118
-3.41179
-3.41376
-3.41511
-3.41467
-3.41497
-3.41481
-3.413
-3.4136
-3.41194
-3.41012
-3.41073
-3.41285
-3.41163
-3.40847
-3.41239
-3.41255
-3.41073
-3.41028
-3.41299
-3.41073
-3.40861
-3.40725
-3.40785
-3.41057
-3.41088
-3.41208
-3.41329
-3.41314
-3.41088
-3.40831
-3.41057
-3.41058
-3.41118
-3.41178
-3.4074
-3.40725
-3.40785
-3.41087
-3.41072
-3.41238
-3.41359
-3.41722
-3.41344
-3.41193
-3.41435
-3.41118
-3.41269
-3.41449
-3.41269
-3.41283
-3.41495
-3.41313
-3.41193
-3.40922
-3.41133
-3.40906
-3.40633
-3.40936
-3.40845
-3.4074
-3.40876
-3.41012
-3.40966
-3.41072
-3.41208
-3.41162
-3.41208
-3.41102
-3.40814
-3.41268
-3.41026
-3.4086
-3.41086
-3.41086
-3.40981
-3.41011
-3.41223
-3.41192
-3.41222
-3.40966
-3.41495
-3.41359
-3.41449
-3.41434
-3.41299
-3.41314
-3.41298
-3.41299
-3.41132
-3.41163
-3.41299
-3.41178
-3.41087
-3.41283
-3.41419
-3.4154
-3.41313
-3.41389
-3.41132
-3.40921
-3.41147
-3.40951
-3.40996
-3.40784
-3.40678
-3.40814
-3.41222
-3.41086
-3.40965
-3.40799
-3.41025
-3.41282
-3.41478
-3.41706
-3.41781
-3.4166
-3.41493
-3.41237
-3.41297
-3.4098
-3.40964
-3.41131
-3.41251
-3.41281
-3.41433
-3.41252
-3.41069
-3.41191
-3.40738
-3.4104
-3.40949
-3.40949
-3.4107
-3.40994
-3.40768
-3.40919
-3.40949
-3.41115
-3.41055
-3.41191
-3.41145
-3.411
-3.40995
-3.40904
-3.40873
-3.40965
-3.411
-3.41101
-3.41206
-3.40964
-3.4101
-3.40753
-3.40965
-3.41055
-3.40874
-3.41009
-3.40979
-3.41176
-3.40888
-3.41237
-3.41024
-3.4107
-3.41236
-3.41236
-3.41055
-3.41054
-3.41009
-3.40919
-3.41115
-3.41055
-3.41085
-3.41115
-3.41221
-3.41009
-3.41039
-3.41069
-3.41009
-3.40858
-3.40796
-3.40782
-3.40707
-3.41084
-3.41069
-3.41326
-3.41342
-3.41341
-3.41537
-3.41281
-3.40978
-3.41235
-3.40872
-3.4116
-3.41099
-3.41221
-3.41387
-3.4116
-3.41069
-3.41205
-3.41326
-3.41447
-3.41251
-3.41114
-3.41311
-3.41281
-3.41462
-3.41509
-3.41478
-3.41296
-3.41357
-3.41024
-3.41055
-3.41236
-3.41493
-3.41417
-3.41357
-3.41417
-3.41221
-3.4107
-3.41235
-3.41235
-3.41175
-3.41144
-3.41402
-3.41507
-3.41447
-3.41704
-3.41357
-3.41175
-3.41099
-3.40963
-3.41144
-3.41144
-3.41235
-3.41477
-3.41386
-3.41174
-3.41144
-3.41068
-3.41174
-3.41068
-3.41083
-3.41144
-3.41235
-3.41325
-3.41189
-3.41311
-3.41234
-3.41174
-3.40993
-3.40721
-3.41326
-3.41265
-3.41219
-3.40977
-3.41098
-3.40872
-3.40993
-3.41341
-3.4128
-3.41386
-3.4134
-3.41038
-3.41189
-3.41053
-3.41038
-3.41099
-3.4125
-3.4131
-3.41355
-3.41295
-3.41084
-3.41083
-3.41325
-3.40992
-3.40963
-3.41341
-3.4134
-3.41069
-3.41144
-3.41069
-3.41023
-3.4125
-3.4128
-3.4134
-3.41295
-3.41446
-3.41521
-3.41658
-3.41416
-3.41236
-3.40977
-3.40662
-3.4069
-3.4116
-3.41265
-3.4131
-3.41053
-3.41567
-3.41748
-3.41854
-3.41854
-3.41506
-3.41553
-3.41431
-3.41039
-3.41189
-3.41024
-3.41386
-3.41114
-3.41038
-3.40751
-3.41265
-3.41265
-3.41462
-3.41492
-3.41507
-3.41492
-3.41432
-3.41266
-3.41356
-3.41538
-3.41311
-3.41085
-3.41206
-3.40767
-3.41009
-3.4113
-3.41221
-3.41235
-3.41176
-3.41221
-3.40994
-3.40934
-3.40722
-3.40662
-3.40481
-3.40587
-3.40314
-3.40677
-3.40405
-3.40632
-3.40783
-3.41101
-3.41221
-3.41327
-3.41146
-3.41131
-3.40995
-3.40814
-3.40844
-3.40769
-3.40633
-3.40965
-3.41131
-3.40935
-3.4101
-3.41025
-3.40904
-3.4101
-3.40783
-3.40949
-3.41054
-3.40752
-3.40843
-3.41131
-3.40904
-3.40934
-3.41297
-3.4113
-3.41161
-3.41267
-3.41463
-3.41463
-3.41599
-3.41479
-3.41433
-3.41206
-3.41312
-3.41464
-3.41161
-3.41237
-3.41206
-3.41131
-3.41252
-3.41328
-3.41025
-3.41132
-3.40935
-3.41192
-3.41645
-3.41448
-3.41614
-3.41448
-3.41328
-3.41252
-3.40981
-3.4086
-3.4083
-3.40769
-3.41117
-3.41101
-3.41086
-3.41192
-3.41102
-3.41178
-3.41116
-3.41132
-3.41283
-3.41283
-3.41026
-3.41041
-3.41238
-3.41146
-3.41207
-3.41192
-3.41011
-3.41041
-3.40799
-3.41283
-3.41328
-3.41283
-3.40995
-3.41026
-3.41117
-3.41328
-3.41252
-3.41056
-3.41086
-3.41464
-3.41403
-3.41313
-3.41117
-3.41389
-3.41525
-3.41389
-3.41177
-3.41208
-3.41041
-3.41238
-3.41403
-3.41283
-3.41328
-3.41133
-3.41252
-3.40996
-3.40769
-3.4098
-3.41026
-3.41041
-3.40966
-3.4092
-3.41329
-3.41192
-3.41177
-3.40966
-3.41147
-3.41208
-3.41329
-3.4139
-3.41359
-3.41495
-3.4148
-3.41661
-3.4163
-3.41374
-3.41162
-3.41238
-3.41298
-3.40996
-3.40905
-3.41208
-3.41207
-3.41344
-3.41388
-3.41314
-3.4148
-3.41374
-3.41178
-3.41359
-3.4139
-3.41586
-3.41631
-3.41828
-3.41526
-3.41451
-3.41375
-3.4139
-3.41738
-3.41616
-3.41496
-3.41375
-3.41557
-3.41345
-3.41345
-3.41451
-3.41481
-3.41466
-3.41451
-3.41376
-3.41467
-3.41527
-3.41421
-3.4133
-3.41345
-3.41195
-3.40983
-3.40998
-3.41527
-3.41406
-3.41209
-3.41043
-3.41179
-3.4121
-3.41225
-3.41134
-3.40832
-3.41149
-3.41256
-3.41149
-3.41089
-3.40999
-3.40741
-3.4056
-3.40651
-3.40953
-3.41164
-3.41346
-3.40892
-3.40787
-3.41014
-3.40863
-3.40772
-3.40983
-3.40998
-3.40954
-3.41013
-3.40923
-3.41255
-3.41603
-3.41527
-3.41195
-3.4127
-3.41513
-3.41437
-3.41497
-3.41587
-3.41692
-3.41739
-3.41662
-3.41195
-3.41255
-3.4124
-3.4127
-3.41543
-3.41482
-3.41467
-3.41543
-3.41347
-3.41543
-3.41589
-3.41271
-3.4124
-3.41362
-3.41376
-3.40953
-3.40893
-3.40983
-3.40939
-3.40651
-3.40833
-3.40984
-3.4112
-3.40818
-3.40954
-3.41648
-3.41724
-3.41301
-3.413
-3.41119
-3.40937
-3.41043
-3.41195
-3.4118
-3.41316
-3.41301
-3.41029
-3.4121
-3.40983
-3.4127
-3.41255
-3.41255
-3.41195
-3.41029
-3.41286
-3.41527
-3.41542
-3.41573
-3.41769
-3.41815
-3.41709
-3.41633
-3.41603
-3.4121
-3.41271
-3.4118
-3.41377
-3.41135
-3.41316
-3.41074
-3.41271
-3.41678
-3.41513
-3.41663
-3.41452
-3.41392
-3.41422
-3.41165
-3.41165
-3.4109
-3.41089
-3.41362
-3.41331
-3.4115
-3.41075
-3.41059
-3.4121
-3.41151
-3.41044
-3.40969
-3.4118
-3.41331
-3.4115
-3.41135
-3.41225
-3.41376
-3.41391
-3.41361
-3.41361
-3.41119
-3.41043
-3.41119
-3.4115
-3.41104
-3.4118
-3.41301
-3.40999
-3.41074
-3.4124
-3.41089
-3.41044
-3.41059
-3.41074
-3.4106
-3.40999
-3.4118
-3.41195
-3.4106
-3.41029
-3.40727
-3.41029
-3.41074
-3.41165
-3.41421
-3.41377
-3.41225
-3.40984
-3.40908
-3.41029
-3.4121
-3.41089
-3.41209
-3.41437
-3.41331
-3.40953
-3.41119
-3.41089
-3.41225
-3.40968
-3.40787
-3.4109
-3.40848
-3.40893
-3.41044
-3.40968
-3.40757
-3.4053
-3.40591
-3.40772
-3.40908
-3.4121
-3.40788
-3.41014
-3.41105
-3.41044
-3.4112
-3.41226
-3.41196
-3.41074
-3.40894
-3.40893
-3.4103
-3.41331
-3.41332
-3.41604
-3.41287
-3.41121
-3.41045
-3.41196
-3.41166
-3.41016
-3.41046
-3.41212
-3.41121
-3.41106
-3.41182
-3.41181
-3.41227
-3.41377
-3.41378
-3.41106
-3.4106
-3.41166
-3.41044
-3.4106
-3.41151
-3.41181
-3.41543
-3.41453
-3.41332
-3.41014
-3.40954
-3.40999
-3.4115
-3.4121
-3.4112
-3.40954
-3.40832
-3.41028
-3.40923
-3.40939
-3.41059
-3.41165
-3.41195
-3.41345
-3.41483
-3.41557
-3.41376
-3.41376
-3.41437
-3.41346
-3.41255
-3.41133
-3.41194
-3.41451
-3.41073
-3.40802
-3.40696
-3.40802
-3.41195
-3.41255
-3.41619
-3.41316
-3.41392
-3.41422
-3.41619
-3.41603
-3.41482
-3.41497
-3.41482
-3.41376
-3.41362
-3.41165
-3.41195
-3.40893
-3.40727
-3.40847
-3.40969
-3.40878
-3.4103
-3.40787
-3.40878
-3.41438
-3.4115
-3.4103
-3.41513
-3.41513
-3.41197
-3.41195
-3.41423
-3.41181
-3.40924
-3.40924
-3.41106
-3.40758
-3.40909
-3.41211
-3.41211
-3.40923
-3.41105
-3.4106
-3.40954
-3.40698
-3.41122
-3.41348
-3.41152
-3.41242
-3.41499
-3.41363
-3.41121
-3.41257
-3.41257
-3.41423
-3.41529
-3.41333
-3.41045
-3.4091
-3.41408
-3.41348
-3.41091
-3.41243
-3.415
-3.41515
-3.415
-3.41726
-3.41726
-3.41439
-3.41243
-3.41183
-3.41273
-3.41393
-3.4156
-3.41636
-3.41288
-3.41424
-3.41288
-3.41257
-3.41272
-3.41333
-3.41197
-3.41031
-3.41122
-3.40926
-3.40986
-3.40956
-3.41182
-3.41167
-3.41106
-3.41031
-3.40985
-3.41317
-3.41227
-3.41015
-3.41197
-3.41076
-3.40865
-3.40653
-3.4091
-3.40985
-3.41106
-3.41302
-3.41363
-3.41302
-3.41272
-3.41091
-3.41288
-3.41273
-3.40956
-3.40759
-3.41046
-3.41046
-3.4088
-3.40835
-3.41152
-3.41212
-3.41348
-3.41484
-3.41635
-3.41213
-3.41258
-3.41561
-3.41408
-3.41258
-3.40925
-3.40865
-3.4079
-3.41274
-3.4144
-3.41349
-3.41182
-3.41213
-3.4141
-3.41334
-3.41123
-3.41349
-3.4088
-3.41001
-3.40926
-3.41303
-3.41213
-3.41258
-3.41379
-3.41485
-3.41364
-3.41319
-3.41002
-3.41062
-3.41077
-3.41516
-3.41424
-3.4144
-3.41379
-3.41289
-3.41243
-3.41076
-3.41076
-3.40971
-3.40971
-3.41227
-3.41106
-3.41469
-3.41363
-3.4162
-3.41302
-3.41514
-3.41166
-3.41091
-3.40818
-3.41211
-3.41166
-3.40924
-3.41197
-3.41288
-3.41423
-3.40955
-3.40986
-3.41273
-3.41136
-3.41423
-3.41528
-3.41498
-3.41437
-3.41589
-3.41755
-3.41649
-3.41468
-3.41362
-3.41332
-3.41196
-3.40833
-3.40667
-3.40879
-3.41241
-3.41499
-3.41347
-3.41166
-3.41347
-3.41197
-3.40954
-3.41061
-3.41137
-3.4097
-3.41077
-3.41137
-3.41121
-3.41212
-3.41348
-3.41757
-3.41756
-3.41712
-3.41605
-3.4162
-3.41499
-3.41484
-3.41469
-3.41363
-3.41197
-3.41106
-3.41091
-3.41347
-3.41182
-3.40895
-3.40985
-3.41136
-3.41167
-3.41182
-3.41212
-3.41151
-3.41045
-3.41439
-3.41484
-3.41469
-3.41545
-3.41423
-3.41484
-3.41362
-3.41408
-3.41574
-3.41302
-3.41045
-3.41046
-3.4085
-3.4106
-3.4097
-3.40835
-3.4091
-3.40895
-3.41016
-3.41
-3.40895
-3.41105
-3.41227
-3.4156
-3.41303
-3.41152
-3.41061
-3.41243
-3.41288
-3.41017
-3.41198
-3.41121
-3.41031
-3.41243
-3.40986
-3.41062
-3.40987
-3.40654
-3.40503
-3.40775
-3.41062
-3.41077
-3.41288
-3.41485
-3.41349
-3.41137
-3.40956
-3.41184
-3.41198
-3.41213
-3.41304
-3.41198
-3.41137
-3.41031
-3.41046
-3.40971
-3.41137
-3.41001
-3.41062
-3.41122
-3.41182
-3.41077
-3.41409
-3.41258
-3.41227
-3.41333
-3.41303
-3.41574
-3.41182
-3.41243
-3.41212
-3.41046
-3.40866
-3.41046
-3.40986
-3.4088
-3.40835
-3.41198
-3.41394
-3.4156
-3.41651
-3.41243
-3.41002
-3.41198
-3.41137
-3.41212
-3.41348
-3.41288
-3.41091
-3.41152
-3.41137
-3.41046
-3.41274
-3.41258
-3.41213
-3.41484
-3.41379
-3.41213
-3.41771
-3.41621
-3.41349
-3.4153
-3.41228
-3.41228
-3.41379
-3.4159
-3.41182
-3.41333
-3.41378
-3.41061
-3.40971
-3.41
-3.41107
-3.40985
-3.41288
-3.41092
-3.40804
-3.40789
-3.41122
-3.40819
-3.40819
-3.41046
-3.41227
-3.41197
-3.41227
-3.41393
-3.4159
-3.41302
-3.41182
-3.41272
-3.41287
-3.4091
-3.40925
-3.41061
-3.41136
-3.41363
-3.41378
-3.41438
-3.41468
-3.41106
-3.41
-3.41061
-3.41151
-3.41121
-3.41197
-3.41484
-3.41544
-3.4168
-3.41333
-3.41151
-3.4159
-3.41228
-3.41272
-3.41061
-3.41106
-3.4088
-3.41107
-3.41213
-3.41198
-3.41394
-3.41576
-3.41439
-3.41138
-3.41017
-3.41138
-3.41106
-3.40865
-3.41137
-3.41228
-3.41227
-3.4144
-3.41379
-3.41423
-3.41303
-3.41076
-3.41152
-3.41182
-3.4094
-3.40743
-3.41137
-3.41077
-3.41106
-3.41272
-3.4085
-3.40699
-3.40805
-3.40669
-3.4082
-3.40986
-3.40986
-3.40956
-3.40971
-3.41274
-3.41213
-3.41515
-3.4153
-3.41318
-3.41092
-3.40956
-3.41016
-3.41484
-3.41122
-3.41289
-3.41349
-3.41212
-3.41152
-3.41561
-3.41637
-3.41304
-3.40987
-3.41093
-3.40851
-3.41244
-3.40971
-3.40836
-3.40942
-3.40942
-3.41093
-3.41349
-3.40927
-3.4073
-3.40851
-3.41229
-3.41273
-3.41153
-3.41033
-3.41122
-3.41046
-3.41304
-3.41077
-3.41501
-3.41244
-3.41062
-3.40986
-3.41167
-3.40986
-3.40895
-3.40956
-3.4094
-3.41091
-3.41333
-3.41303
-3.41424
-3.41257
-3.41515
-3.4159
-3.41378
-3.41333
-3.41529
-3.41318
-3.41393
-3.41363
-3.41454
-3.41363
-3.41423
-3.41076
-3.41121
-3.41257
-3.41287
-3.4112
-3.41287
-3.41317
-3.41181
-3.41287
-3.41197
-3.41226
-3.41257
-3.41241
-3.40788
-3.40985
-3.40803
-3.40954
-3.41272
-3.41347
-3.41589
-3.41272
-3.41317
-3.41272
-3.4109
-3.40984
-3.41106
-3.40969
-3.40864
-3.40893
-3.41075
-3.41135
-3.41015
-3.41361
-3.41211
-3.40908
-3.41196
-3.4118
-3.41317
-3.41589
-3.41392
-3.41468
-3.4115
-3.41029
-3.40757
-3.40849
-3.41212
-3.41272
-3.41226
-3.41166
-3.41015
-3.41029
-3.40637
-3.40879
-3.40924
-3.41076
-3.41181
-3.41317
-3.41136
-3.41105
-3.41317
-3.41256
-3.41181
-3.41272
-3.40985
-3.41181
-3.41332
-3.41241
-3.41181
-3.40773
-3.4097
-3.41226
-3.41015
-3.41059
-3.41181
-3.4106
-3.4097
-3.41136
-3.40924
-3.41166
-3.41589
-3.41711
-3.4168
-3.4165
-3.4162
-3.41499
-3.41181
-3.41544
-3.41544
-3.41498
-3.41439
-3.41665
-3.41424
-3.41515
-3.41545
-3.41424
-3.41439
-3.41182
-3.41031
-3.40864
-3.4082
-3.41002
-3.4094
-3.41168
-3.41152
-3.41137
-3.41107
-3.40911
-3.41002
-3.40895
-3.40971
-3.40941
-3.40941
-3.40987
-3.41228
-3.41319
-3.41349
-3.41259
-3.41123
-3.41213
-3.41183
-3.41077
-3.41591
-3.41424
-3.41531
-3.41652
-3.41486
-3.4135
-3.41199
-3.41395
-3.41516
-3.41153
-3.40971
-3.41032
-3.41123
-3.41182
-3.41636
-3.41092
-3.40941
-3.40941
-3.41016
-3.40956
-3.4082
-3.41047
-3.4082
-3.4082
-3.40669
-3.40972
-3.41077
-3.41002
-3.40609
-3.40911
-3.41018
-3.40957
-3.40685
-3.40776
-3.41063
-3.41335
-3.40881
-3.41426
-3.40776
-3.40897
-3.41229
-3.41169
-3.4129
-3.41003
-3.41351
-3.41411
-3.41486
-3.41396
-3.412
-3.41214
-3.4129
-3.41305
-3.4129
-3.41138
-3.41138
-3.41501
-3.415
-3.41335
-3.41048
-3.41168
-3.41335
-3.40987
-3.41018
-3.40882
-3.41108
-3.4126
-3.41471
-3.41925
-3.41592
-3.41607
-3.41471
-3.41004
-3.40777
-3.40792
-3.40867
-3.41153
-3.41139
-3.41441
-3.41562
-3.41532
-3.41622
-3.41652
-3.41637
-3.41683
-3.41562
-3.4135
-3.41486
-3.41184
-3.41124
-3.41184
-3.41396
-3.41366
-3.41441
-3.41637
-3.41697
-3.41758
-3.41531
-3.41319
-3.41319
-3.41305
-3.41108
-3.41047
-3.41183
-3.41124
-3.40701
-3.41018
-3.41335
-3.40882
-3.41138
-3.4138
-3.4132
-3.41259
-3.41199
-3.41425
-3.41562
-3.4135
-3.4129
-3.41184
-3.41139
-3.40972
-3.41093
-3.41229
