1.65
1.44497
0.804399
1.77147
1.52178
1.26504
1.67789
1.57023
1.58623
1.64043
1.65138
1.4858
1.64116
1.57654
1.68913
1.64572
1.60221
1.53528
1.73803
1.59006
1.48672
1.65837
1.54097
1.64813
1.58972
1.61772
1.54846
1.7548
1.66971
1.46993
1.67059
1.54481
1.57176
1.74375
1.67623
1.56521
1.66911
1.6688
1.61034
1.6947
1.67835
1.5503
1.57277
1.69447
1.56308
1.72796
1.53647
1.71482
1.64789
1.68934
1.79767
1.76512
1.73043
1.65489
1.62246
1.88416
1.60776
1.60592
1.69715
1.69732
1.53467
1.66266
1.69736
1.55615
1.73508
1.682
1.57613
1.66629
1.74222
1.83065
1.55466
1.57076
1.68795
1.79076
1.66797
1.53581
1.6304
1.69097
1.54509
1.64224
1.46804
1.43068
1.6805
1.68407
1.73534
1.68276
1.57559
1.64693
1.56325
1.54317
1.6
1.56072
1.64092
1.62551
1.61228
1.6762
1.69517
1.67181
1.56253
1.69121
1.57959
1.52444
1.6429
1.53739
1.44887
1.51631
1.62815
1.59708
1.59141
1.66136
1.67193
1.62218
1.62051
1.53342
1.56855
1.66067
1.48829
1.51095
1.55606
1.56656
1.52276
1.60393
1.67015
1.66401
1.63974
1.52368
1.6003
1.57289
1.64066
1.64235
1.52506
1.69048
1.65622
1.69653
1.73298
1.66809
1.72676
1.65028
1.67646
1.63053
1.64534
1.70832
1.66109
1.51402
1.66096
1.55422
1.57558
1.54822
1.63001
1.58103
1.61306
1.63967
1.61826
1.60842
1.72455
1.78795
1.62798
1.76029
1.57671
1.7051
1.63841
1.88257
1.69214
1.7973
1.90528
1.67468
1.50567
1.4754
1.53884
1.51779
1.59894
1.59358
1.4414
1.48134
1.58536
1.67046
1.61519
1.59697
1.51521
1.71588
1.684
1.51696
1.66584
1.68284
1.72488
1.65095
1.60006
1.53602
1.5883
1.55942
1.50576
1.49443
1.53819
1.68836
1.64397
1.58182
1.58447
1.58437
1.54521
1.65051
1.70909
1.65152
1.68962
1.61149
1.59117
1.60244
1.60548
1.5003
1.55368
1.60463
1.64627
1.59751
1.65841
1.57035
1.56047
1.56695
1.72661
1.84886
1.66791
1.50722
1.43458
1.58524
1.57651
1.62009
1.63203
1.60641
1.62732
1.77677
1.6811
1.68716
1.52572
1.55073
1.71978
1.68407
1.61118
1.70303
1.5765
1.63695
1.66729
1.69632
1.70494
1.62712
1.68478
1.77934
1.61091
1.47682
1.708
1.61323
1.57655
1.732
1.70613
1.71939
1.61647
1.73726
1.62204
1.58958
1.64013
1.58602
1.71461
1.47963
1.57285
1.75504
1.63432
1.58649
1.58941
1.7333
1.72527
1.63293
1.5874
1.55165
1.52184
1.62809
1.61758
1.76474
1.57912
1.65794
1.60322
1.70593
1.6522
1.64345
1.55973
1.72219
1.72619
1.6834
1.61291
1.51414
1.65684
1.69765
1.67373
1.55424
1.68326
1.82763
1.61255
1.70212
1.64191
1.58819
1.66204
1.60484
1.57717
1.60783
1.63023
1.54928
1.65834
1.71895
1.58316
1.59145
1.54149
1.68195
1.57689
1.68345
1.65752
1.7316
1.56383
1.57827
1.64124
1.66452
1.72224
1.62738
1.69909
1.65147
1.41243
1.6623
1.58262
1.68893
1.6363
1.59442
1.72404
1.63803
1.57861
1.54503
1.54254
1.60884
1.54348
1.51865
1.57272
1.62222
1.60948
1.62866
1.75686
1.57497
1.66643
1.61695
1.71236
1.64822
1.63201
1.58724
1.52038
1.65806
1.45146
1.61623
1.58114
1.58699
1.51149
1.66406
1.6277
1.6425
1.64904
1.63411
1.49797
1.64376
1.56493
1.59491
1.69969
1.60133
1.68247
1.54977
1.70459
1.53068
1.5565
1.77735
1.68589
1.58233
1.75433
1.69698
1.62598
1.69022
1.64027
1.63994
1.54876
1.58066
1.67129
1.69544
1.56445
1.58662
1.65682
1.64935
1.65191
1.7138
1.69061
1.48924
1.49984
1.60338
1.49937
1.46851
1.61684
1.56327
1.55206
1.6742
1.58607
1.67693
1.69931
1.6753
1.6073
1.69424
1.58166
1.61751
1.51587
1.59528
1.6408
1.76658
1.67428
1.61821
1.49023
1.61597
1.6513
1.60015
1.66723
1.73083
1.64767
1.68697
1.69728
1.59686
1.62358
1.71166
1.57499
1.64053
1.59386
1.68841
1.68396
1.58533
1.63325
1.54959
1.48306
1.54559
1.56436
1.58345
1.56305
1.64139
1.65866
1.68778
1.64524
1.67992
1.62032
1.64243
1.61
1.69892
1.63424
1.62974
1.66039
1.51824
1.55714
1.55704
1.54926
1.5958
1.59825
1.58163
1.64022
1.57062
1.59035
1.79124
1.53698
1.63982
1.63281
1.75902
1.67317
1.76349
1.71923
1.71163
1.58249
1.73742
1.79465
1.48326
1.57709
1.72554
1.62645
1.62247
1.58469
1.62478
1.62469
1.65766
1.62619
1.66109
1.55927
1.60441
1.73177
1.49583
1.60544
1.5509
1.57763
1.59347
1.72798
1.79877
1.54981
1.53292
1.51689
1.54143
1.76042
1.76147
1.77431
1.67164
1.66979
1.69496
1.52398
1.65987
1.72155
1.57857
1.56173
1.65922
1.6705
1.6206
1.65803
1.50111
1.56471
1.64433
1.62194
1.57681
1.72057
1.58706
1.61444
1.49017
1.49851
1.36152
1.53248
1.64672
1.63533
1.63941
1.7252
1.56936
1.65023
1.70125
1.65865
1.76163
1.63681
1.84731
1.72577
1.56919
1.54521
1.64892
1.53519
1.71165
1.60745
1.5841
1.68718
1.56958
1.69777
1.63573
1.66019
1.72782
1.69659
1.62831
1.42103
1.5674
1.63278
1.56274
1.64389
1.63441
1.60249
1.55075
1.63724
1.62357
1.68801
1.73251
1.64619
1.74299
1.68021
1.44605
1.65638
1.6796
1.61461
1.66741
1.81979
1.65314
1.5194
1.68463
1.67315
1.48878
1.66016
1.70903
1.76162
1.60955
1.47739
1.6633
1.57103
1.65792
1.62803
1.44877
1.64962
1.60788
1.68672
1.6363
1.63488
1.70876
1.50625
1.69516
1.56056
1.65727
1.67679
1.58873
1.66586
1.61141
1.52161
1.45441
1.7141
1.59893
1.5877
1.77834
1.69005
1.53561
1.52505
1.45105
1.50971
1.50033
1.67665
1.65088
1.59873
1.58239
1.60386
1.53758
1.66641
1.6461
1.57608
1.63048
1.49931
1.58493
1.70006
1.68753
1.5774
1.54376
1.64655
1.66357
1.6797
1.62514
1.59922
1.52473
1.71853
1.6097
1.57015
1.57004
1.47444
1.66384
1.67738
1.55954
1.70809
1.61708
1.67701
1.5793
1.54054
1.49706
1.54391
1.73913
1.71838
1.68606
1.56804
1.56081
1.65287
1.63861
1.65054
1.75766
1.69821
1.64394
1.78602
1.68111
1.76785
1.56471
1.61668
1.53431
1.50084
1.58027
1.68547
1.63632
1.71706
1.68214
1.59731
1.53186
1.63538
1.65555
1.74504
1.65306
1.66657
1.68434
1.62372
1.4944
1.63017
1.67549
1.79796
1.67205
1.59698
1.41244
1.62438
1.64688
1.72491
1.77365
1.70092
1.58876
1.6123
1.80537
1.84777
1.73926
1.64674
1.57258
1.66285
1.68283
1.61526
1.72622
1.54038
1.61626
1.60129
1.66471
1.6077
1.63105
1.68419
1.75656
1.55807
1.47971
1.77881
1.5409
1.64665
1.74046
1.59952
1.7155
1.75852
1.62728
1.64079
1.56748
1.5634
1.70888
1.53446
1.69535
1.73977
1.76056
1.6668
1.6854
1.63675
1.56091
1.71375
1.67415
1.70165
1.65195
1.70461
1.70148
1.58124
1.575
1.63591
1.65266
1.84434
1.71355
1.7106
1.78751
1.51695
1.53235
1.62477
1.71925
1.63875
1.62863
1.69169
1.68936
1.61826
1.56999
1.56623
1.55915
1.65782
1.70501
1.72422
1.66447
1.60805
1.63678
1.67131
1.68694
1.70964
1.63461
1.55701
1.68816
1.76075
1.65696
1.60081
1.51064
1.52691
1.65732
1.6404
1.70197
1.47644
1.64966
1.71386
1.69042
1.66481
1.52574
1.68186
1.52657
1.64447
1.6796
1.5869
1.65013
1.72887
1.64536
1.58301
1.56601
1.80993
1.66562
1.66303
1.60162
1.66934
1.59347
1.63608
1.59608
1.67025
1.75412
1.52448
1.63734
1.63047
1.6749
1.64568
1.53915
1.69402
1.67153
1.58325
1.59623
1.67313
1.61163
1.62073
1.51759
1.5901
1.72656
1.64246
1.64476
1.61458
1.46839
1.81492
1.69882
1.67682
1.57598
1.61493
1.69297
1.66972
1.60552
1.59059
1.65869
1.71366
1.73814
1.62442
1.63207
1.70895
1.67169
1.63906
1.56571
1.59144
1.68154
1.56208
1.67367
1.5921
1.71008
1.57551
1.66666
1.58588
1.74671
1.69069
1.49553
1.51004
1.61899
1.58549
1.5563
1.63327
1.65676
1.60845
1.76127
1.66679
1.62514
1.7564
1.64506
1.54463
1.61589
1.64825
1.75983
1.75713
1.65555
1.63606
1.69408
1.67339
1.62129
1.68154
1.66397
1.69271
1.63877
1.65151
1.5092
1.62939
1.705
1.76622
1.66036
1.57939
1.61431
1.60846
1.66296
1.64091
1.71894
1.60569
1.59764
1.60169
1.54544
1.59433
1.52095
1.4791
1.71278
1.53009
1.75075
1.62439
1.6458
1.46582
1.67537
1.71303
1.5636
1.75745
1.70171
1.56425
1.5924
1.59748
1.63874
1.44752
1.49556
1.57744
1.52712
1.5939
1.57587
1.70862
1.68001
1.69465
1.61546
1.59027
1.51509
1.73941
1.61318
1.53355
1.60533
1.63483
1.48507
1.59339
1.70426
1.62128
1.73673
1.60706
1.62634
1.61797
1.61766
1.53006
1.75194
1.64702
1.62908
1.80088
1.52157
1.61039
1.60905
1.6092
1.61222
1.72161
1.58259
1.5524
1.61631
1.62348
1.48012
1.5605
1.52338
1.6676
1.65594
1.78375
1.78957
1.64955
1.54716
1.6914
1.60367
1.61512
1.61073
1.62817
1.60782
1.72297
1.63642
1.63457
1.61605
1.6471
1.62571
1.66089
1.56529
1.65043
1.70471
1.8414
1.63865
1.65011
1.66352
1.6476
1.57334
1.72431
1.58386
1.60254
1.8478
1.61609
1.59736
1.60606
1.64181
1.74058
1.6013
1.54671
1.53451
1.51866
1.61708
1.64949
1.62685
1.61544
1.62347
1.57329
1.60532
1.623
1.59739
1.68568
1.69561
1.63424
1.5944
1.60346
1.62138
1.61717
1.70545
1.62645
1.5737
1.78794
1.73218
1.73974
1.53711
1.56337
1.68889
1.68498
1.52172
1.70895
1.49017
1.48634
1.58001
1.45572
1.64945
1.68698
1.70574
1.6602
1.68203
1.69688
1.50413
1.59326
1.51832
1.67003
1.80434
1.62433
1.71934
1.5839
1.65271
1.56595
1.67739
1.59395
1.50683
1.72775
1.61375
1.61672
1.74214
1.54082
1.7196
1.66171
1.71791
1.47598
1.56353
1.60102
1.63631
1.56491
1.53573
1.56549
1.61312
1.82289
1.68443
1.65991
1.58494
1.66609
1.63027
1.5919
1.58495
1.59505
1.65485
1.70712
1.61688
1.56208
1.65487
1.62802
1.50694
1.73474
1.76366
1.67403
1.59626
1.55424
1.64045
1.68258
1.4589
1.78039
1.59366
1.6703
1.58709
1.44655
1.52911
1.49667
1.68872
1.57617
1.57562
1.61584
1.62603
1.61214
1.70983
1.65819
1.60781
1.54116
1.55725
1.65135
1.66125
1.53747
1.53732
1.57861
1.44153
1.5522
1.67525
1.68267
1.66812
1.65861
1.66019
1.54215
1.57318
1.69405
1.79549
1.54582
1.68703
1.74995
1.67427
1.58326
1.74113
1.44213
1.68115
1.7561
1.63638
1.47895
1.62469
1.59323
1.59885
1.67129
1.66942
1.53232
1.59365
1.59564
1.66139
1.7013
1.5411
1.58576
1.61626
1.51799
1.6043
1.45714
1.61698
1.6321
1.64438
1.40935
1.67749
1.67002
1.73986
1.64858
1.74073
1.6976
1.59741
1.63143
1.67233
1.65077
1.59492
1.51678
1.56714
1.56453
1.75424
1.72601
1.74103
1.70343
1.70355
1.61542
1.49835
1.61998
1.63997
1.77812
1.59311
1.56177
1.62965
1.51772
1.53663
1.62634
1.62233
1.5079
1.76581
1.52175
1.69229
1.57075
1.51295
1.65703
1.57765
1.55912
1.58325
1.65999
1.56118
1.51492
1.57409
1.49711
1.63374
1.42337
1.66701
1.66384
1.54854
1.56733
1.49358
1.52261
1.66685
1.64494
1.61713
1.63488
1.57143
1.5904
1.51955
1.58569
1.5583
1.65977
1.60652
1.60601
1.61497
1.68042
1.59651
1.57011
1.52479
1.61016
1.67171
1.60858
1.71942
1.66245
1.63796
1.6632
1.65632
1.6127
1.69059
1.59413
1.71612
1.7079
1.55576
1.59364
1.60004
1.68187
1.54666
1.58741
1.65698
1.45622
1.58998
1.66495
1.70131
1.72008
1.60022
1.66544
1.62923
1.7376
1.69631
1.7624
1.71947
1.67041
1.62257
1.67583
1.59914
1.60277
1.55975
1.70149
1.56092
1.7147
1.55896
1.64184
1.62691
1.57913
1.74831
1.64677
1.65494
1.7158
1.67342
1.51843
1.5361
1.67161
1.60976
1.49511
1.60491
1.71541
1.67317
1.67141
1.66314
1.53024
1.75058
1.64144
1.68216
1.6164
1.60456
1.6521
1.64883
1.56153
1.54954
1.59447
1.52998
1.61363
1.73561
1.63067
1.76663
1.71672
1.59563
1.68964
1.67848
1.6033
1.60746
1.63084
1.73697
1.58579
1.55563
1.60593
1.53571
1.59379
1.5293
1.6131
1.66874
1.52685
1.64726
1.53117
1.52302
1.59882
1.63633
1.63671
1.59785
1.77596
1.71971
1.67584
1.68454
1.58946
1.71682
1.54977
1.7611
1.41725
1.72909
1.59001
1.66678
1.59953
1.72642
1.70431
1.65009
1.65048
1.71098
1.74088
1.56035
1.54126
1.48696
1.74592
1.73961
1.62082
1.73631
1.69792
1.64109
1.51195
1.64636
1.69486
1.57969
1.49664
1.63266
1.63115
1.68769
1.75457
1.55388
1.67544
1.5446
1.42494
1.64462
1.67098
1.62719
1.54999
1.70232
1.60671
1.55989
1.68626
1.55362
1.62313
1.53891
1.5651
1.51634
1.55538
1.70462
1.77448
1.57571
1.63462
1.6187
1.56869
1.72164
1.62842
1.63177
1.60162
1.45862
1.59937
1.61232
1.75696
1.58445
1.62912
1.53899
1.50718
1.64555
1.65827
1.64708
1.70039
1.45363
1.70734
1.62055
1.59289
1.60751
1.64909
1.6802
1.63083
1.4476
1.61794
1.73839
1.65507
1.72643
1.75337
1.67732
1.53593
1.58391
1.73111
1.56293
1.61815
1.66009
1.51465
1.41849
1.60992
1.5746
1.64318
1.61447
1.58522
1.65818
1.60151
1.64103
1.5775
1.55589
1.53587
1.64916
1.6161
1.66429
1.59682
1.69374
1.65979
1.63704
1.56589
1.56899
1.66143
1.43705
1.54145
1.61309
1.61578
1.67016
1.59944
1.62834
1.42232
1.39543
1.54972
1.61438
1.60484
1.59594
1.57638
1.60403
1.59096
1.58565
1.55008
1.69875
1.62355
1.56712
1.70278
1.54428
1.55239
1.56461
1.54665
1.70345
1.6535
1.68077
1.74342
1.52031
1.52354
1.46298
1.70479
1.56415
1.78687
1.74461
1.78964
1.66517
1.70533
1.73513
1.51767
1.623
1.47333
1.48252
1.54016
1.63125
1.49673
1.59291
1.53978
1.68078
1.64601
1.57832
1.55517
1.6248
1.75199
1.81729
1.64477
1.6046
1.56457
1.51215
1.62512
1.77114
1.68735
1.39585
1.46853
1.51741
1.68056
1.57066
1.6584
1.66985
1.63986
1.60959
1.64794
1.65338
1.76205
1.56837
1.61728
1.63624
1.5719
1.63123
1.60369
1.76156
1.53297
1.58004
1.54245
1.69869
1.66874
1.62145
1.5945
1.62545
1.68609
1.59187
1.66408
1.80849
1.71843
1.76917
1.68162
1.5771
1.69518
1.55121
1.63555
1.60707
1.57784
1.55866
1.64173
1.63476
1.59849
1.46672
1.49311
1.74568
1.61174
1.67534
1.60005
1.63783
1.59911
1.62866
1.68432
1.58896
1.5987
1.63523
1.64425
1.48911
1.64846
1.7134
1.59665
1.51661
1.48729
1.62536
1.71068
1.62718
1.62144
1.67375
1.70894
1.63766
1.73786
1.67988
1.62499
1.51928
1.55198
1.53339
1.58835
1.73313
1.61239
1.84644
1.63158
1.60963
1.60263
1.74023
1.59456
1.60979
1.6376
1.62003
1.61323
1.70589
1.58723
1.41293
1.72291
1.62398
1.6487
1.64336
1.65218
1.69151
1.56773
1.62668
1.70569
1.61569
1.62849
1.66903
1.4724
1.58442
1.6345
1.5235
1.56331
1.52501
1.60954
1.66748
1.61942
1.7777
1.51869
1.66448
1.56703
1.7016
1.72571
1.64586
1.51048
1.70517
1.53606
1.72439
1.48949
1.6029
1.76141
1.65526
1.72978
1.64983
1.68389
1.66717
1.63923
1.62972
1.62774
1.64268
1.65707
1.59229
1.60413
1.79403
1.48385
1.5956
1.51961
1.60029
1.69056
1.74027
1.7132
1.6922
1.54686
1.44891
1.72479
1.53329
1.73142
1.70675
1.67441
1.49953
1.75152
1.48187
1.63373
1.5754
1.68842
1.67645
1.57657
1.50134
1.51878
1.70084
1.75725
1.53564
1.66881
1.60267
1.58975
1.62463
1.76789
1.68747
1.67129
1.6649
1.65269
1.72058
1.62161
1.59581
1.47338
1.74676
1.79448
1.70797
1.66655
1.52406
1.7077
1.55763
1.68423
1.63237
1.4596
1.62124
1.54944
1.72728
1.62813
1.65808
1.71275
1.6697
1.67824
1.77199
1.53412
1.70364
1.70424
1.52979
1.47919
1.55838
1.53065
1.65409
1.64355
1.59455
1.49631
1.57202
1.62792
1.58863
1.63072
1.73256
1.54146
1.48991
1.63976
1.50456
1.5723
1.50684
1.50887
1.43994
1.44086
1.7277
1.664
1.53805
1.82332
1.59203
1.62766
1.51918
1.71688
1.57952
1.63345
1.61089
1.63242
1.65365
1.57906
1.71908
1.72232
1.56898
1.52608
1.63022
1.50778
1.55416
1.71018
1.54523
1.67111
1.66475
1.71634
1.72158
1.41386
1.59701
1.59546
1.66315
1.70277
1.63621
1.66779
1.6297
1.64831
1.58233
1.54374
1.59581
1.58443
1.58832
1.70542
1.63057
1.52112
1.59083
1.53286
1.50113
1.65519
1.55121
1.76087
1.60538
1.70724
1.69056
1.76846
1.63806
1.67461
1.61837
1.61804
1.58726
1.59139
1.56895
1.6979
1.61215
1.61265
1.69082
1.78761
1.46863
1.63087
1.60055
1.60235
1.59392
1.61092
1.66692
1.66928
1.71357
1.7069
1.58499
1.57746
1.67112
1.65659
1.54704
1.69694
1.65266
1.55719
1.48566
1.64878
1.82433
1.56747
1.60013
1.65137
1.53432
1.68317
1.54367
1.68961
1.69673
1.6725
1.64407
1.73617
1.52556
1.73514
1.68451
1.70186
1.59685
1.70093
1.71411
1.48595
1.53419
1.7123
1.66102
1.58555
1.67565
1.688
1.69261
1.59426
1.57924
1.59989
1.75176
1.70617
1.73808
1.44445
1.56943
1.7477
1.63249
1.51526
1.64516
1.615
1.64364
1.6959
1.66492
1.68413
1.55937
1.54964
1.72089
1.73359
1.518
1.59099
1.70484
1.54965
1.69388
1.60869
1.66558
1.6947
1.71345
1.65814
1.50004
1.62209
1.58484
1.52751
1.60573
1.52778
1.63444
1.64248
1.75248
1.67949
1.59835
1.7598
1.64544
1.64581
1.70709
1.70854
1.60481
1.62277
1.64236
1.62227
1.62067
1.64607
1.53348
1.67407
1.67798
1.63423
1.554
1.59331
1.6201
1.55736
1.58351
1.5479
1.75763
1.67981
1.67745
1.58836
1.6818
1.6398
1.64652
1.76826
1.73697
1.43851
1.73041
1.57086
1.58654
1.6114
1.66098
1.60038
1.59201
1.59788
1.60447
1.58519
1.51964
1.72873
1.59942
1.58742
1.50712
1.53509
1.56106
1.71732
1.47673
1.57726
1.65435
1.56067
1.71803
1.66821
1.61845
1.50088
1.67188
1.45141
1.5827
1.65899
1.65789
1.60849
1.51999
1.5855
1.62775
1.70267
1.59723
1.54653
1.74759
1.5759
1.64882
1.63584
1.64702
1.58674
1.67472
1.65938
1.62578
1.63234
1.7162
1.6768
1.64684
1.45554
1.53974
1.57253
1.62627
1.56735
1.72166
1.70087
1.81675
1.66798
1.67347
1.54633
1.53085
1.56818
1.55237
1.62447
1.61465
1.54475
1.62665
1.62836
1.5403
1.73035
1.63152
1.50994
1.48897
1.74259
1.53645
1.69208
1.65088
1.48631
1.67974
1.68207
1.57374
1.68077
1.63339
1.6394
1.56295
1.80684
1.64227
1.56929
1.53993
1.61213
1.579
1.56086
1.64632
1.66126
1.64866
1.40686
1.70368
1.62542
1.52464
1.5912
1.65151
1.67984
1.69183
1.64413
1.65653
1.6755
1.65266
1.64952
1.5886
1.55878
1.63171
1.53228
1.60582
1.62529
1.71019
1.66219
1.59497
1.64575
1.61214
1.5332
1.70174
1.64091
1.62421
1.63931
1.62733
1.63779
1.48406
1.69784
1.69572
1.67383
1.65174
1.63703
1.60027
1.59785
1.63298
1.5567
1.52048
1.64969
1.75751
1.70992
1.70564
1.69643
1.60215
1.68787
1.67332
1.60983
1.58208
1.55471
1.65439
1.69248
1.72289
1.58735
1.67113
1.65476
1.6077
1.70668
1.79014
1.63233
1.66215
1.57185
1.58779
1.63218
1.70019
1.62424
1.65425
1.57925
1.71387
1.59087
1.59615
1.62958
1.71076
1.66392
1.57182
1.61629
1.62665
1.55158
1.68844
1.74364
1.5743
1.58357
1.62509
1.57442
1.57278
1.59215
1.62721
1.55365
1.64211
1.67061
1.62066
1.70945
1.60632
1.65689
1.67833
1.55761
1.56619
1.63484
1.5036
1.62812
1.64048
1.73344
1.56386
1.64582
1.7088
1.64587
1.6282
1.65144
1.69067
1.46245
1.63495
1.49428
1.63269
1.74968
1.67158
1.54216
1.46524
1.6015
1.4932
1.60484
1.62221
1.60024
1.53184
1.58883
1.54808
1.6621
1.56097
1.58317
1.61057
1.54697
1.67034
1.59978
1.57574
1.74434
1.72284
1.63797
1.64942
1.50554
1.65429
1.63925
1.65385
1.61515
1.56888
1.66746
1.67906
1.60483
1.53531
1.58966
1.62536
1.48758
1.54412
1.75554
1.68148
1.46032
1.55799
1.59483
1.71228
1.59415
1.71475
1.65046
1.69603
1.53346
1.66473
1.64858
1.45711
1.62202
1.46878
1.73821
1.65721
1.79975
1.65254
1.69535
1.58541
1.51059
1.61952
1.64288
1.57532
1.70379
1.64345
1.63536
1.68442
1.51697
1.51314
1.62813
1.73842
1.62552
1.61284
1.64974
1.59883
1.60107
1.68016
1.59812
1.59929
1.53479
1.4911
1.65335
1.59278
1.54765
1.62683
1.57235
1.72049
1.6895
1.74544
1.6077
1.59492
1.5965
1.613
1.70308
1.67337
1.68045
1.66775
1.53822
1.66807
1.68837
1.63242
1.53756
1.52667
1.57976
1.69198
1.7017
1.49093
1.58569
1.66855
1.60865
1.63638
1.59712
1.68029
1.56751
1.63797
1.7203
1.59429
1.62336
1.63373
1.57875
1.67246
1.6658
1.51836
1.66948
1.62544
1.61291
1.59162
1.7032
1.77562
1.59375
1.57962
1.54645
1.55057
1.6377
1.66188
1.57046
1.57805
1.59548
1.65076
1.66573
1.82853
1.55893
1.6748
1.41641
1.64111
1.74174
1.65736
1.52219
1.57688
1.46484
1.53131
1.69756
1.71205
1.71107
1.63389
1.62833
1.67569
1.58555
1.5403
1.6543
1.57951
1.59906
1.63162
1.52042
1.58306
1.73582
1.68391
1.63604
1.61381
1.72099
1.66817
1.68864
1.58751
1.64895
1.63738
1.59904
1.58723
1.66225
1.49144
1.60376
1.63691
1.65368
1.5349
1.74552
1.60972
1.7408
1.63739
1.57664
1.69881
1.64837
1.6574
1.60076
1.53759
1.60775
1.65868
1.67849
1.59886
1.67831
1.49118
1.59699
1.60276
1.51916
1.55918
1.60301
1.57007
1.66201
1.58354
1.57006
1.6315
1.72806
1.77414
1.62497
1.70794
1.6849
1.84421
1.70001
1.58148
1.69721
1.67659
1.68355
1.57466
1.7133
1.69449
1.62861
1.74943
1.50225
1.64573
1.60547
1.65444
1.51194
1.69744
1.51978
1.65523
1.65293
1.6403
1.69662
1.61675
1.66765
1.46437
1.58127
1.58834
1.63849
1.67773
1.79087
1.80223
1.48353
1.5447
1.71089
1.66289
1.50023
1.78468
1.6204
1.74129
1.58175
1.55266
1.59111
1.54754
1.63505
1.62951
1.5666
1.61609
1.57978
1.58395
1.6077
1.49661
1.60649
1.60759
1.66414
1.54788
1.53329
1.50517
1.69685
1.72314
1.62214
1.5644
1.61298
1.63046
1.47732
1.57885
1.51297
1.50139
1.64776
1.72636
1.64929
1.54644
1.64447
1.59266
1.58775
1.52306
1.47225
1.599
1.61888
1.53286
1.6586
1.70572
1.5089
1.47755
1.56178
1.57596
1.53002
1.61519
1.58192
1.53377
1.67826
1.63835
1.58641
1.66488
1.5742
1.64768
1.54028
1.64249
1.61651
1.53507
1.54229
1.66179
1.68296
1.64238
1.72457
1.67296
1.66829
1.64683
1.6426
1.6287
1.63687
1.70342
1.67328
1.64178
1.59391
1.61368
1.75984
1.45714
1.61928
1.73224
1.62008
1.74044
1.6414
1.72742
1.69878
1.72783
1.59157
1.62171
1.6222
1.62942
1.6648
1.6139
1.63359
1.65486
1.5666
1.59554
1.6186
1.66705
1.56598
1.67286
1.71497
1.67171
1.56543
1.65383
1.57103
1.5202
1.598
1.71994
1.70195
1.70677
1.70363
1.69153
1.61171
1.77418
1.64638
1.7075
1.56907
1.45907
1.56286
1.60124
1.62133
1.7985
1.67916
1.61065
1.52765
1.75833
1.7829
1.56837
1.7297
1.51356
1.55153
1.60973
1.62786
1.65318
1.6031
1.52894
1.63618
1.69947
