1.1
1.09914
1.09618
1.09103
1.08348
1.07324
1.05997
1.04319
1.0224
0.997043
0.966642
0.930892
0.889808
0.843864
0.794144
0.742394
0.690966
0.64253
0.599708
0.56458
0.538377
0.521366
0.512941
0.511868
0.516545
0.52525
0.536335
0.548338
0.560072
0.570672
0.579604
0.586644
0.591858
0.595501
0.597944
0.599546
0.600582
0.601153
0.601209
0.600533
0.598805
0.595698
0.590965
0.584536
0.576543
0.567354
0.557528
0.547725
0.538599
0.530745
1.09961
1.09004
1.0768
1.06044
1.04171
1.0215
1.00076
0.980452
0.961291
0.943688
0.927901
0.914169
0.902843
0.894295
0.888647
0.885593
0.884545
0.884973
0.886604
0.889373
0.893172
0.897647
0.902198
0.906231
0.909442
0.912104
0.915071
0.919493
0.926267
0.935558
0.946721
0.958549
0.969689
0.978993
0.985632
0.989076
0.989031
0.985384
0.978267
0.968187
0.956099
0.943325
0.931278
0.92114
0.91354
0.90846
0.905393
0.90365
0.902651
0.902076
1.09997
1.09857
1.09473
1.08842
1.07983
1.06942
1.05791
1.04611
1.03481
1.0245
1.01538
1.00736
1.00023
0.993935
0.98852
0.983936
0.979892
0.976044
0.972358
0.969189
0.967162
0.966919
0.968958
0.973509
0.980491
0.989481
0.999904
1.01122
1.02306
1.03518
1.04732
1.059
1.06946
1.07778
1.08306
1.08464
1.08215
1.07545
1.06462
1.05001
1.0323
1.01263
0.992559
0.973763
0.957724
0.945456
0.937464
0.934088
0.935716
0.942822
1.10082
1.11942
1.14084
1.16369
1.18605
1.20578
1.2207
1.22905
1.22971
1.22247
1.20797
1.18759
1.16316
1.13658
1.1098
1.08486
1.06367
1.04766
1.0373
1.03173
1.02906
1.02731
1.02523
1.02272
1.02053
1.0196
1.02051
1.02319
1.02715
1.03186
1.03712
1.0431
1.0502
1.05874
1.06871
1.07966
1.09084
1.10133
1.11028
1.11711
1.1216
1.12386
1.12411
1.12246
1.11904
1.11421
1.10877
1.10403
1.1016
1.10327
1.1005
1.11442
1.13394
1.15599
1.17656
1.19234
1.20153
1.20381
1.1999
1.19121
1.17966
1.16728
1.15562
1.14519
1.13562
1.12619
1.11621
1.10502
1.09191
1.07648
1.05938
1.04322
1.03213
1.02971
1.03686
1.05159
1.07063
1.09109
1.11147
1.13201
1.15422
1.17909
1.20576
1.2318
1.25472
1.27297
1.28589
1.2933
1.29509
1.29106
1.28095
1.26484
1.24374
1.21988
1.19652
1.17703
1.16412
1.15954
1.16353
1.1739
1.10055
1.11074
1.11724
1.11931
1.11753
1.11301
1.10682
1.09967
1.0919
1.08378
1.0758
1.06892
1.06425
1.06267
1.06417
1.06787
1.07253
1.07729
1.0819
1.08638
1.09067
1.09441
1.0971
1.09826
1.0976
1.09496
1.09006
1.0827
1.07335
1.06366
1.05613
1.05311
1.05576
1.06368
1.0753
1.08843
1.10088
1.11097
1.11768
1.12076
1.12062
1.11813
1.1143
1.10982
1.10495
1.09963
1.09387
1.08783
1.08189
1.07652
1.09979
1.09656
1.09457
1.09388
1.09456
1.09674
1.10061
1.10618
1.11305
1.12034
1.12684
1.13138
1.13322
1.13211
1.12806
1.12111
1.11129
1.099
1.08561
1.07334
1.06423
1.05907
1.05768
1.05992
1.06601
1.07569
1.08751
1.099
1.10768
1.11201
1.11153
1.10668
1.09849
1.08833
1.07765
1.06797
1.06077
1.0572
1.05748
1.06043
1.06399
1.06646
1.06743
1.06766
1.06827
1.06984
1.0721
1.07418
1.07515
1.07438
1.09981
1.09573
1.09152
1.08937
1.09121
1.09745
1.10649
1.1155
1.12187
1.12439
1.12374
1.12214
1.12203
1.12432
1.12765
1.12945
1.12792
1.12315
1.11656
1.10949
1.10219
1.09383
1.08337
1.07071
1.05721
1.04522
1.03683
1.03286
1.03278
1.03548
1.04005
1.0462
1.05413
1.0642
1.07659
1.09115
1.10732
1.12422
1.14081
1.156
1.16852
1.17698
1.18006
1.17694
1.16818
1.15632
1.1457
1.14113
1.14589
1.16012
1.10105
1.1227
1.14184
1.15507
1.16086
1.15926
1.15128
1.13825
1.12146
1.10202
1.08104
1.05973
1.03956
1.02219
1.00937
1.00257
1.00256
1.00908
1.02074
1.03539
1.05049
1.06365
1.0731
1.07793
1.07838
1.0759
1.07267
1.07058
1.07028
1.07149
1.07375
1.07681
1.08024
1.08303
1.08382
1.08132
1.07485
1.06472
1.05235
1.03968
1.02837
1.01916
1.01203
1.00695
1.00455
1.00617
1.01296
1.02468
1.03948
1.0545
1.10055
1.10984
1.1153
1.11783
1.11856
1.11839
1.11777
1.11647
1.11344
1.10727
1.09705
1.08316
1.06778
1.05465
1.04763
1.04837
1.05491
1.0633
1.07035
1.07503
1.07796
1.0804
1.08342
1.08743
1.0921
1.09657
1.09986
1.10133
1.10089
1.09901
1.09647
1.09395
1.09172
1.08945
1.08639
1.08166
1.07454
1.0648
1.05282
1.0396
1.02654
1.01517
1.00667
1.00151
0.999352
0.999224
0.999928
1.00035
0.999717
0.997805
1.09982
1.09618
1.09263
1.0909
1.09245
1.09792
1.10683
1.1177
1.12852
1.13746
1.14337
1.1459
1.14538
1.14248
1.13812
1.13351
1.13003
1.12905
1.13164
1.13824
1.14842
1.16082
1.17348
1.18425
1.1913
1.19338
1.19015
1.18235
1.17174
1.16072
1.15147
1.14501
1.14075
1.13683
1.13148
1.12439
1.11728
1.11318
1.11481
1.12322
1.13714
1.15375
1.16995
1.1833
1.19223
1.19573
1.19309
1.184
1.1692
1.15108
1.09921
1.08716
1.08284
1.08594
1.09464
1.10678
1.12024
1.13316
1.1445
1.15424
1.16274
1.17009
1.17591
1.17957
1.18023
1.17706
1.16964
1.15854
1.14551
1.1331
1.12359
1.11797
1.11526
1.11308
1.10869
1.10038
1.08883
1.07783
1.0731
1.07856
1.09325
1.11285
1.13323
1.15204
1.16821
1.18124
1.19085
1.19693
1.19942
1.19832
1.19379
1.1863
1.17671
1.16631
1.15653
1.14832
1.14184
1.13682
1.13367
1.13392
1.10038
1.11097
1.12428
1.13633
1.1441
1.14646
1.14402
1.13841
1.1314
1.12403
1.11638
1.10811
1.09945
1.09165
1.08672
1.08641
1.09126
1.10013
1.11048
1.11933
1.12422
1.12381
1.11782
1.10691
1.09248
1.07646
1.0611
1.04842
1.03999
1.03679
1.03896
1.0453
1.05337
1.06038
1.06433
1.06434
1.06057
1.05377
1.04515
1.0362
1.02862
1.02395
1.02314
1.02606
1.03152
1.03773
1.04299
1.04625
1.04731
1.04663
1.09989
1.09802
1.09653
1.09657
1.0989
1.10357
1.10984
1.11658
1.12283
1.12834
1.13365
1.13989
1.14794
1.15776
1.16817
1.17715
1.18263
1.18337
1.17955
1.17295
1.16623
1.16169
1.16012
1.16076
1.16211
1.16286
1.16238
1.16055
1.15737
1.15266
1.1463
1.13892
1.13235
1.12918
1.1315
1.13963
1.152
1.16621
1.18037
1.19358
1.20542
1.2154
1.22273
1.22657
1.22628
1.22162
1.21262
1.19975
1.18413
1.16761
1.09933
1.08904
1.08477
1.08635
1.09215
1.09957
1.10596
1.10946
1.10987
1.10891
1.10935
1.11315
1.12031
1.12923
1.13806
1.14553
1.15094
1.1539
1.15386
1.1501
1.1418
1.12848
1.11051
1.08956
1.06853
1.05095
1.03985
1.03684
1.04177
1.05309
1.06855
1.08561
1.10178
1.11497
1.12371
1.12718
1.125
1.11696
1.10321
1.08476
1.06388
1.04437
1.03094
1.02696
1.03174
1.04102
1.05061
1.05874
1.06546
1.07118
1.10016
1.10221
1.10057
1.0947
1.08484
1.0721
1.05808
1.04451
1.03267
1.02309
1.01544
1.00884
1.0024
0.995624
0.988605
0.981842
0.976068
0.972136
0.970992
0.973651
0.98095
0.992897
1.00817
1.02448
1.03974
1.05296
1.06432
1.07489
1.08608
1.09913
1.11453
1.13166
1.14878
1.1635
1.17355
1.17729
1.17383
1.16311
1.14586
1.1236
1.0986
1.07366
1.05178
1.03574
1.02752
1.02792
1.03645
1.05167
1.07161
1.09426
1.10115
1.12401
1.14525
1.16388
1.1791
1.19024
1.1968
1.19847
1.19526
1.1875
1.17598
1.16188
1.14673
1.13223
1.11996
1.11115
1.10657
1.10652
1.11091
1.11925
1.13054
1.14312
1.15468
1.1626
1.16457
1.15916
1.14625
1.12717
1.10459
1.08204
1.06316
1.051
1.04729
1.05195
1.06311
1.0779
1.09344
1.10763
1.11896
1.12623
1.12846
1.12518
1.11706
1.10601
1.09487
1.08628
1.08163
1.08044
1.08092
1.08116
1.09988
1.09719
1.09368
1.09089
1.09057
1.09434
1.1032
1.11689
1.13358
1.15025
1.1638
1.17208
1.17445
1.17156
1.16499
1.15679
1.14907
1.14361
1.14161
1.14333
1.14818
1.15478
1.16122
1.1655
1.16598
1.16198
1.15414
1.14461
1.13618
1.13073
1.12821
1.1272
1.12622
1.12462
1.12219
1.11854
1.11271
1.10388
1.09234
1.07992
1.06923
1.06225
1.05945
1.05991
1.06237
1.06648
1.07336
1.08474
1.1011
1.12083
1.10095
1.11932
1.13484
1.14673
1.15475
1.15905
1.16012
1.15855
1.15504
1.15037
1.14549
1.14151
1.13946
1.13993
1.14283
1.14724
1.15159
1.15395
1.15237
1.14532
1.13221
1.11365
1.09138
1.0676
1.04432
1.02342
1.00707
0.997655
0.996939
1.00519
1.02105
1.04201
1.06489
1.08628
1.10302
1.11283
1.11501
1.1109
1.10378
1.09763
1.09513
1.09645
1.1
1.10406
1.10773
1.11086
1.11347
1.11534
1.11593
1.11474
1.09978
1.09501
1.08883
1.08093
1.07084
1.05859
1.04516
1.0323
1.02188
1.01543
1.01409
1.01823
1.02728
1.03983
1.05437
1.06977
1.08497
1.09852
1.10862
1.11367
1.11279
1.10608
1.09475
1.081
1.06784
1.05838
1.05487
1.05794
1.0666
1.07909
1.09398
1.11052
1.12805
1.14522
1.16011
1.17095
1.17676
1.17754
1.174
1.1672
1.1584
1.14881
1.13954
1.13153
1.12546
1.12166
1.12008
1.12031
1.12142
1.12212
1.09959
1.09527
1.08764
1.07735
1.06642
1.05801
1.05485
1.05772
1.06554
1.07685
1.09054
1.10531
1.11943
1.13126
1.13991
1.14534
1.14804
1.14865
1.14779
1.14597
1.14354
1.14059
1.13691
1.13226
1.1268
1.1212
1.11639
1.1128
1.10974
1.1056
1.0988
1.0888
1.07673
1.065
1.05609
1.0511
1.04935
1.04954
1.05096
1.05389
1.05906
1.06684
1.07685
1.08782
1.0979
1.10508
1.10761
1.10432
1.09497
1.08036
1.06223
1.04288
1.02486
1.01059
1.0019
0.999524
1.00285
1.01011
1.01901
1.02753
1.03422
1.03828
1.03937
1.0375
1.03324
1.02785
1.0231
1.02069
1.02155
1.02555
1.03168
1.03824
1.04344
1.04597
1.0453
1.04204
1.03789
1.03538
1.03704
1.04441
1.05728
1.07376
1.09086
1.10544
1.11493
1.11767
1.11328
1.10281
1.08859
1.0736
1.06039
1.0507
1.04568
1.04607
1.05178
1.06149
1.07313
1.08455
1.09415
1.1011
1.10537
1.10761
1.1088
1.10998
1.11197
1.11525
1.11997
1.12592
1.1326
1.13932
1.14523
1.14944
1.15113
1.14957
1.14409
1.13415
1.11947
1.10025
1.07739
1.05253
1.02783
1.00555
0.987708
0.97597
0.971727
0.975925
0.988676
1.00883
1.03391
1.06057
1.08548
1.10617
1.12152
1.13182
1.13833
1.14256
1.14561
1.14758
1.14763
1.14451
1.1374
1.12672
1.1144
1.10274
1.09251
1.08228
1.07022
1.05627
1.04255
1.03194
1.02641
1.02668
1.03289
1.04513
1.06296
1.08457
1.10682
1.12613
1.13944
1.14469
1.14082
1.12775
1.1064
1.07895
1.04889
1.02056
0.997871
0.983079
0.97645
0.977042
0.983514
0.994433
1.00815
1.02261
1.03566
1.04563
1.05198
1.05557
1.05832
1.06234
1.06885
1.07758
1.0868
1.09407
1.0972
1.095
1.08757
1.0762
1.0629
1.04991
1.03912
1.03169
1.02778
1.02665
1.02697
1.02736
1.02693
1.02542
1.02315
1.02073
1.01868
1.01733
1.01681
1.01733
1.01929
1.02327
1.02981
1.03902
1.05034
1.06261
1.07445
1.08473
1.09285
1.09878
1.1029
1.10579
1.10814
1.11049
1.11321
1.11637
1.11977
1.12283
1.12459
1.1238
1.11927
1.11044
1.09784
1.0833
1.06948
1.05894
1.05331
1.05295
1.05699
1.06366
1.07066
1.07558
1.07645
1.0723
1.06367
1.05279
1.04312
1.03805
1.03929
1.04629
1.05694
1.06887
1.08012
1.08924
1.09546
1.09881
1.10016
1.10062
1.10083
1.10064
1.09946
1.09687
1.09284
1.0873
1.07989
1.07069
1.06127
1.05438
1.05209
1.05412
1.05826
1.06209
1.06409
1.06373
1.06121
1.05736
1.05353
1.05138
1.05245
1.05753
1.06619
1.07681
1.08716
1.09525
1.10006
1.10177
1.10139
1.10017
1.09889
1.09755
1.0954
1.0914
1.08486
1.07583
1.06526
1.05484
1.04661
1.0423
1.04275
1.04767
1.05584
1.06562
1.0755
1.08442
1.09168
1.09675
1.09894
1.09737
1.09116
1.07986
1.06363
1.04331
1.02037
0.996702
0.974368
0.955066
0.93978
0.92874
0.921748
0.918643
0.919666
0.925395
0.936317
0.952287
0.972287
0.994638
1.01754
1.03953
1.05958
1.07708
1.09159
1.1027
1.11
1.11331
1.11296
1.10993
1.10563
1.10149
1.09846
1.0969
1.0969
1.09882
1.10335
1.1107
1.11971
1.1281
1.13395
1.13673
1.13703
1.13553
1.13218
1.12615
1.11641
1.10229
1.08404
1.06315
1.04217
1.02393
1.01042
1.00228
0.999058
0.999973
1.0047
1.01354
1.02704
1.04521
1.06698
1.09024
1.1124
1.13125
1.14559
1.15537
1.16147
1.16515
1.16736
1.16828
1.16731
1.16351
1.15631
1.1461
1.13433
1.12306
1.11432
1.1095
1.10912
1.1126
1.11832
1.12396
1.12725
1.12669
1.12183
1.11323
1.10213
1.09009
1.07852
1.06828
1.05933
1.05089
1.04202
1.03277
1.0251
1.02216
1.02547
1.03305
1.041
1.04676
1.0504
1.05356
1.05768
1.06282
1.06781
1.07116
1.0718
1.06938
1.06418
1.05698
1.04886
1.04105
1.03487
1.03153
1.03171
1.03531
1.04162
1.04987
1.05946
1.06959
1.07881
1.08558
1.08909
1.08987
1.08959
1.09035
1.09368
1.0999
1.10798
1.11604
1.12213
1.12492
1.12386
1.11912
1.11116
1.10045
1.08752
1.0731
1.05836
1.04483
1.03415
1.0276
1.02567
1.02803
1.03376
1.04172
1.05069
1.05952
1.06702
1.07214
1.07407
1.07238
1.06716
1.05908
1.04957
1.04081
1.03542
1.03588
1.04374
1.05894
1.07977
1.10335
1.12648
1.14638
1.16108
1.16945
1.17111
1.16625
1.15546
1.13972
1.12054
1.10012
1.08111
1.06599
1.0562
1.05161
1.05081
1.05178
1.05261
1.05186
1.0488
1.04354
1.037
1.03074
1.02652
1.02572
1.02889
1.03577
1.0457
1.05789
1.07126
1.08422
1.09498
1.10228
1.10594
1.10676
1.10582
1.10391
1.10141
1.09858
1.09595
1.09439
1.09462
1.09657
1.09916
1.10058
1.09904
1.09347
1.08388
1.0715
1.05866
1.04843
1.04367
1.04579
1.05374
1.06444
1.07424
1.08036
1.08156
1.07805
1.07087
1.06145
1.05132
1.04198
1.03458
1.02957
1.02675
1.02584
1.02679
1.02988
1.0353
1.04266
1.05089
1.0585
1.06404
1.06643
1.06499
1.05946
1.04991
1.03688
1.02152
1.00564
0.99148
0.980959
0.975075
0.973699
0.975989
0.980989
0.988051
0.996746
1.00664
1.01706
1.02716
1.03606
1.04305
1.04788
1.05084
1.05293
1.05566
1.06068
1.0692
1.08141
1.09635
1.11215
1.12651
1.13738
1.14319
1.14301
1.13653
1.12424
1.10761
1.08947
1.07386
1.06483
1.06424
1.07054
1.07987
1.08854
1.09458
1.09755
1.09786
1.09598
1.09226
1.08704
1.08097
1.0752
1.07107
1.06929
1.06942
1.07015
1.07021
1.06898
1.06664
1.06389
1.06153
1.06012
1.05965
1.05979
1.06011
1.0603
1.06027
1.06001
1.05958
1.05909
1.05873
1.05871
1.05925
1.06043
1.06211
1.064
1.06559
1.06632
1.06553
1.06266
1.05749
1.05043
1.04273
1.03642
1.03377
1.03662
1.04577
1.06083
1.08055
1.10317
1.1267
1.14903
1.16816
1.1825
1.19113
1.19391
1.19131
1.18409
1.17309
1.15903
1.14261
1.12452
1.10566
1.08722
1.07065
1.05747
1.0488
1.04493
1.04514
1.04795
1.05167
1.05501
1.05751
1.05977
1.06311
1.06896
1.07801
1.08962
1.10208
1.11336
1.12186
1.1268
1.12815
1.12648
1.12264
1.11747
1.11165
1.10554
1.09925
1.09261
1.08524
1.07664
1.06624
1.05348
1.03792
1.01951
0.999078
0.978745
0.9619
0.952427
0.953324
0.965418
0.98703
1.01464
1.04409
1.07175
1.09528
1.11372
1.12729
1.13687
1.14348
1.14807
1.15149
1.15431
1.15668
1.15816
1.15775
1.15407
1.14561
1.13116
1.11032
1.0844
1.05706
1.0342
1.02177
1.02261
1.03527
1.05568
1.07955
1.10362
1.12571
1.1444
1.15869
1.16768
1.1705
1.16646
1.15547
1.1385
1.1179
1.09701
1.07908
1.06627
1.05933
1.058
1.06115
1.06721
1.07462
1.08212
1.08857
1.09293
1.09437
1.09254
1.08766
1.08044
1.07184
1.06288
1.05452
1.04755
1.0426
1.04007
1.04013
1.04257
1.04685
1.05232
1.0584
1.06439
1.06928
1.07159
1.06964
1.06227
1.0495
1.0327
1.0145
0.998321
0.987703
0.985682
0.993893
1.01182
1.0368
1.06496
1.09248
1.11624
1.13391
1.14381
1.14488
1.13671
1.11977
1.09543
1.06609
1.03503
1.00591
0.982089
0.965845
0.957938
0.957452
0.962225
0.969691
0.977733
0.985102
0.991457
0.996916
1.0015
1.00474
1.00574
1.00343
0.99717
0.987638
0.977687
0.972236
0.976217
0.991207
1.01412
1.03942
1.06218
1.07951
1.09045
1.09544
1.09591
1.09396
1.09181
1.09111
1.0923
1.09438
1.09556
1.09421
1.08971
1.08273
1.0748
1.06753
1.06199
1.05852
1.05692
1.05648
1.0563
1.05562
1.05418
1.05208
1.04912
1.04447
1.03709
1.02685
1.01488
1.003
0.992938
0.986033
0.983396
0.985943
0.99418
1.00779
1.02533
1.04435
1.06189
1.07531
1.08331
1.08674
1.08845
1.09134
1.09603
1.10072
1.10333
1.10321
1.10101
1.09762
1.09331
1.08781
1.08075
1.07215
1.06242
1.05213
1.04164
1.03079
1.01896
1.00542
0.990013
0.973535
0.957999
0.946348
0.941863
0.946831
0.960972
0.981204
1.00362
1.02579
1.04706
1.06741
1.08603
1.10103
1.11016
1.1119
1.10612
1.0943
1.07901
1.06311
1.04874
1.03692
1.02782
1.02122
1.01682
1.0143
1.01335
1.01351
1.01424
1.01523
1.0167
1.01963
1.02558
1.03601
1.05116
1.06939
1.0875
1.1019
1.10968
1.1094
1.10146
1.0881
1.07302
1.06037
1.05335
1.05314
1.05881
1.0682
1.07905
1.08987
1.10007
1.1097
1.11894
1.12781
1.13608
1.14333
1.14918
1.15336
1.15582
1.15663
1.15573
1.15278
1.14728
1.13911
1.12874
1.11711
1.10531
1.09426
1.08464
1.07706
1.0722
1.07068
1.07277
1.07811
1.08559
1.09358
1.10022
1.1039
1.10355
1.09893
1.09055
1.07954
1.0674
1.05571
1.046
1.03946
1.03658
1.03692
1.03931
1.04244
1.04554
1.04868
1.05263
1.05831
1.06612
1.07551
1.08492
1.09231
1.0959
1.09451
1.08768
1.07556
1.05898
1.03965
1.0204
1.00483
0.996302
0.996335
1.00377
1.01548
1.02799
1.03873
1.0464
1.05059
1.05132
1.04871
1.04299
1.03483
1.02553
1.01701
1.0114
1.01028
1.014
1.0217
1.03187
1.04291
1.05342
1.06237
1.06937
1.07469
1.07907
1.08336
1.08802
1.0929
1.0974
1.10079
1.10267
1.10322
1.10314
1.10324
1.10401
1.10551
1.10749
1.10967
1.11199
1.1146
1.11751
1.12043
1.1227
1.12341
1.12178
1.11757
1.1112
1.10364
1.09582
1.08812
1.08025
1.07163
1.06184
1.05092
1.03921
1.027
1.01446
1.00187
0.990035
0.980636
0.976066
0.978569
0.988977
1.00583
1.02576
1.04488
1.06026
1.07051
1.07573
1.07707
1.07624
1.07515
1.07563
1.07923
1.08695
1.09872
1.11315
1.12763
1.1391
1.14509
1.14438
1.13706
1.12429
1.10773
1.08913
1.06998
1.05143
1.03434
1.01951
1.0079
1.00069
0.998979
1.00335
1.01345
1.02805
1.0454
1.06375
1.08156
1.09769
1.11126
1.12172
1.12871
1.13202
1.13163
1.12772
1.12082
1.11193
1.10247
1.094
1.08771
1.08399
1.08241
1.08205
1.08206
1.08186
1.08117
1.07981
1.07764
1.07456
1.07069
1.06635
1.06185
1.05728
1.05244
1.047
1.04084
1.03445
1.02893
1.02571
1.02608
1.03036
1.03775
1.04669
1.05546
1.06263
1.06732
1.06919
1.06857
1.06632
1.06389
1.06327
1.06691
1.07682
1.09295
1.11237
1.13063
1.14422
1.15193
1.15447
1.15344
1.15035
1.1462
1.14137
1.13573
1.12883
1.12023
1.10985
1.09794
1.08506
1.07192
1.05956
1.04933
1.04268
1.04062
1.04321
1.04943
1.05747
1.06528
1.07109
1.07396
1.07396
1.07216
1.07031
1.07014
1.07284
1.07862
1.08675
1.09587
1.10449
1.1116
1.11705
1.12158
1.12632
1.13186
1.13768
1.14228
1.14405
1.1421
1.13663
1.1288
1.12023
1.11256
1.10697
1.10403
1.10385
1.10627
1.11081
1.11658
1.12214
1.12567
1.12547
1.12049
1.11055
1.09631
1.07936
1.06216
1.0475
1.03769
1.03387
1.03598
1.04307
1.05374
1.06638
1.07957
1.09227
1.10414
1.1154
1.1263
1.13646
1.14467
1.1497
1.151
1.14879
1.14361
1.13597
1.12637
1.11541
1.10387
1.09272
1.08316
1.07671
1.07498
1.079
1.08836
1.10108
1.11437
1.12573
1.1336
1.13726
1.13662
1.1319
1.12367
1.11304
1.10174
1.09188
1.08526
1.08276
1.08378
1.08641
1.08823
1.08722
1.08226
1.07319
1.06065
1.04619
1.03229
1.02185
1.01709
1.01841
1.024
1.0306
1.03497
1.03488
1.02955
1.01935
1.0054
0.989369
0.973451
0.960282
0.952443
0.951396
0.956655
0.965967
0.976402
0.985501
0.99178
0.994816
0.995047
0.993566
0.991838
0.991239
0.992389
0.994735
0.996837
0.997108
0.99455
0.989125
0.981556
0.972932
0.964393
0.957134
0.952531
0.952409
0.959122
0.974688
0.999183
1.02996
1.06271
1.09314
1.11827
1.13664
1.14808
1.15323
1.15314
1.14896
1.1416
1.13151
1.11887
1.10398
1.08773
1.07163
1.05742
1.04657
1.03996
1.03775
1.03941
1.04392
1.05007
1.05673
1.063
1.06827
1.07206
1.07407
1.07417
1.07257
1.06996
1.06721
1.06497
1.06331
1.06184
1.05992
1.0569
1.05237
1.0462
1.03861
1.0301
1.02132
1.01293
1.00552
0.999676
0.996031
0.995169
0.997457
1.00279
1.01053
1.01975
1.02964
1.0398
1.05014
1.06043
1.07006
1.07814
1.08389
1.08668
1.0861
1.08191
1.07408
1.06311
1.05023
1.03745
1.02713
1.02125
1.02078
1.02553
1.03434
1.04556
1.05752
1.06891
1.07907
1.08802
1.09646
1.10535
1.11539
1.12661
1.13819
1.14879
1.15702
1.16183
1.1626
1.15907
1.15127
1.13963
1.125
1.10873
1.09245
1.07788
1.06649
1.05924
1.05647
1.05789
1.0628
1.07026
1.07918
1.08825
1.09605
1.10098
1.10146
1.09592
1.08348
1.06487
1.04382
1.02646
1.01772
1.01773
1.02361
1.03363
1.04778
1.06547
1.08416
1.10052
1.11201
1.11754
1.11727
1.11225
1.10413
1.09475
1.08587
1.07884
1.07463
1.074
1.07768
1.0862
1.09947
1.11643
1.13518
1.15346
1.16917
1.1807
1.18714
1.18824
1.18447
1.17688
1.16684
1.15569
1.14444
1.13363
1.12355
1.11451
1.1069
1.10124
1.0979
1.09701
1.09854
1.1024
1.1085
1.11663
1.12623
1.13619
1.14487
1.15032
1.15068
1.14474
1.13256
1.11567
1.09689
1.07953
1.0662
1.05803
1.05478
1.05545
1.05891
1.06413
1.07018
1.07608
1.08098
1.08455
1.08706
1.08932
1.09217
1.09594
1.10012
1.10358
1.10503
1.1037
1.09959
1.09361
1.08716
1.08157
1.07747
1.07443
1.07115
1.06624
1.05921
1.05113
1.04424
1.04068
1.0413
1.04553
1.05203
1.05972
1.06822
1.07759
1.08785
1.09861
1.10914
1.11862
1.12624
1.13127
1.13295
1.13048
1.12317
1.11064
1.09315
1.07165
1.04779
1.02365
1.00126
0.982175
0.967055
0.955771
0.947749
0.942426
0.939542
0.939262
0.941991
0.948045
0.957463
0.969961
0.985022
1.00191
1.01961
1.03688
1.05245
1.06528
1.07471
1.08043
1.08228
1.08019
1.07426
1.06484
1.05267
1.03894
1.02517
1.01293
1.00358
0.998048
0.996682
0.999276
1.00515
1.01338
1.02288
1.03257
1.04152
1.04917
1.0556
1.06147
1.06766
1.0746
1.0818
1.08786
1.09089
1.08924
1.08198
1.06948
1.05353
1.03702
1.02305
1.0138
1.00994
1.01099
1.016
1.02411
1.03457
1.04656
1.05918
1.07155
1.08297
1.09292
1.10093
1.10656
1.1094
1.10919
1.10581
1.09931
1.08981
1.07741
1.06229
1.04483
1.02585
1.00668
0.989032
0.974524
0.964167
0.958177
0.956056
0.956886
0.959573
0.963171
0.967374
0.973062
0.982217
0.996698
1.01652
1.03936
1.06185
1.08138
1.09691
1.10884
1.11837
1.12659
1.13373
1.13914
1.14201
1.14234
1.14093
1.13858
1.13548
1.1313
1.12561
1.11828
1.1096
1.10011
1.09023
1.07997
1.06909
1.05767
1.04648
1.03684
1.02993
1.02625
1.02573
1.02801
1.03276
1.03969
1.04842
1.0585
1.06935
1.08044
1.09146
1.10244
1.11354
1.12471
1.13537
1.14461
1.15154
1.15577
1.15728
1.15617
1.15243
1.14616
1.13796
1.12894
1.12031
1.11291
1.1068
1.10149
1.09631
1.09073
1.0845
1.07756
1.06998
1.06207
1.05459
1.04855
1.0446
1.04247
1.04134
1.04062
1.04062
1.04259
1.048
1.05756
1.07055
1.08509
1.09888
1.11023
1.11824
1.12255
1.12321
1.12095
1.11729
1.11393
1.11203
1.11183
1.11294
1.11498
1.11776
1.12128
1.12553
1.13038
1.13547
1.14039
1.14477
1.1483
1.15066
1.15143
1.15023
1.14679
1.14112
1.13343
1.12401
1.11306
1.10058
1.08646
1.07067
1.0533
1.03446
1.01429
0.993239
0.972641
0.954861
0.9426
0.937471
0.939102
0.945594
0.954736
0.964724
0.974367
0.983017
0.990431
0.996598
1.00172
1.00623
1.01095
1.01691
1.02456
1.03296
1.03987
1.04308
1.04158
1.03612
1.02853
1.02073
1.01386
1.00817
1.00377
1.00116
1.0013
1.00512
1.01311
1.02492
1.03937
1.0547
1.06884
1.07971
1.0856
1.0855
1.07954
1.06923
1.05727
1.04699
1.04148
1.04272
1.05095
1.06454
1.08049
1.09541
1.1064
1.1116
1.11055
1.10414
1.09453
1.08438
1.07607
1.0709
1.0687
1.06801
1.06671
1.06285
1.05547
1.045
1.03309
1.0219
1.01315
1.00758
1.00513
1.00526
1.00744
1.01131
1.0167
1.02347
1.03136
1.03985
1.04804
1.05468
1.05844
1.05837
1.05427
1.04688
1.03782
1.0291
1.02281
1.02072
1.02379
1.03164
1.04248
1.05376
1.06311
1.06914
1.07169
1.07176
1.07107
1.07147
1.07421
1.0795
1.08647
1.09363
1.09944
1.10276
1.10298
1.10008
1.09461
1.08751
1.07978
1.07203
1.06422
1.05558
1.04496
1.03124
1.01381
0.992943
0.970064
0.947841
0.92985
0.919596
0.91932
0.929064
0.946058
0.965353
0.982133
0.993948
1.00103
1.0053
1.00912
1.01429
1.02142
1.02977
1.03782
1.04422
1.0484
1.0506
1.05151
1.05164
1.05102
1.04906
1.04485
1.03782
1.02832
1.01758
1.007
0.997683
0.990784
0.98746
0.987979
0.991165
0.995173
0.998747
1.00175
1.00489
1.00906
1.01505
1.02324
1.03368
1.04578
1.05841
1.06997
1.07885
1.0838
1.08418
1.07985
1.07105
1.05864
1.04444
1.0313
1.02234
1.01974
1.02406
1.0343
1.04858
1.06471
1.08067
1.09494
1.10699
1.11752
1.12802
1.13972
1.15251
1.16471
1.17381
1.1774
1.17379
1.16213
1.14238
1.1153
1.08248
1.04644
1.01041
0.978088
0.95311
0.938254
0.934636
0.941113
0.954547
0.970906
0.986601
0.999539
1.00938
1.01689
1.02295
1.0279
1.03148
1.03337
1.03344
1.03198
1.02954
1.02684
1.02458
1.02342
1.02376
1.0257
1.02894
1.03285
1.03694
1.04103
1.04534
1.05014
1.0554
1.06061
1.06495
1.0678
1.06918
1.06995
1.07151
1.07515
1.08163
1.09098
1.10283
1.11671
1.13231
1.14942
1.16766
1.18629
1.20397
1.21893
1.22941
1.23413
1.2326
1.22526
1.21348
1.1993
1.18502
1.17265
1.16325
1.15668
1.15172
1.14676
1.14039
1.13189
1.12122
1.1091
1.09683
1.08606
1.07855
1.07569
1.07791
1.08452
1.09386
1.10412
1.11391
1.1225
1.1296
1.13508
1.13854
1.13938
1.1369
1.13068
1.12108
1.10936
1.09738
1.08692
1.07894
1.07337
1.06943
1.06615
1.0626
1.05796
1.05202
1.04573
1.04149
1.04197
1.04812
1.05816
1.06897
1.07797
1.08412
1.0879
1.09057
1.09339
1.09714
1.10205
1.10804
1.11485
1.12175
1.1272
1.12909
1.12565
1.11633
1.10203
1.08474
1.06702
1.05158
1.04104
1.03741
1.04112
1.05045
1.06242
1.07426
1.08439
1.09234
1.09819
1.10224
1.10464
1.10521
1.10328
1.09788
1.08843
1.0761
1.06456
1.0584
1.05922
1.06375
1.06674
1.06484
1.05791
1.04816
1.03879
1.03238
1.02956
1.02898
1.02864
1.02772
1.02754
1.03116
1.0415
1.05857
1.07819
1.09419
1.10203
1.10023
1.08978
1.07267
1.05086
1.02618
1.00173
0.98303
0.975901
0.981171
