35.9614
33.6339
26.281
23.9594
22.1379
22.0252
20.7289
20.7256
18.5336
18.4529
16.4162
16.4284
16.2459
16.2748
16.1514
16.1412
15.8564
15.1584
15.1631
14.9953
14.9953
15.0437
15.0427
14.6731
14.6613
14.6677
14.5885
14.5885
14.4108
11.1592
11.119
11.0358
11.0434
11.0839
11.0671
11.0671
11.0671
11.0671
11.0672
11.0595
11.058
11.058
11.0656
11.0656
10.7862
10.8023
10.8023
10.8023
10.8023
10.8023
10.8023
10.7594
10.7597
10.7597
10.7552
10.7596
10.7596
10.7596
10.7583
10.7539
10.7539
10.7539
10.7539
10.7366
10.7539
10.3638
10.3638
10.3438
10.3323
10.3323
10.315
10.315
10.315
10.315
10.315
10.315
10.315
10.315
10.315
10.315
10.315
10.3399
10.3443
10.3443
8.81245
8.81245
8.49957
8.49957
8.49957
8.01735
8.01735
7.95896
7.96632
7.97645
7.97645
7.97645
7.74396
7.74396
7.74396
7.11905
7.09934
7.09934
7.09886
7.09886
7.09886
7.09886
7.09886
7.10418
7.10418
7.07546
7.07546
7.07546
7.06257
7.05967
7.05967
7.05967
7.05967
7.05967
7.05967
7.05967
7.05967
6.98695
6.82997
6.82997
6.82997
6.82997
6.82997
6.82997
6.82949
6.82949
6.82949
6.82949
6.83111
6.81364
6.2403
6.2403
6.2403
6.2403
6.2403
6.2403
6.2403
6.2403
6.2403
6.2403
6.2403
6.2403
6.2403
6.2403
6.2403
6.2403
6.2403
6.2403
6.2403
6.24788
6.24788
6.24788
6.24788
6.24788
6.24788
6.24788
6.24788
6.24788
6.24788
6.24788
6.24788
6.24788
6.24788
6.24788
6.24788
6.24788
6.24788
6.24788
6.24788
6.24788
6.24788
6.24788
6.24788
6.24788
6.24788
6.24788
6.24788
6.24788
6.24788
6.24788
6.24788
6.24788
6.24788
6.24788
6.24788
6.24788
6.2403
6.2403
6.2403
6.2403
6.2403
6.2403
6.2403
6.2403
6.2403
6.2403
6.2403
6.2403
6.2403
6.2403
6.2403
6.2403
6.2403
6.2403
6.2403
6.2403
6.2403
6.2403
6.2403
6.2403
6.2403
6.2403
6.2403
6.2403
6.2403
6.2403
6.2403
6.2403
6.2403
6.2403
6.2403
6.2403
6.2403
6.2403
6.2403
6.2403
6.2403
6.2403
6.2403
6.2403
6.2403
6.2403
6.2403
6.2403
6.25319
6.25319
6.25319
6.25319
6.25319
6.25319
6.25319
6.25319
6.25319
6.25319
6.25319
6.25319
6.25319
6.25319
6.25319
6.26077
6.26077
6.26077
6.27824
6.27824
6.27824
6.27824
6.26534
6.26534
6.26534
6.25777
6.25777
6.25777
6.25777
6.25777
6.25777
6.25777
6.25777
6.25777
6.25777
6.25777
6.25777
6.25777
6.2403
6.2403
6.2403
6.2403
6.2403
6.2403
6.2403
6.2403
6.2403
6.2403
6.2403
6.2403
6.2403
6.2403
6.2403
6.2403
6.2403
6.2403
6.2403
6.2403
6.2403
6.2403
6.2403
6.2403
6.2403
6.2403
6.2403
6.2403
6.2403
6.2403
6.2403
6.2403
6.2403
6.2403
6.2403
6.2403
6.2403
6.2403
6.2403
6.2403
6.2403
6.2403
6.2403
6.2403
6.2403
6.2403
6.2403
6.2403
6.2403
6.2403
6.2403
6.2403
6.2403
6.2403
6.2403
6.2403
6.2403
6.2403
6.2403
6.2403
6.2403
6.2403
6.2403
6.2403
6.2403
6.2403
6.2403
6.2403
6.2403
6.2403
6.2403
6.2403
6.2403
6.2403
6.2403
6.2403
6.2403
6.2403
6.2403
6.2403
6.2403
6.2403
6.2403
6.2403
6.2403
6.2403
6.2403
6.2403
6.2403
6.2403
6.2403
6.2403
6.2403
6.2403
6.2403
6.2403
6.2403
6.2403
6.2403
6.2403
6.2403
6.2403
6.2403
6.2403
6.2403
6.2403
6.2403
6.2403
6.2403
6.2403
6.2403
6.2403
6.2403
6.2403
6.2403
6.2403
6.2403
6.2403
6.2403
6.2403
6.2403
6.2403
6.2403
6.2403
6.2403
6.2403
6.2403
6.2403
6.2403
6.2403
6.2403
6.2403
6.2403
6.2403
6.2403
6.2403
6.2403
6.2403
6.2403
6.2403
6.2403
6.2403
6.2403
6.2403
6.2403
6.2403
6.24788
6.24788
6.24788
6.24788
6.24788
6.24788
6.24788
6.24788
6.24788
6.24788
6.2403
6.2403
6.2403
6.2403
6.2403
6.2403
6.2403
6.2403
6.2403
6.2403
6.2403
6.2403
6.2403
6.2403
6.2403
6.2403
6.2403
6.2403
6.2403
6.2403
6.2403
6.2403
6.2403
6.2403
6.2403
6.2403
6.2403
6.2403
6.2403
6.2403
6.2403
6.2403
6.2403
6.2403
6.2403
6.2403
6.2403
6.2403
6.2403
6.2403
6.2403
6.2403
6.2403
6.2403
6.2403
6.2403
6.2403
6.2403
6.2403
6.2403
6.2403
6.2403
6.2403
6.2403
6.2403
6.2403
6.2403
6.2403
6.2403
6.2403
6.2403
6.2403
6.2403
6.2403
6.2403
6.2403
6.2403
6.2403
