15.9991
12.9765
12.4738
11.8454
11.913
11.5454
9.87181
9.63807
9.4269
9.4477
8.44742
8.29608
8.30712
8.1939
8.16295
7.99196
7.99196
7.97957
7.99044
7.92347
7.93729
7.93729
7.9341
7.9341
7.9341
7.85897
7.85897
7.30174
7.30094
7.2909
7.38928
7.31736
7.31736
6.96144
6.90102
6.90102
6.94324
6.57667
6.57667
6.28464
6.28464
6.28936
6.28464
6.35467
6.32836
6.34393
6.22546
6.21469
6.20996
6.21534
6.13628
6.13628
6.13628
6.13628
6.13628
6.13628
6.13628
5.65481
5.65481
5.65481
5.65481
5.65481
5.65481
5.55508
5.55508
5.55508
5.55508
5.55508
5.55508
5.47992
5.47992
5.47992
5.47903
5.47903
5.47903
5.48133
5.48133
5.48133
5.48133
5.48133
5.48133
5.48133
5.32648
5.32648
5.32648
5.30872
5.30872
5.30872
5.27783
5.28127
5.28127
5.28127
5.28127
5.28127
5.28127
5.28127
5.29741
5.29741
5.28127
5.26185
5.26185
5.19311
5.20689
5.20689
5.17275
5.17275
5.17275
5.17275
5.17275
5.17275
5.15368
5.15368
5.15368
5.06154
5.06154
5.06154
5.06154
5.06154
5.06154
5.06154
5.06154
5.06154
5.06154
5.06154
5.06154
5.06154
5.06154
5.06154
5.06637
5.04138
5.04138
5.04138
5.04138
5.04138
5.03528
5.03761
5.03761
5.03761
5.03761
5.03761
5.03761
5.03761
5.03848
5.05916
5.05916
5.05444
5.03848
5.03616
5.03616
5.03616
5.03616
4.81215
4.81215
4.81215
4.81215
4.81215
4.81215
4.81215
4.81215
4.81215
4.81215
4.81215
4.81215
4.81215
4.81215
4.81215
4.81215
4.81215
4.81215
4.81215
4.8281
4.8281
4.8281
4.8281
4.8281
4.8281
4.8281
4.8281
4.8281
4.8281
4.80672
4.80947
4.79923
4.79923
4.79923
4.79923
4.79923
4.79923
4.79923
4.79923
4.79923
4.79923
4.79923
4.79923
4.79923
4.79923
4.79923
4.79441
4.79441
4.79441
4.79441
4.79441
4.79441
4.79441
4.79441
4.79441
4.79441
4.79441
4.79441
4.79441
4.79441
4.79441
4.79441
4.79441
4.79441
4.79441
4.79441
4.79441
4.79441
4.79441
4.79441
4.79441
4.79441
4.79441
4.79441
4.79441
4.79441
4.79441
4.79441
4.79441
4.79441
4.79441
4.79441
4.79441
4.79441
4.79923
4.79923
4.79923
4.79923
4.79923
4.79923
4.79923
4.79923
4.79923
4.79923
4.79923
4.79923
4.79923
4.79923
4.79923
4.79923
4.79441
4.79441
4.79441
4.79441
4.79441
4.79441
4.79441
4.79441
4.79441
4.79441
4.79441
4.79441
4.79441
4.79441
4.79441
4.79441
4.79441
4.79441
4.79441
4.79441
4.79441
4.79441
4.79441
4.79441
4.79441
4.79441
4.79441
4.79441
4.79441
4.79441
4.79441
4.79441
4.79441
4.79441
4.79441
4.79441
4.79441
4.79441
4.79441
4.79441
4.79441
4.79441
4.79441
4.79441
4.79441
4.79441
4.79441
4.79441
4.79441
4.79441
4.79441
4.79441
4.79441
4.79441
4.79441
4.79441
4.79441
4.79441
4.79441
4.79441
4.79441
4.79441
4.79441
4.79441
4.79441
4.79441
4.79441
4.79441
4.79441
4.79441
4.79923
4.79923
4.79923
4.79923
4.79923
4.79923
4.79923
4.79923
4.79923
4.79923
4.79923
4.79923
4.79923
4.79923
4.79923
4.79923
4.79923
4.79923
4.79923
4.79923
4.79923
4.79441
4.79441
4.79441
4.79441
4.79441
4.79441
4.79441
4.79441
4.79441
4.79441
4.79441
4.79441
4.79441
4.79441
4.79441
4.79441
4.79441
4.79441
4.79441
4.79441
4.79441
4.79441
4.79441
4.79441
4.79441
4.79441
4.79441
4.79441
4.79441
4.79441
4.79441
4.79441
4.79441
4.79923
4.79923
4.79923
4.79923
4.79923
4.79923
4.79923
4.79923
4.79923
4.79923
4.79923
4.79923
4.79923
4.79923
4.79441
4.79441
4.79441
4.79441
4.79441
4.79441
4.79441
4.79441
4.79441
4.79441
4.79441
4.79441
4.79441
4.79441
4.79441
4.79441
4.79441
4.79441
4.79441
4.79441
4.79441
4.79441
4.79441
4.79441
4.79441
4.79441
4.79441
4.79441
4.79441
4.79441
4.79441
4.79441
4.79441
4.79441
4.79441
4.79441
4.79441
4.79441
4.79441
4.79441
4.79441
4.79441
4.79441
4.79441
4.79441
4.79441
4.79923
4.79923
4.79923
4.79441
4.79441
4.79441
4.79441
4.79441
4.79441
4.79441
4.79441
4.79441
4.79441
4.79441
4.79441
4.79441
4.79441
4.79441
4.79441
4.79441
4.79441
4.79441
4.79441
4.79441
4.79441
4.79441
4.79441
4.79441
4.79441
4.79441
4.79441
4.79441
4.79441
4.79441
4.79441
4.79441
4.79441
4.79441
4.79441
4.79441
4.79441
4.79441
4.79441
4.79441
4.79441
4.79441
4.79441
4.79441
4.79441
4.79441
4.79441
4.79441
4.79441
4.79441
4.79441
4.79441
4.79441
4.79441
4.79441
4.79441
4.79441
4.79441
4.79441
4.79441
4.79441
