15.6901
14.0214
11.3623
11.518
9.52704
9.69096
9.10648
8.33851
8.36953
7.85842
7.70671
7.12538
7.12565
7.32696
7.24817
7.35843
7.4975
7.21159
7.29143
7.19334
7.16435
6.86759
6.75374
6.3026
5.89789
5.86783
5.97767
5.49063
5.50385
5.60561
5.54968
5.46334
5.44393
5.44756
5.44756
5.44756
5.45866
5.46207
5.50104
5.49379
5.44367
5.44367
5.41921
5.41921
5.45657
5.45822
5.48103
5.44352
5.44352
5.44352
5.44352
5.44352
5.41921
5.41921
5.48289
5.45858
5.45858
5.45858
5.45858
5.41921
5.41921
5.41921
5.41921
5.41921
5.41921
5.41921
5.42085
5.42085
5.42085
5.45223
5.45223
5.45223
5.45223
5.44756
5.44756
5.45482
5.44756
5.44756
5.44756
5.48391
5.48923
5.4712
5.4712
5.42085
5.42085
5.42085
5.42085
5.42085
5.44393
5.44393
5.44393
5.50104
5.50104
5.42085
5.42085
5.44367
5.41921
5.41921
5.42085
5.42085
5.42085
5.42085
5.42085
5.42085
5.42085
5.41921
5.41921
5.41921
5.41921
5.44352
5.44352
5.44352
5.41921
5.41921
5.41921
5.41921
5.41921
5.44367
5.44962
5.44962
5.42085
5.42085
5.42085
5.42085
5.42085
5.42085
5.42085
5.42085
5.42085
5.42085
5.42085
5.42085
5.42085
5.42085
5.42085
5.44367
5.42085
5.42085
5.44367
5.44962
5.44962
5.44962
5.44962
5.44962
5.42085
5.42085
5.42085
5.42085
5.42085
5.42085
5.45223
5.45223
5.45223
5.4896
5.45223
5.45223
5.45223
5.44393
5.44393
5.45482
5.44393
5.44393
5.44367
5.44367
5.44705
5.44705
5.44705
5.44705
5.44705
5.44705
5.44705
5.44705
5.44705
5.44705
5.44705
5.44705
5.44705
5.44705
5.44705
5.44705
5.44705
5.44705
5.44705
5.44705
5.44705
5.44705
5.41295
5.41295
5.41295
5.36951
5.36951
5.36951
5.36951
5.36951
5.36951
5.36951
5.36951
5.36951
5.36951
5.36951
5.36951
5.36951
5.36951
5.36951
5.36951
5.36951
5.36951
5.36951
5.36951
5.36951
5.36951
5.36951
5.36951
5.36951
5.36951
5.36951
5.36951
5.36951
5.36951
5.36951
5.36951
5.36951
5.34622
5.34622
5.34622
5.34622
5.34622
5.34622
5.34622
5.34622
5.34622
5.34622
5.34622
5.34622
5.34622
5.34622
5.34622
5.34622
5.34622
5.34622
5.34622
5.34622
5.34622
5.34622
5.34622
5.34622
5.34622
5.34622
5.34622
5.34622
5.34622
5.34622
5.34622
5.34622
5.34622
5.34622
5.34622
5.34622
5.34622
5.34622
5.34622
5.34622
5.34622
5.34622
5.34622
5.34622
5.34622
5.34622
5.34622
5.34622
5.34622
5.34622
5.34622
5.34622
5.34622
5.34622
5.34622
5.34622
5.34622
5.34622
5.34622
5.34622
5.34622
5.34622
5.34622
5.34622
5.34622
5.34622
5.34622
5.34622
5.34622
5.34622
5.34622
5.34622
5.34622
5.34622
5.34622
5.34622
5.34622
5.34622
5.34622
5.34622
5.34622
5.34622
5.34622
5.34622
5.34622
5.34622
5.34622
5.34622
5.34622
5.34622
5.34622
5.34622
5.34622
5.34622
5.34622
5.34622
5.34622
5.34622
5.34622
5.34622
5.34622
5.34622
5.34622
5.34622
5.34622
5.34622
5.34622
5.34622
5.34622
5.34622
5.34622
5.34622
5.34622
5.34622
5.34622
5.34622
5.34622
5.34622
5.34622
5.34622
5.34622
5.34622
5.34622
5.34622
5.34622
5.34622
5.34622
5.34622
5.34622
5.34622
5.34622
5.34622
5.34622
5.34622
5.34622
5.34622
5.34622
5.34622
5.34622
5.34622
5.34622
5.34622
5.34622
5.34622
5.34622
5.34622
5.34622
5.34622
5.34622
5.34622
5.34622
5.34622
5.34622
5.34622
5.34622
5.34622
5.34622
5.34622
5.34622
5.34622
5.34622
5.34622
5.34622
5.34622
5.34622
5.34622
5.34622
5.34622
5.34622
5.34622
5.34622
5.34622
5.34622
5.34622
5.34622
5.34622
5.34622
5.34622
5.34622
5.34622
5.34622
5.34622
5.34622
5.34622
5.34622
5.34622
5.34622
5.34622
5.34622
5.34622
5.34622
5.34622
5.34622
5.34622
5.34622
5.34622
5.34622
5.34622
5.34622
5.34622
5.34622
5.34622
5.34622
5.34622
5.34622
5.34622
5.34622
5.34622
5.34622
5.34622
5.34622
5.34622
5.34622
5.34622
5.34622
5.34622
5.34622
5.34622
5.34622
5.34622
5.34622
5.34622
5.34622
5.34622
5.34622
5.34622
5.34622
5.34622
5.34622
5.34622
5.34622
5.34622
5.34622
5.34622
5.34622
5.34622
5.34622
5.34622
5.34622
5.34622
5.34622
5.34622
5.34622
5.34622
5.34622
5.34622
5.34622
5.34622
5.34622
5.34622
5.34622
5.34622
5.34622
5.34622
5.34622
5.34622
5.34622
5.34622
5.34622
5.34622
5.34622
5.34622
5.34622
5.34622
5.34622
5.34622
5.34622
5.34622
5.34622
5.34622
5.34622
5.34622
5.34622
5.34622
5.34622
5.34622
5.34622
5.34622
5.34622
5.34622
5.34622
5.34622
5.34622
5.34622
5.34622
5.34622
5.34622
5.34622
5.34622
5.34622
5.34622
5.34622
5.34622
5.34622
5.34622
5.34622
5.34622
5.34622
5.34622
5.34622
5.34622
5.34622
5.34622
5.34622
5.34622
5.34622
5.34622
5.34622
5.34622
5.34622
5.34622
5.34622
5.34622
5.34622
5.34622
5.34622
5.34622
5.34622
5.34622
5.34622
5.34622
5.34622
5.34622
5.34622
5.34622
5.34622
5.34622
5.34622
5.34622
5.34622
5.34622
5.34622
5.34622
5.34622
5.34622
5.34622
5.34622
5.34622
5.34622
5.34622
5.34622
5.34622
5.34622
5.34622
5.34622
5.34622
5.34622
5.34622
5.34622
5.34622
5.34622
5.34622
5.34622
5.34622
5.34622
5.34622
5.34622
5.34622
5.34622
5.34622
5.34622
5.34622
5.34622
5.34622
5.34622
5.34622
5.34622
5.34622
5.34622
5.34622
5.34622
5.34622
5.34622
5.34622
5.34622
5.34622
5.34622
5.34622
5.34622
5.34622
5.34622
5.34622
5.34622
5.34622
5.34622
5.34622
5.34622
5.34622
5.34622
5.34622
5.34622
5.34622
5.34622
5.34622
5.34622
5.34622
5.34622
5.34622
5.34622
5.34622
5.34622
5.34622
5.34622
5.34622
5.34622
5.34622
5.34622
5.34622
5.34622
5.34622
5.34622
5.34622
5.34622
5.34622
5.34622
5.34622
5.34622
5.34622
5.34622
5.34622
5.34622
5.34622
5.34622
5.34622
5.34622
5.34622
5.34622
5.34622
5.34622
5.34622
5.34622
5.34622
5.34622
5.34622
5.34622
5.34622
5.34622
5.34622
5.34622
5.34622
5.34622
5.34622
5.34622
5.34622
5.34622
5.34622
5.34622
5.34622
5.34622
5.34622
5.34622
5.34622
5.34622
5.34622
5.34622
5.34622
5.34622
5.34622
5.34622
5.34622
5.34622
5.34622
5.34622
5.34622
5.34622
5.34622
5.34622
5.34622
5.34622
5.34622
5.34622
5.34622
5.34622
5.34622
5.34622
5.34622
5.34622
5.34622
5.34622
5.34622
5.34622
5.34622
5.34622
5.34622
5.34622
5.34622
5.34622
5.34622
5.34622
5.34622
5.34622
5.34622
5.34622
5.34622
5.34622
5.34622
5.34622
5.34622
5.34622
5.34622
5.34622
5.34622
5.34622
5.34622
5.34622
5.34622
5.34622
5.34622
5.34622
5.34622
5.34622
5.34622
5.34622
5.34622
5.34622
5.34622
5.34622
5.34622
5.34622
5.34622
5.34622
5.34622
5.34622
5.34622
5.34622
5.34622
5.34622
5.34622
5.34622
5.34622
5.34622
5.34622
5.34622
5.34622
5.34622
5.34622
5.34622
5.34622
5.34622
5.34622
5.34622
5.34622
5.34622
5.34622
5.34622
5.34622
5.34622
5.34622
5.34622
5.34622
5.34622
5.34622
5.34622
5.34622
5.34622
5.34622
5.34622
5.34622
5.34622
5.34622
5.34622
5.34622
5.34622
5.34622
5.34622
5.34622
5.34622
5.34622
5.34622
5.34622
5.34622
5.34622
5.34622
5.34622
5.34622
5.34622
5.34622
5.34622
5.34622
5.34622
5.34622
5.34622
5.34622
5.34622
5.34622
5.34622
5.34622
5.34622
5.34622
5.34622
5.34622
5.34622
5.34622
5.34622
5.34622
5.34622
5.34622
5.34622
5.34622
5.34622
5.34622
5.34622
5.34622
5.34622
5.34622
5.34622
5.34622
5.34622
5.34622
5.34622
5.34622
5.34622
5.34622
5.34622
5.34622
5.34622
5.34622
5.34622
5.34622
5.34622
5.34622
5.34622
5.34622
5.34622
5.34622
5.34622
5.34622
5.34622
5.34622
5.34622
5.34622
5.34622
5.34622
5.34622
5.34622
5.34622
5.34622
5.34622
5.34622
5.34622
5.34622
5.34622
5.34622
5.34622
5.34622
5.34622
5.34622
5.34622
5.34622
5.34622
5.34622
5.34622
5.34622
5.34622
5.34622
5.34622
5.34622
5.34622
5.34622
5.34622
5.34622
5.34622
5.34622
5.34622
5.34622
5.34622
5.34622
5.34622
5.34622
5.34622
5.34622
5.34622
5.34622
5.34622
5.34622
5.34622
5.34622
5.34622
5.34622
5.34622
5.34622
5.34622
5.34622
5.34622
5.34622
5.34622
5.34622
5.34622
5.34622
5.34622
5.34622
5.34622
5.34622
5.34622
5.34622
5.34622
5.34622
5.34622
5.34622
5.34622
5.34622
5.34622
5.34622
5.34622
5.34622
5.34622
5.34622
5.34622
5.34622
5.34622
5.34622
5.34622
5.34622
5.34622
5.34622
5.34622
5.34622
5.34622
5.34622
5.34622
5.34622
5.34622
5.34622
5.34622
5.34622
5.34622
5.34622
5.34622
5.34622
5.34622
5.34622
5.34622
5.34622
5.34622
5.34622
5.34622
5.34622
5.34622
5.34622
5.34622
5.34622
5.34622
5.34622
5.34622
5.34622
5.34622
5.34622
5.34622
5.34622
5.34622
5.34622
5.34622
5.34622
5.34622
5.34622
5.34622
5.34622
5.34622
5.34622
5.34622
5.34622
5.34622
5.34622
5.34622
5.34622
5.34622
5.34622
5.34622
5.34622
5.34622
5.34622
5.34622
5.34622
5.34622
5.34622
5.34622
5.34622
5.34622
