85.9293
86.2975
86.2975
85.5346
84.586
83.9473
84.2784
83.5199
83.2127
84.201
84.4896
83.6463
83.6409
83.6409
85.3201
84.4245
84.6883
84.4104
82.7767
82.4621
82.4621
81.7895
82.0991
81.8778
81.8778
81.8778
82.5854
82.5854
82.7691
82.7691
82.2075
82.2075
80.3846
80.0722
81.1741
80.8479
81.0496
79.1959
79.1959
79.1959
79.3885
79.6885
79.6885
79.6885
78.8749
78.6672
78.6672
78.6672
78.6672
78.4165
78.5444
77.3132
76.0108
76.0195
76.0695
75.4827
73.637
73.097
71.9256
71.4532
71.5153
71.5153
71.5153
71.6206
71.8102
71.7775
71.4976
71.6269
70.192
69.532
69.6064
69.5531
69.6629
69.6629
68.8461
68.8461
68.8461
68.0345
67.7389
67.7389
67.7389
67.6721
65.8581
65.8581
65.9171
64.5228
64.5228
64.5228
64.2887
64.2887
64.2887
63.8955
63.8955
64.6354
64.6354
64.6354
64.3296
64.5471
64.2497
64.2497
64.9233
64.7784
64.4959
64.9639
65.1828
65.1828
65.4513
64.8638
63.8453
63.4612
63.1295
62.3107
61.7723
61.669
61.7687
61.7687
60.4618
60.4691
61.2088
61.1297
60.6198
60.6198
59.918
59.288
59.6741
59.6942
59.2313
58.9151
58.9151
58.9151
58.9151
58.8687
58.8295
57.1669
57.9058
57.8017
56.3149
57.5074
57.9093
56.8999
56.4753
56.285
55.1075
55.0535
55.8964
55.6183
55.6129
55.5983
55.5983
55.3598
55.1223
54.9412
54.2119
54.5062
54.5062
53.2044
52.7181
52.7181
52.3329
52.9421
52.5643
52.5643
52.6855
52.6855
52.6855
52.6717
52.761
52.761
54.0795
53.7649
53.7649
53.9326
53.9245
53.6137
52.8595
52.9305
52.9305
51.7166
51.8065
51.1275
49.8204
49.8341
49.5526
49.5526
49.5526
49.6182
49.4536
49.4536
50.4307
50.4307
50.4307
48.7428
47.6924
47.6924
47.6924
47.5658
45.8404
45.4275
45.299
45.1539
45.1539
44.9033
44.9033
44.9033
44.9033
44.8271
44.8271
44.8271
44.9255
44.9255
45.2179
45.2179
45.2179
45.2075
45.2753
45.2753
45.6406
45.2627
45.2627
45.5943
45.5943
44.7881
43.6676
43.1416
42.7269
42.8279
42.1845
41.4169
41.4711
41.1644
41.1644
41.1644
41.1644
41.1644
41.4245
41.4245
40.922
40.922
40.7636
40.8151
40.8151
41.4021
41.4803
41.4803
42.1366
41.5605
41.0246
40.7065
39.1589
39.1589
39.1589
38.222
38.0254
37.6088
38.0179
37.6338
37.2575
36.4634
36.6414
36.6414
36.6989
36.7569
36.7569
36.7569
38.4801
39.2352
39.0319
37.988
37.2056
37.2824
37.2748
37.2748
37.2619
36.5949
36.3821
36.0405
36.0405
34.9096
34.4909
33.4797
32.7987
32.5539
32.5539
32.6259
32.6259
32.6259
32.6179
33.1995
33.5937
33.707
34.0717
33.4685
32.9496
32.9496
32.9496
32.9496
32.9496
32.9496
32.9496
32.9496
31.9786
31.9786
31.306
31.1597
30.9654
31
30.998
30.6066
29.7029
30.1805
30.1805
30.1513
30.0364
30.0364
30.8932
31.1917
31.1917
30.3334
30.0479
30.3653
30.3653
29.3617
27.5112
26.8802
26.8802
26.7963
27.1178
26.4004
26.4004
26.4004
26.4004
26.6066
27.2066
27.4659
27.4659
26.6309
26.6309
26.6309
26.5568
25.8595
25.8373
25.8591
24.8387
24.8387
24.7317
24.8197
24.8197
24.9374
23.7168
23.3539
23.3539
23.4417
22.9192
22.2844
21.663
20.2292
19.0922
18.7054
18.7054
18.7054
17.9252
17.9252
17.9799
17.9799
17.5479
17.6575
17.6575
16.6998
15.8098
15.8098
15.8098
15.3235
15.6325
15.4774
15.8086
15.8086
16.0273
16.0273
16.0273
16.7394
16.7682
16.6569
16.1792
16.1792
16.9643
16.9643
16.4981
16.543
15.8364
15.8364
15.8364
14.9163
14.073
14.073
14.0711
14.0711
13.9875
14.0606
14.0606
13.4199
13.0755
12.8867
12.6842
12.6726
12.6726
13.3312
12.5363
11.1609
11.1609
10.8838
10.8838
10.4872
10.8422
10.0938
9.38647
9.32273
9.32273
9.32273
9.32273
9.32273
9.35128
9.76203
10.1505
10.4012
10.4012
10.4012
10.4012
10.3931
10.3931
9.56883
8.46577
8.55086
8.42522
7.96782
7.96782
8.19234
8.16599
8.03435
8.64297
9.36427
8.96402
8.96402
7.37222
7.28668
6.26498
6.14339
6.19944
6.19944
5.19118
4.18299
4.2481
3.12612
3.61455
4.12378
3.53756
3.1521
3.1521
2.0001
1.68991
1.9414
2.12799
2.12799
1.75363
0.597448
0.709051
0.709051
0.709051
0.709051
0.709051
0.709051
0.629389
0.629389
0.629389
0.264094
0.264094
0.264094
1.67514
2.81174
2.81174
2.81174
3.68937
2.93535
2.93535
2.93535
2.61568
2.39625
2.60704
2.60704
3.49852
3.5244
3.48615
3.51031
4.84043
4.53644
3.67985
3.37467
3.37467
3.37467
3.95526
2.63937
2.69519
2.39316
1.98552
1.12684
1.46939
1.46939
1.46939
1.46939
1.26863
1.74818
1.74818
1.74818
1.74818
2.25685
1.72009
1.54428
0.928809
0.928809
0.928809
0.928809
1.57155
1.57155
2.10982
2.31841
2.31841
2.31841
2.11037
2.11037
2.11037
2.15224
2.3416
2.82207
3.03357
2.08429
1.45663
1.45663
2.44092
2.44092
2.01219
2.17393
2.08851
1.92018
1.19676
1.28567
1.02145
1.02145
0.342791
0.342791
0.342791
0.342791
0.342791
0.342791
0.342791
0.342791
0.342791
0.342791
0.342791
0.342791
0.342791
0.342791
0.342791
1.01554
1.01554
1.01554
1.07663
0.93073
0.93073
0.93073
0.93073
0.93073
0.93073
1.48996
0.789024
0.636526
0.636526
0.464045
0.464045
0.464045
1.021
0.363492
0.363492
0.529759
0.529759
0.529759
0.529759
0.529759
0.529759
0.529759
0.975868
0.975868
0.975868
0.975868
0.975868
0.975868
1.21435
1.21435
1.21435
1.23007
1.97185
1.97185
1.46385
1.46385
1.46385
1.53694
1.53694
1.53694
1.53694
0.810676
0.810676
1.21569
1.21569
1.21569
1.19056
1.79859
0.186979
0.186979
0.186979
0.186979
0.186979
0.38213
0.38213
0.38213
1.18202
1.18202
1.18202
1.0855
0.969113
0.969113
0.969113
0.507752
0.507752
0.507752
0.97679
1.17352
0.563815
0.909562
0.909562
0.909562
0.909562
0.909562
0.909562
0.653259
0.783959
0.783959
0.853241
0.853241
0.853241
0.853241
0.853241
1.43935
2.36137
2.36137
2.36137
2.36137
2.69117
2.69117
2.62774
2.62774
2.62774
2.62774
1.90618
1.90618
1.43306
1.38292
1.43929
0.200247
0.200247
0.200247
0.200247
0.200247
0.200247
0.200247
0.200247
0.200247
0.200247
0.200247
0.200247
0.200247
0.200247
0.69775
0.69775
0.69775
0.880036
1.17955
1.41913
1.72824
1.08516
1.08516
1.08516
1.08516
1.08516
1.08516
1.08516
1.08516
1.26621
1.32392
1.32392
1.32392
1.32392
1.49525
1.10311
1.30719
0.709239
0.709239
0.419169
0.517558
0.517558
1.35004
1.35004
1.47529
0.52388
0.52388
0.52388
0.922354
0.922354
0.49308
0.49308
0.633415
0.629198
0.629198
0.629198
0.461259
0.620868
0.620868
0.620868
0.620868
0.639876
0.69656
0.69656
0.69656
0.993976
0.993976
0.993976
1.65169
1.65169
1.70218
2.06237
2.84642
2.45514
2.60407
2.60407
2.60407
2.90279
2.37688
2.64758
3.322
3.322
3.03815
3.87622
3.30053
3.30053
2.64149
2.55943
1.73381
2.24908
1.33632
1.33632
1.33632
1.33632
1.2932
1.2932
1.58524
1.87567
2.42193
2.42193
1.27953
1.27953
1.27953
1.27953
1.34847
2.01279
0.980523
0.606703
0.606703
0.606703
0.969647
0.969647
0.969647
0.969647
0.969647
1.49792
1.49792
1.8768
1.8768
1.4554
1.4554
1.19085
2.11112
2.11112
2.11112
2.11112
1.28689
1.28689
0.927105
0.469766
0.469766
0.469766
0.610878
0.610878
0.610878
0.610878
0.610878
0.610043
0.610043
0.610043
0.610043
0.610043
0.610043
0.610043
1.28457
2.32048
1.27278
1.27278
1.27278
0.913764
0.913764
0.801765
0.801765
1.23562
0.879038
0.784186
0.784186
0.784186
1.12758
1.12758
2.05695
1.24713
1.24713
1.70342
1.80196
1.51962
1.51962
0.67781
0.669873
0.669873
0.669873
2.07979
2.07979
3.03528
2.35621
2.537
2.537
2.537
2.537
1.93914
1.31606
1.64243
1.64616
0.599183
0.599183
0.599183
0.599183
0.599183
0.599183
0.599183
1.2549
0.617607
0.617607
0.617607
0.392715
0.392715
1.1393
2.16769
2.39512
2.39512
2.39512
2.39512
1.94374
1.94374
2.2662
2.2662
2.2662
3.05792
2.42938
2.74307
2.93474
2.413
1.84224
1.89051
1.01334
1.01334
1.01334
1.20263
0.897355
1.87336
3.50086
3.33966
4.51884
4.24383
3.76442
2.49068
2.49068
2.5686
2.33484
2.33484
1.5406
1.5406
1.32607
1.32607
1.32607
1.15141
1.15141
1.67277
1.67277
2.43042
2.43042
1.81705
1.81705
2.77925
2.77925
2.77925
2.77925
2.77925
3.35357
3.36581
2.66913
2.66913
2.66913
3.04155
3.04155
2.11825
2.11825
2.13934
1.33877
1.33877
2.16114
2.16114
1.78351
1.78351
1.89972
1.89972
1.03776
1.17904
0.576709
0.576709
0.576709
0.576709
0.576709
0.576709
1.32915
0.514605
0.514605
0.481684
0.788706
1.10507
1.10507
1.86376
1.93821
1.83163
2.13107
2.73513
2.73513
2.13464
2.13464
2.13464
2.13464
2.13464
1.39891
1.39891
1.39891
1.39891
1.39891
1.07111
0.760612
0.760612
0.760612
0.760612
0.760612
0.760612
0.760612
0.760612
1.03139
1.90111
1.90111
1.85611
1.92337
1.27703
0.943865
1.83746
1.85734
1.57987
1.32909
1.32909
1.32909
1.31529
1.31529
1.31529
1.31529
1.31529
1.31529
1.31529
1.31529
1.31529
1.39849
1.39849
1.39849
1.39849
1.54321
1.54321
0.972365
