85.0191
85.9201
85.9201
84.0936
81.7868
80.2573
80.2573
78.4491
77.7114
80.0993
80.7875
78.8506
78.9316
78.9316
82.9614
80.7077
81.4945
80.8659
77.024
76.1913
76.1913
74.5749
75.3668
75.0774
75.0774
75.0774
77.0276
77.0276
77.2335
77.2335
75.6606
75.6606
71.323
70.8098
73.2817
72.6506
73.022
68.5804
68.5804
68.5804
69.2567
69.7358
69.7358
69.7358
67.6124
67.0213
67.0213
67.0213
67.0213
66.5727
66.968
64.1963
61.2639
61.3146
61.4916
59.9011
55.4967
54.051
51.6168
50.7737
51.428
51.428
51.428
51.8963
52.614
53.0252
52.2515
52.4197
49.0112
47.487
47.487
46.7589
47.1616
47.1616
45.5836
45.5836
45.5836
43.5031
42.6074
42.6074
42.6074
42.6074
38.5448
38.5448
38.5448
35.2939
34.9801
34.9801
34.0213
34.0213
34.0213
33.1181
33.1181
35.0071
35.0071
35.0071
33.9889
34.6128
33.7026
33.7026
35.2837
35.1856
34.2878
34.2878
35.1063
35.1063
35.7036
34.6989
32.6919
31.1475
30.4094
28.7931
27.5855
27.5855
28.0449
28.0449
25.2871
25.0179
26.3105
26.3975
25.2528
25.2528
23.5505
21.6735
22.7207
22.4522
21.3316
20.5419
20.5419
20.5419
20.5419
20.5419
20.4213
16.6403
18.4998
19.3419
15.8309
19.0691
18.8081
16.4878
15.6652
14.8503
13.0857
13.0857
15.272
15.4582
15.9157
15.9157
15.9157
14.607
13.0992
11.8581
9.71627
9.71627
10.541
7.40683
6.44046
6.44046
6.44046
7.77093
7.6065
7.6065
7.6065
7.6065
7.6065
6.81416
7.3959
7.3959
10.3681
9.63262
9.63262
9.63262
9.5973
9.5973
7.57603
8.54807
8.54807
6.56208
6.56208
6.56208
5.55321
5.55321
4.40173
4.40173
4.40173
3.11522
5.80712
5.80712
6.62698
6.62698
8.34742
5.85448
4.22582
5.15245
5.15245
5.15245
5.15245
4.67689
3.82619
3.82619
4.91344
4.83338
5.18148
5.18148
5.53716
6.17554
6.17554
6.17554
7.21252
7.21252
9.57296
9.57296
8.68529
8.15414
7.84107
7.84107
8.92136
8.92136
8.92136
8.92136
8.92136
6.62468
3.69898
3.69898
5.12791
3.88803
3.20529
3.20529
3.20529
3.20529
3.20529
3.20529
3.20529
3.60582
3.50906
3.73648
3.73648
3.73648
5.46179
4.01172
4.01172
6.12765
5.23828
5.23828
7.02585
7.02585
5.84436
5.15462
2.65513
2.65513
2.65513
1.71019
1.71019
1.71019
1.71019
2.41906
4.47834
4.47834
2.92606
2.92606
4.53431
7.69779
8.83693
8.83693
8.59106
8.59106
8.72002
8.80931
6.37491
5.53713
6.64875
7.97046
7.97046
6.31181
4.51293
4.51293
4.51293
4.51293
5.65738
5.6737
5.6737
5.6737
3.59868
3.59868
3.59868
3.59868
3.59868
1.36864
4.83118
4.83118
4.20309
4.20309
1.20777
4.65145
4.65145
4.65145
6.1696
6.1696
6.1696
8.84548
6.25188
6.25188
4.87652
4.71175
4.71175
4.49082
4.49082
4.49082
6.13319
4.89925
4.89925
7.17285
7.17285
6.68925
7.61132
8.82997
8.82997
8.82997
8.82997
8.8149
8.8149
6.22121
4.04784
4.04784
4.04784
5.34139
4.61985
4.61985
4.61985
4.61985
4.61985
4.77656
4.39029
4.39029
5.14854
4.21705
4.21705
4.21705
4.93364
2.80132
5.26171
5.26171
5.26171
5.26171
3.6839
3.6839
3.6839
3.6839
3.6839
5.60574
5.79829
3.5068
3.5068
3.5068
3.5068
4.6471
4.6471
6.4918
7.03725
6.91669
6.91669
6.91669
8.7876
8.7876
8.7876
7.96778
7.96778
7.96778
8.71445
10.5028
10.5028
9.05859
7.39426
6.25821
6.25821
6.25821
6.25821
6.25821
6.25821
6.25821
6.25821
5.7581
4.49079
4.49079
6.8396
6.8396
5.09345
5.09345
5.09442
5.09442
5.09442
5.92551
4.50034
5.87542
5.83589
5.83589
4.99208
6.19143
6.19143
6.47682
6.47682
6.47682
6.47682
4.65386
4.65386
8.50983
8.42439
8.03694
7.29047
7.04055
8.36995
8.05129
8.05129
8.08188
9.16501
8.56566
7.41128
7.41128
6.11689
6.11689
6.11689
5.80315
6.65369
6.70179
6.70179
6.97902
6.97902
6.97902
6.97902
5.28913
4.09165
2.07383
2.65283
2.65283
2.65283
2.39131
2.39131
4.61248
6.34938
8.82794
8.82794
8.82794
8.82794
7.18753
6.87602
6.87602
6.87602
6.87602
4.82776
1.52548
1.52548
3.45427
3.45427
3.45427
4.36885
4.36885
3.18225
3.35823
3.35823
2.41273
2.41273
2.41273
2.41273
2.41273
2.41273
2.41273
2.41273
2.41273
2.41273
2.41273
2.80111
2.80111
2.80111
2.80111
2.80111
2.80111
4.7815
5.83204
5.83204
5.83204
8.12374
5.74043
5.74043
6.92636
6.92636
6.92636
7.94216
7.94216
9.51876
8.57639
8.01993
9.06667
12.5482
12.6556
10.8693
10.5463
10.5463
10.2606
11.4423
8.12412
8.05952
7.62561
6.51034
3.60966
3.13796
3.13796
3.13796
3.13796
4.23794
3.93595
7.03271
7.03271
7.03271
7.87154
6.19838
7.08755
4.61909
4.61909
4.61909
4.61909
4.61909
4.61909
4.61909
5.5213
5.5213
5.5213
6.54684
6.54684
6.54684
6.81732
6.81732
6.29827
6.29827
7.33995
4.88789
4.88789
5.21859
5.21859
4.79184
6.33887
5.69564
8.07861
6.55169
3.37133
3.37133
3.37133
5.78677
5.78677
5.78677
5.78677
5.78677
5.78677
5.56835
5.56835
5.67174
5.67174
5.65095
5.65095
7.62867
5.46195
5.46195
5.68795
4.25732
5.64681
6.47998
4.98125
4.98125
4.98125
4.98125
2.50396
2.50396
5.11138
2.66339
3.66739
3.66739
3.5437
3.5437
3.5437
4.79531
4.22743
4.22743
2.99092
2.99092
2.99092
2.99092
2.99092
2.99092
2.99092
2.89024
2.89024
2.89024
2.89024
2.89024
2.89024
2.89024
2.89024
2.89024
2.89024
5.26376
5.26376
4.50463
4.50463
5.67445
5.64074
7.0441
7.0441
6.88276
6.21494
6.21494
8.01711
9.55161
8.96796
6.91124
8.05844
6.03971
6.03971
5.36636
5.36636
4.25353
5.42834
5.42834
5.42834
6.3638
6.3638
6.3638
5.26567
6.15578
6.15578
6.15578
5.46892
4.2134
4.2134
4.41025
5.62976
2.70741
1.59307
2.43355
3.97895
3.97895
3.97895
3.97895
3.97895
2.15783
2.15783
4.72555
4.72555
4.72555
4.72555
4.73629
6.45636
8.60632
8.60632
8.60632
8.60632
9.44702
9.44702
9.44702
9.44702
9.44702
9.44702
6.4208
5.49927
4.06618
4.90275
4.67305
2.05522
2.05522
2.05522
2.05522
2.05522
2.05522
2.05522
2.05522
4.65816
5.06274
5.06274
4.15148
4.15148
4.15148
3.47416
4.38397
4.38397
1.76015
1.76015
1.19462
1.19462
3.24332
3.24332
3.24332
3.24332
3.24332
3.24332
3.24332
3.24332
3.24332
3.24332
3.24332
4.89888
4.89888
5.40409
4.59725
4.59725
1.34604
1.34604
1.34604
1.34604
1.34604
1.34604
1.34604
3.98957
3.98957
3.98957
3.98957
5.50292
5.50292
3.92362
3.92362
6.18789
3.59194
2.57669
1.56286
2.14095
1.86741
3.48498
3.49408
3.49408
3.49408
3.49408
3.49408
3.49408
2.07805
2.07805
2.28403
2.28403
2.28403
2.28403
2.26828
2.26828
3.70444
3.70444
1.20714
1.20714
1.20714
1.20714
1.20714
1.13909
1.13909
1.13909
4.05863
1.75449
1.75449
2.32312
3.20408
4.07631
1.21167
3.81104
3.81104
3.81104
2.33477
2.33477
2.33477
2.13291
2.13291
2.83708
2.83708
3.10941
3.43326
0.687427
2.39346
3.42176
3.42176
1.8232
3.86052
5.20815
5.20815
5.24986
5.24986
5.24986
5.24986
5.24986
5.18702
5.18702
5.18702
1.61748
4.29161
4.29161
4.646
6.90838
6.90838
6.9282
6.9282
4.01921
6.04
3.71949
3.71949
3.71949
3.71949
3.78741
3.78741
3.78741
3.78741
3.78741
5.52812
2.85148
2.85148
2.85148
2.85148
2.85148
2.85148
2.85148
3.10194
2.52949
2.52949
2.52949
2.52949
2.52949
2.52949
2.52949
2.52949
2.52949
2.52949
2.52949
2.52949
1.14806
2.17541
2.31746
1.79268
1.79268
2.35293
0.795573
0.795573
0.795573
2.56458
4.30382
5.05875
4.44401
7.29803
7.29803
9.50247
7.28245
7.22371
7.22371
7.22371
7.22371
5.47786
3.72037
5.91085
6.61242
4.23596
4.23596
2.79679
4.14541
4.14541
6.18091
6.18091
7.33212
5.90301
5.90301
6.46906
4.67028
6.68588
8.27131
11.026
11.5801
11.5801
11.5801
11.5801
10.9505
10.9505
11.4998
11.4998
11.4898
11.4898
10.0051
10.4295
10.8699
9.68909
7.41842
5.87891
5.64168
5.52353
5.52353
5.52353
7.00246
8.16527
11.8537
10.9911
13.6692
12.4951
12.8572
11.0569
11.0569
9.59672
10.1769
10.1769
9.27074
9.27074
8.9458
9.85196
9.85196
9.73673
10.9812
11.2463
11.2463
10.9713
10.9713
10.4098
9.92761
9.92761
9.92761
9.92761
9.92761
9.92761
12.2877
11.7248
9.82523
9.82523
9.82523
9.82523
9.82523
8.82333
8.82333
7.18282
7.00319
7.00319
7.00319
6.52838
6.52838
6.52838
5.65338
5.65338
5.2247
5.98037
3.55474
3.55474
3.55474
3.55474
3.55474
3.55474
4.89785
2.50604
1.75721
1.75721
1.75721
3.9075
3.9075
4.11861
5.61858
5.61858
5.9821
7.26231
7.26231
5.71221
5.71221
5.71221
5.71221
5.71221
4.021
4.021
4.60635
4.60635
4.60635
4.3269
3.40737
3.40737
3.40737
5.40918
5.40918
6.5046
6.5046
6.5046
6.49399
4.67323
4.80606
3.21579
0.714038
3.21831
3.37527
1.87403
1.79533
1.79533
2.54269
2.54269
4.94067
4.94067
5.35405
5.35405
5.35405
5.35405
5.22111
5.22111
5.22111
5.22111
4.09283
4.09283
4.09283
4.09283
3.7658
3.7658
3.25999
