1.457472742909202167e-04
1.682870676922211962e-04
1.739073845769252915e-04
1.752360109683377568e-04
1.744890183117798837e-04
1.765338466701673378e-04
1.767258987952152554e-04
1.785960984670004453e-04
1.793235274481302065e-04
1.804141735569767847e-04
1.778459227400931990e-04
1.824610871205704693e-04
1.786227295122847262e-04
1.785135134895343841e-04
1.783936061909154687e-04
1.805832215424841485e-04
1.802644930812008636e-04
1.779772428013715719e-04
1.815247038098634900e-04
1.767043198394799546e-04
1.784584452151386999e-04
1.801583556684164633e-04
1.776467965611849863e-04
1.760502787736529758e-04
1.797730785246831901e-04
1.800609700931864253e-04
1.773777668872723195e-04
1.800645847435227158e-04
1.811956768543446694e-04
1.766996419536455388e-04
1.786238147007599938e-04
1.780897965487748650e-04
1.773915555779263255e-04
1.792842778598092578e-04
1.780157471732043658e-04
1.743818715416680276e-04
1.806300330023747150e-04
1.776180231228595766e-04
1.837929260581781441e-04
1.801484058786944340e-04
1.804308793427145347e-04
1.794575609034319364e-04
1.844687578610536131e-04
1.846853854302774544e-04
1.837671572548283717e-04
1.820506733006733600e-04
1.828960026404079578e-04
1.854069820508813635e-04
1.840517768843591070e-04
1.823169870492996831e-04
1.844856295123433691e-04
1.777775680939314097e-04
1.778902429503857133e-04
1.873690109857136150e-04
1.831668491890762226e-04
1.845464071637055339e-04
1.763603358705095718e-04
1.822042661819143659e-04
1.780572130599979684e-04
1.876889975737710214e-04
1.786335195913131535e-04
1.836596799761155323e-04
1.787277878305176457e-04
1.856403342996207188e-04
1.829860399672062746e-04
1.826733935476772795e-04
1.834248929511605075e-04
1.765916388583402296e-04
1.796641410367033186e-04
1.852077012680640488e-04
1.851907691993051424e-04
1.769191269887533799e-04
1.841260936351785007e-04
1.790593910155582511e-04
1.859775624728298804e-04
1.883337971194495224e-04
1.903771519405338412e-04
1.786999673612564110e-04
1.807507596707045726e-04
1.844489649876010907e-04
1.856106322811051923e-04
1.829559993179047112e-04
1.859169143876249436e-04
1.801774000014109880e-04
1.859305178296486848e-04
1.877751183543516797e-04
1.859358057491941195e-04
1.821917086643213483e-04
1.828769465407012354e-04
1.831070464193437991e-04
1.794809095415653372e-04
1.798307777423712556e-04
1.871128412895085098e-04
1.831642166008519835e-04
1.890293237774801776e-04
1.929870077088996407e-04
1.816099282252194545e-04
1.854656532672089371e-04
1.912000487087108511e-04
1.886506322763644621e-04
1.819570819130423547e-04
1.872850402661451884e-04
1.928793587652440154e-04
1.867079893786705838e-04
1.900014463596567005e-04
1.847895530138156308e-04
1.927146588997589983e-04
1.804248815774861612e-04
1.836536301127577187e-04
1.849970612784706376e-04
1.886558777452871001e-04
1.897903732542289407e-04
1.752307466387819030e-04
1.936541136256710461e-04
1.844023576404136633e-04
1.830148749987970844e-04
1.871995824214196401e-04
1.788147849284220229e-04
1.901873874897585148e-04
1.849233589293010805e-04
1.955578062453120880e-04
1.814779651795549425e-04
1.799176673343874080e-04
1.917058543538717962e-04
1.862778894099685991e-04
1.876021638049875427e-04
1.865052709745785545e-04
1.925347153430127811e-04
1.836346002567663407e-04
1.841031744752403762e-04
1.814779782219074324e-04
1.740621216495054390e-04
1.857193360187485128e-04
1.843707360756651262e-04
1.908749470500871177e-04
1.891551947128039188e-04
1.942518647673847833e-04
1.817091786677919104e-04
1.832496771654261837e-04
1.811394095952802478e-04
1.941500452136518901e-04
1.941470197792393186e-04
1.832494328952511331e-04
1.895754470305072701e-04
1.852422020854926942e-04
1.931686572089508528e-04
1.886051325706227747e-04
1.885620690434563378e-04
1.867668647226312212e-04
1.849298310198482494e-04
1.830218137124190413e-04
1.779921977830913906e-04
1.903893148701007868e-04
1.887226458640307142e-04
1.855270625206823171e-04
1.906455474476548642e-04
1.813615044176083231e-04
1.856791745842803368e-04
1.923267376489824656e-04
1.782250587918764867e-04
1.911957249772165939e-04
1.901752473968953158e-04
1.826343495345944242e-04
1.844276972381547188e-04
1.941661163121657203e-04
1.817785191419897929e-04
1.726191351299787621e-04
1.856663679928839889e-04
1.935438093832779428e-04
1.872957062889949017e-04
1.813865346527986653e-04
1.841468992919294116e-04
1.880137473180375077e-04
1.740905880037562086e-04
1.914742253936222403e-04
1.846794963513043620e-04
1.885714258687251393e-04
1.839468140983616573e-04
1.884481494630511433e-04
1.908941489257409533e-04
1.871163174820513657e-04
1.945874513487395776e-04
1.799844428101835436e-04
1.905020740377328672e-04
1.917160697215308546e-04
1.843766812127651362e-04
1.745068564487639313e-04
1.954520542756635110e-04
1.856825999414256692e-04
1.752704515459725090e-04
1.854092343413608099e-04
1.958503870661094329e-04
1.910622694471449427e-04
1.880430937396186219e-04
1.893519101202207884e-04
1.751141745329395103e-04
1.820991000322497828e-04
1.889491845878490982e-04
1.926947420426058097e-04
1.900782117837573524e-04
1.811848569552142608e-04
1.790743035929459625e-04
1.836103950540521736e-04
1.844775185214343424e-04
1.805114450346561065e-04
1.869139627789427019e-04
1.884876868991837591e-04
1.868086067322603577e-04
1.862787807731424903e-04
1.804949975383620092e-04
1.837833993003228398e-04
1.890872454764859815e-04
1.789692525980508342e-04
1.808079354917759549e-04
1.788821555967241438e-04
1.679044259179664743e-04
1.982078784155179990e-04
2.006192886807796371e-04
1.893634486063598601e-04
1.780327610354044330e-04
1.914860575680048227e-04
1.851045355317826649e-04
1.842386909049718315e-04
1.837178913640564483e-04
1.845136997120674753e-04
1.896641081514207131e-04
1.938901446875257158e-04
1.811105274771222079e-04
1.700196413421476154e-04
1.882380411510527760e-04
1.829757066567258539e-04
1.903774848565473914e-04
1.818402388820266344e-04
1.747909631498204225e-04
1.830994847834128113e-04
1.758945991552251966e-04
1.952806630971147203e-04
1.968723276402059900e-04
1.921615920052498270e-04
1.883693445940042357e-04
1.906901760775152040e-04
1.778825530570950230e-04
1.869955725130806659e-04
1.876280992910561577e-04
1.865557347811892678e-04
2.005254815879181261e-04
1.904334607926586390e-04
1.819438446670108443e-04
1.898453514347078416e-04
1.887169492078597064e-04
