1.773998364446046630e-03
2.379570196126081210e-03
2.613068943560985929e-03
2.727226848688187565e-03
2.790321221514804016e-03
2.840900161649993240e-03
2.908466432570434943e-03
2.947899428700800038e-03
2.960097649320908748e-03
2.934340669654321703e-03
2.953830786773206218e-03
2.977640712249618807e-03
2.956760948083842454e-03
3.015556583904543172e-03
3.046924794321357287e-03
3.004086678661013234e-03
3.026873940676181284e-03
3.009084973680651708e-03
3.011148472962329840e-03
2.992980866634601441e-03
3.029090609275171021e-03
3.035141791019068270e-03
3.054666389457053564e-03
3.071126775226575185e-03
3.055774940725305196e-03
3.037328564195599691e-03
2.992255998187746090e-03
2.997715202684272766e-03
2.990589186662247819e-03
3.015055028692932571e-03
3.046462254202013820e-03
3.005080599844998576e-03
2.969115447143519729e-03
3.011245197125517366e-03
3.049907100108682333e-03
3.033020296785403098e-03
3.039818236515216821e-03
3.030305696340486639e-03
3.117684779664301343e-03
3.069277502298920369e-03
3.020025007335802938e-03
3.064766322564938320e-03
3.133368259625517790e-03
3.108954333896230687e-03
2.971532613337411928e-03
3.022385073822458825e-03
3.098063946882575678e-03
3.034417338201513860e-03
3.014220700358340079e-03
3.053716551360847759e-03
3.051722145429518456e-03
3.146146235129985633e-03
3.133970947660246528e-03
3.066615981296612076e-03
3.181658777748404710e-03
3.161877417052746941e-03
3.182877486374609179e-03
3.100248045642999689e-03
3.120371260300898279e-03
3.044860614091218342e-03
3.103715749700815263e-03
3.106121223212060262e-03
3.078059302726265239e-03
3.160050678840811006e-03
3.102732245409006023e-03
2.988762827080870647e-03
3.292716207387062170e-03
3.101134658930273808e-03
3.179988676896139746e-03
3.135679907747580385e-03
3.313389475974001450e-03
3.123317161875930215e-03
3.266188283043447351e-03
3.218357717202034989e-03
3.066979245209527655e-03
3.166797024397245350e-03
3.146056114365662713e-03
3.199760310015424634e-03
3.140216420488815136e-03
3.199671715323937089e-03
3.162794095136900116e-03
3.104588299855844287e-03
3.260206005546246923e-03
3.175784368395463079e-03
3.013924386330273618e-03
3.249581299062706975e-03
3.176496633966725911e-03
3.148879822645802868e-03
3.217811876748232283e-03
3.173153554502412040e-03
3.208829137926304340e-03
3.174964203027375031e-03
3.125620102239260855e-03
3.161590121190223802e-03
3.216673329975972082e-03
3.090902391299473265e-03
3.269306642549105104e-03
3.226117447042000340e-03
3.241656918396258660e-03
3.265550779066162153e-03
3.094310561687180130e-03
3.193558858674975295e-03
3.287710496709245027e-03
3.338113219947529998e-03
3.198736890705888153e-03
3.294796323090615903e-03
3.228558771397016438e-03
3.262236953943107188e-03
3.197880199532162227e-03
3.125662043595012554e-03
3.309711046044117207e-03
3.376334922800551617e-03
3.287455995190612969e-03
3.198989535350034875e-03
3.204688058169427849e-03
3.257445865581972289e-03
3.190019493336846302e-03
3.309722554565479227e-03
3.287361404337992270e-03
3.225718517303566551e-03
3.234713849275176831e-03
3.191508181906506370e-03
3.205971803814541138e-03
3.212965066613263435e-03
3.254945636382959324e-03
3.207494091020874835e-03
3.184742864685191459e-03
3.366321693537521059e-03
3.248654568388205550e-03
3.375623883273010193e-03
3.197552465135878371e-03
3.433485677691018329e-03
3.242169826309004767e-03
3.232639013277572443e-03
3.314369468876820352e-03
3.231830457644728309e-03
3.242193668323085660e-03
3.379806956318082839e-03
3.266410111916146029e-03
3.505360396514999553e-03
3.181909437619690612e-03
3.253551343243509929e-03
3.291417850514404171e-03
3.409875001647639202e-03
3.293461111811154651e-03
3.206261067353130198e-03
3.188785693146109056e-03
3.501520286767278046e-03
3.289113706749022779e-03
3.175975864550460454e-03
3.199908184879366596e-03
3.168943599724753819e-03
3.093492857909132393e-03
3.415414095709161379e-03
3.337802235213925984e-03
3.150931496563986155e-03
3.310500230216898571e-03
3.241316999669839258e-03
3.249805985963262131e-03
3.325741053369852922e-03
3.248683721630763865e-03
3.338595072821568845e-03
3.262156612954004824e-03
3.542625052980520779e-03
3.410362309152429900e-03
3.282144608657880901e-03
3.236088803130573142e-03
3.028698404652831883e-03
3.566784803265346960e-03
3.291692918012944450e-03
3.332224799047048963e-03
3.383070224839480541e-03
3.465614767537299450e-03
3.332405712175921190e-03
3.260311323874714052e-03
3.308637726702419717e-03
3.623310949997453345e-03
3.209225974141683129e-03
3.376136172273744383e-03
3.186414794902234140e-03
3.329619282678749140e-03
3.219258035691101565e-03
3.230544726388907481e-03
3.383519153292440570e-03
3.455542690681915555e-03
3.263708923497737630e-03
3.275387210030164097e-03
3.319074587173104825e-03
3.085606175818824196e-03
3.285508241260548783e-03
3.595213075118135551e-03
3.273697194085248632e-03
3.285948648818345311e-03
3.347014339226022425e-03
3.342901035583236997e-03
3.275545899474238080e-03
3.313780569169125570e-03
3.235419792611765946e-03
3.311787480908654976e-03
3.525083047467989211e-03
3.339711872516676078e-03
3.399447425990985427e-03
3.174492970476442376e-03
3.322385929412891015e-03
3.412223917670216978e-03
3.321434615377760746e-03
3.267259185863126327e-03
3.235134726765277052e-03
3.413408726809167692e-03
3.185619898177332633e-03
3.304286574623607406e-03
3.110143844727069218e-03
3.456353414188135728e-03
3.245338678626611892e-03
3.286940250865787259e-03
3.164409439723279028e-03
3.147023076039312962e-03
3.322166616716427153e-03
3.139093666184916177e-03
3.430902452525559556e-03
3.374873747622274874e-03
3.184529807735504529e-03
3.389607171214054429e-03
3.270857585313321960e-03
3.403131809449314645e-03
3.363406978364151621e-03
3.241882789628462193e-03
3.189201086165138407e-03
3.254276654987955757e-03
3.447838762579446582e-03
3.581723668094780651e-03
3.350653119699828920e-03
3.486295012849841782e-03
3.293614954086488463e-03
3.443393238100710043e-03
3.218013251575300559e-03
3.449178967303967187e-03
3.590738883964673164e-03
3.284303100004995306e-03
3.437807769422479912e-03
3.445966819856519873e-03
3.438320497966958818e-03
3.206812939487997671e-03
3.419654747001988314e-03
3.653426433346605110e-03
3.095647964510801937e-03
3.446122816999096661e-03
3.487672904353847705e-03
3.476896303651911928e-03
3.484268921825684796e-03
