1.677054679995643215e-03
2.366821173993984440e-03
2.712254667558010920e-03
2.958557717330340640e-03
3.137473161144427227e-03
3.272546880430283675e-03
3.391753355201835348e-03
3.453135269083975559e-03
3.533363981186688624e-03
3.572851175961210164e-03
3.668824629122691226e-03
3.735247396030454223e-03
3.728583586545006299e-03
3.815118577257418236e-03
3.816095997783391317e-03
3.800352949742323311e-03
3.806884911204099550e-03
3.861611059161685136e-03
3.932004770874799986e-03
3.968348878483766648e-03
3.939727614953203449e-03
3.947991685979060535e-03
3.932728520653631238e-03
3.987716225525186724e-03
4.015862498695423749e-03
4.011256593594984300e-03
4.029316581236955068e-03
4.008344876958292065e-03
3.969203699022147598e-03
4.033311145799099717e-03
4.052683332589814696e-03
4.054918897791230485e-03
4.025005104443831958e-03
3.949156073848999506e-03
4.133049146041325485e-03
4.036516430095280113e-03
4.056404237656366374e-03
4.131220729662975558e-03
4.104135685240368862e-03
4.118436713266978959e-03
4.138097047143708511e-03
4.166706031388837765e-03
4.147069377580824869e-03
4.158238126276024224e-03
4.087043565700949899e-03
4.199496525067605325e-03
4.115302200903126102e-03
4.243051337338393618e-03
4.203392984504173736e-03
4.173444178940103298e-03
4.110736653108766972e-03
3.951855356295981211e-03
4.127210515373005636e-03
4.190728290588069567e-03
4.144374898898843529e-03
4.111520800974606538e-03
4.228477636163662998e-03
4.002307893339045186e-03
4.295446007168506747e-03
4.049955602802695828e-03
4.231514783105100319e-03
4.372137451616544407e-03
4.227656719845047061e-03
4.161025915446038038e-03
4.110348060294531300e-03
4.239060385993844750e-03
4.165394098973851898e-03
4.025902655266524674e-03
4.239991138242756898e-03
4.229081082249318453e-03
4.298049095279489126e-03
4.197963460359263599e-03
4.061714195512431888e-03
4.368741012871028666e-03
4.193034826835279061e-03
4.177464074084666877e-03
4.133881049328239250e-03
4.193480360766732758e-03
4.325991377155747990e-03
4.140814559585422744e-03
4.118560737721608904e-03
4.220841785374578221e-03
4.079277724103304303e-03
4.156676231467966963e-03
4.191048704283170147e-03
4.267077733016658853e-03
4.232597499395044684e-03
4.122144038365876777e-03
4.198151831480327091e-03
4.256960714440983541e-03
4.133146132349813269e-03
4.156691982102760780e-03
4.123528071764262504e-03
4.346053628992181152e-03
4.160713265998683928e-03
4.114692480774563045e-03
4.212709777301759662e-03
4.240196617276865802e-03
4.059281809147399778e-03
4.327355016534690027e-03
4.087724099067979559e-03
4.162341229547204119e-03
3.931795320537489861e-03
4.102980885583522308e-03
4.100050768054908784e-03
4.373623867469729823e-03
4.179135478513937296e-03
4.048264787171882567e-03
4.261925300614455812e-03
4.240448516170429276e-03
4.208842554222388434e-03
4.250938983340154208e-03
4.065634140772307267e-03
4.152188774643492813e-03
4.255703130476154623e-03
4.320062771782376236e-03
4.191727559974683069e-03
4.169870827842106498e-03
4.244190669189295238e-03
4.276227659605983181e-03
4.067986012422680070e-03
4.277679779389954862e-03
4.127357795261949944e-03
4.157657154597657091e-03
4.178414389610022282e-03
4.251857494652125195e-03
4.077625602584921717e-03
4.256977502074582760e-03
4.130826090364188991e-03
4.302914661904347869e-03
4.106947703730789469e-03
4.132864868056944016e-03
4.238752823061288540e-03
4.315986987199873885e-03
4.256275262134132445e-03
4.313838832631655858e-03
4.050195019823315222e-03
4.015619643009095407e-03
4.152999334176074933e-03
4.125910845367368115e-03
4.198906441014721783e-03
4.209318322321886283e-03
4.223413960208209465e-03
4.443785626543284711e-03
4.175719509663844593e-03
4.257265014447238205e-03
4.220168916536333643e-03
4.206407509702378075e-03
4.145526058572412617e-03
4.103221346250527160e-03
4.099860961357615352e-03
4.159860379264147465e-03
4.216607053774313815e-03
4.109390078234268981e-03
4.079353657443061769e-03
4.134503953458468738e-03
4.133552843355963596e-03
4.219140237973688194e-03
4.146322611916089876e-03
4.309005262324372594e-03
4.213815472313333504e-03
4.092807193024607972e-03
4.105784721066610410e-03
4.163622534812480395e-03
3.982578357241178986e-03
4.101099236654914826e-03
4.150734173863808441e-03
4.290216142521566939e-03
4.190668741858774755e-03
4.382275462485409924e-03
4.208971677842917800e-03
4.276626355555229742e-03
4.378889924017283219e-03
4.127096093677685637e-03
3.969680136692916271e-03
4.370129208321612939e-03
4.081049485242207314e-03
4.156731043626819486e-03
4.281435726953580767e-03
4.275204949982545216e-03
4.239117268442964617e-03
4.305124947432396008e-03
4.172018513912594331e-03
4.277774276218501009e-03
4.126969266678637803e-03
4.397964567318738728e-03
4.100982392557481725e-03
4.003479200425349820e-03
4.226212908661259107e-03
4.134582200031809186e-03
4.336079669300501802e-03
4.322408320680081253e-03
4.262004422428172963e-03
4.074247292867740934e-03
4.115993877217234698e-03
4.011346073456770016e-03
4.468003420434867382e-03
3.816356797013854569e-03
4.430608807755674790e-03
3.848528494196797132e-03
4.344089470543511036e-03
3.925622740928588587e-03
4.385879843740486846e-03
4.121903581803373386e-03
4.380041394261745095e-03
4.335083629510419478e-03
4.129587767794626156e-03
4.136420166463381301e-03
4.331308030552964532e-03
4.236090664722342788e-03
4.108243777317643550e-03
4.283855518530456895e-03
4.108171651901965440e-03
4.186514139167017874e-03
4.143196297664405309e-03
4.261754827784569599e-03
4.200814551326093917e-03
4.134866970182481290e-03
3.947375905720661160e-03
4.068295123584277778e-03
4.421291737513257866e-03
4.014174722046873374e-03
4.236286047770096604e-03
4.245191073012397065e-03
4.097353092741868631e-03
4.853260071958785150e-03
4.225822715603453836e-03
4.249083815227540709e-03
4.210820558822966735e-03
4.096058994211520046e-03
4.169557379420826305e-03
4.247660598155353698e-03
4.142588367187702986e-03
4.295849656646679761e-03
4.217047374758255487e-03
4.038141966369476928e-03
4.176711859050333091e-03
4.199850034723650802e-03
4.220013515037032877e-03
4.213101744182146807e-03
4.222600625447932993e-03
4.058092867762495663e-03
4.366176047426099764e-03
4.070277448656308902e-03
3.993792350917703231e-03
4.483919237228143652e-03
4.248321416160786602e-03
4.062606743595227783e-03
4.435179264686954677e-03
4.274174843397956884e-03
