1.488725823177554883e-05
1.534881133128382298e-05
1.539626347425709709e-05
1.543470869521535780e-05
1.535309554065707134e-05
1.545868285424725460e-05
1.546541706610358202e-05
1.573720596878140009e-05
1.570620745635202225e-05
1.557134059124885560e-05
1.552425056369629252e-05
1.554864041490591100e-05
1.557003683075590828e-05
1.584047012196766879e-05
1.564276028222065049e-05
1.579119277340165078e-05
1.581298083107576252e-05
1.567180660021381212e-05
1.552141850681094189e-05
1.549830283739436196e-05
1.581445601668839433e-05
1.572053947976144984e-05
1.560244921844041428e-05
1.620437957981343534e-05
1.585791354457474937e-05
1.576692189201618085e-05
1.595568677363544047e-05
1.590043321923369359e-05
1.550613913542478686e-05
1.569968358357081133e-05
1.551033266711327667e-05
1.571090476233301684e-05
1.542014804650330780e-05
1.608412466558733253e-05
1.535437959011455504e-05
1.554184888803397565e-05
1.609555411315828546e-05
1.550776649544255195e-05
1.618618847753783093e-05
1.505551486200408017e-05
1.551634171739815760e-05
1.612444201081404511e-05
1.539295826790823549e-05
1.571411982640675089e-05
1.536410723168294199e-05
1.626240539670550139e-05
1.574731535353982774e-05
1.607568410335293293e-05
1.563296247159283073e-05
1.531399030554297027e-05
1.577985243226682864e-05
1.513437210289183518e-05
1.579383973716223468e-05
1.557555858693973638e-05
1.586718870566755291e-05
1.568269087622269612e-05
1.571377162822901505e-05
1.559260210802407610e-05
1.523304616002717053e-05
1.596914859009364161e-05
1.577561986757865687e-05
1.568750860081944678e-05
1.571123043769539690e-05
1.530930196582851378e-05
1.618151521383879557e-05
1.599754813143048241e-05
1.628857801001996103e-05
1.510634733928316014e-05
1.523799128850604819e-05
1.561308586658013354e-05
1.520698688316872156e-05
1.535203768102262376e-05
1.577870248897919543e-05
1.610631005772264512e-05
1.529599823365948843e-05
1.542271670806170613e-05
1.599262984924153076e-05
1.556589492519329168e-05
1.522917133182639425e-05
1.570087814920575206e-05
1.563082566835970002e-05
1.530159892327202185e-05
1.588859891542978726e-05
1.536892555923659960e-05
1.513603932523098571e-05
1.624946902623902349e-05
1.499414928045347283e-05
1.515106662455120556e-05
1.516624772708482587e-05
1.548923557281933555e-05
1.482119449569404833e-05
1.487968583172638918e-05
1.577017540678819142e-05
1.532495519363063404e-05
1.547645645248366849e-05
1.541662550690712729e-05
1.457994249392234416e-05
1.482944680834266064e-05
1.499788157679550379e-05
1.531095138717890816e-05
1.497390772225761127e-05
1.520834552172345168e-05
1.436216752964405141e-05
1.519620923974748332e-05
1.478093354499453689e-05
1.535928610240507258e-05
1.489313491475217033e-05
1.531002478351452229e-05
1.473018825150343050e-05
1.592071800201766039e-05
1.478266523716055588e-05
1.551689199899352351e-05
1.497920787864025746e-05
1.590876960252175334e-05
1.564824279427812451e-05
1.486504202856997479e-05
1.554314532938458758e-05
1.527708720257730523e-05
1.492078510547518888e-05
1.505297622952670010e-05
1.579380133655440007e-05
1.454662351441534361e-05
1.474184445261710409e-05
1.532034017108621082e-05
1.534059130484047854e-05
1.510300854530822687e-05
1.486814047436676364e-05
1.521749273547673386e-05
1.467953808120257321e-05
1.414062450159677412e-05
1.470526299956596177e-05
1.567071168413819362e-05
1.524451704275644711e-05
1.531936337853439240e-05
1.493023821830816006e-05
1.505949502369862666e-05
1.559017207634951562e-05
1.487949144638873910e-05
1.378187222563678292e-05
1.427081618420271115e-05
1.507740003852960839e-05
1.563119388559837552e-05
1.548096234067958117e-05
1.487613293542962475e-05
1.570469565058376225e-05
1.545930395691778381e-05
1.497822665380332184e-05
1.455931076705032676e-05
1.601543799987743073e-05
1.543628847135620374e-05
1.527612122767821269e-05
1.517763455689373215e-05
1.530812219325527663e-05
1.526541922182281092e-05
1.583157804325084652e-05
1.550537525472780548e-05
1.471762666343390297e-05
1.456148253697527502e-05
1.526073182647402706e-05
1.526142601217770839e-05
1.490830249933329975e-05
1.492758262595465441e-05
1.478904260661645021e-05
1.496045402418221398e-05
1.432977427048650740e-05
1.538727949358241571e-05
1.473053538288308146e-05
1.440607756954738093e-05
1.548571919853072818e-05
1.526549656604738242e-05
1.484517004317004657e-05
1.464110044985166593e-05
1.323369747513529009e-05
1.416499588904896160e-05
1.502304928865484631e-05
1.484296269343626612e-05
1.522122930922899490e-05
1.536828567996103016e-05
1.513138252901571937e-05
1.460568593717604553e-05
1.476695003853726416e-05
1.426092800390026405e-05
1.499303971926749898e-05
1.483917015816212688e-05
1.406753244022793861e-05
1.528545978575527274e-05
1.527538988078084667e-05
1.479269884898776652e-05
1.417125356541701059e-05
1.498125082873439616e-05
1.488570347967473297e-05
1.587075314956808714e-05
1.489629456178650489e-05
1.493059444698385609e-05
1.531597181780157028e-05
1.489278232518663958e-05
1.413936237848136480e-05
1.440945454480088249e-05
1.361905453979845997e-05
1.369189336166781612e-05
1.353118871835400819e-05
1.446248717783322926e-05
1.377747490857827855e-05
1.360722641289286634e-05
1.529482716584635262e-05
1.575065862301314613e-05
1.488175355233828933e-05
1.537001705261470858e-05
1.496932555741565965e-05
1.537058704197969076e-05
1.576529152459771454e-05
1.469197735064173620e-05
1.415799351630554299e-05
1.419733624338318317e-05
1.500071502813011283e-05
1.365555373562984074e-05
1.430915161614653074e-05
1.540041332402659389e-05
1.380630795081478269e-05
1.482294057604714565e-05
1.524780026949515679e-05
1.445905323621524247e-05
1.355568170574737158e-05
1.453405313507759440e-05
1.527956052893781049e-05
1.510258544414656991e-05
1.504285879281682778e-05
1.458635341114759496e-05
1.465000854486244301e-05
1.477916489180518328e-05
1.452088882460933970e-05
1.552238803011286102e-05
1.516745292243437729e-05
1.530733629046412503e-05
1.513672118254877595e-05
1.485363810639454490e-05
1.361452077389236331e-05
1.384607315297674450e-05
1.437281756591849959e-05
1.378466024166966976e-05
1.538925844604947479e-05
1.439057281750797655e-05
1.412042510866275624e-05
1.540086013397310143e-05
1.443769663535446003e-05
1.459298608004678098e-05
1.491859010349779615e-05
1.544400671872060807e-05
1.421976542755669869e-05
1.361137651722552006e-05
