3.205284825182159666e-04
4.309780856165713880e-04
4.740300986154686691e-04
4.949228806965845235e-04
5.069157181396805696e-04
5.163046028760846480e-04
5.285532871838570642e-04
5.357753153157923014e-04
5.383194527315464731e-04
5.333440799549294450e-04
5.372975229556020563e-04
5.409699379450972180e-04
5.379203826809133247e-04
5.480694226938952803e-04
5.542630879428059668e-04
5.460255829469298815e-04
5.505591786320059413e-04
5.472333157529886936e-04
5.475689342150136295e-04
5.444558181287410814e-04
5.507553904936499968e-04
5.523375358024277832e-04
5.551209576442203090e-04
5.578111995587108811e-04
5.554187028872694526e-04
5.513424370421456588e-04
5.439928796315921531e-04
5.441868176129704884e-04
5.433731482686919101e-04
5.479069676418606497e-04
5.535888988832284160e-04
5.447214351675223150e-04
5.398451258605117429e-04
5.468062970493085947e-04
5.536791950539623032e-04
5.509153239699532065e-04
5.518211407431675283e-04
5.508173950529044469e-04
5.650364475522296403e-04
5.569950413631916423e-04
5.487599869692349726e-04
5.562210057546789323e-04
5.688779445374557040e-04
5.648242548339413955e-04
5.391412811777110316e-04
5.487283647721969944e-04
5.622584939767193883e-04
5.499053217768409049e-04
5.475776148404782728e-04
5.545502654471474524e-04
5.543721032885002816e-04
5.702829394805973475e-04
5.677075479829457811e-04
5.564543861621437746e-04
5.766594586888963096e-04
5.741221236781392798e-04
5.759915829985789732e-04
5.623503955255351565e-04
5.649931817447226409e-04
5.532011897639161875e-04
5.629724414881374060e-04
5.622424961611826840e-04
5.579883739036064659e-04
5.724561620305220790e-04
5.622083774551466960e-04
5.411762797318172289e-04
5.969381435054056748e-04
5.612163792035295947e-04
5.758239458240892346e-04
5.683949771171074470e-04
6.009283485029933130e-04
5.660443323635593396e-04
5.921843974294146214e-04
5.826436309483672138e-04
5.568086378758650831e-04
5.732042519283753060e-04
5.691760249095598884e-04
5.794567366715122061e-04
5.674241892278371422e-04
5.803401036390994083e-04
5.741539768158588752e-04
5.636680552059955074e-04
5.893292533727615551e-04
5.749900598406677355e-04
5.460845336937122279e-04
5.884104037368317669e-04
5.763541227321939331e-04
5.688609456179176535e-04
5.828051089318508860e-04
5.732930741915101417e-04
5.819806481975999327e-04
5.738397080386342664e-04
5.650439558260778906e-04
5.716123736149190471e-04
5.811723376411676543e-04
5.595672404948144564e-04
5.906515568275048748e-04
5.845342298536912538e-04
5.870127772871176286e-04
5.897963977690125681e-04
5.597748772643594333e-04
5.767848918173174759e-04
5.948605709934249664e-04
6.037251787867260354e-04
5.789954821607705198e-04
5.963051523925534279e-04
5.845231887319969231e-04
5.908292132824023365e-04
5.792103878994184565e-04
5.648518892402199822e-04
5.969621361780009855e-04
6.110101537900687260e-04
5.946538378762039655e-04
5.775716544630123519e-04
5.799856291444491956e-04
5.886755583764878260e-04
5.771374780578339067e-04
5.971095018044681683e-04
5.958855095988212485e-04
5.826037876728933865e-04
5.854670033403125071e-04
5.767927127690219893e-04
5.795823304177845315e-04
5.809069960173181670e-04
5.882855416920231830e-04
5.806462337075525343e-04
5.762958080906700059e-04
6.093982983077069144e-04
5.872028520345213805e-04
6.118166083960368358e-04
5.768001763587507708e-04
6.214180817583392401e-04
5.880054512582675750e-04
5.834816006178005637e-04
6.001236914966460089e-04
5.827217139714619418e-04
5.861583377151128541e-04
6.105313267509511520e-04
5.907846526296345931e-04
6.337211545198183403e-04
5.769412898163135033e-04
5.886268608424759415e-04
5.956884975869171242e-04
6.152976118958343498e-04
5.962909060994415426e-04
5.782539979600079608e-04
5.776323236145635472e-04
6.347455885674652002e-04
5.952225977692098512e-04
5.750680370289501953e-04
5.795442485336855815e-04
5.723514588887444092e-04
5.583506526399525981e-04
6.199362391305670954e-04
6.018138533666640960e-04
5.689600655165548285e-04
5.992603684748173953e-04
5.868375608447270976e-04
5.878402834593016678e-04
6.009352367291165937e-04
5.878584601498045665e-04
6.018532562017476009e-04
5.903718448199262716e-04
6.399020317606110954e-04
6.164307163351661571e-04
5.916404925691973920e-04
5.848278525955614288e-04
5.487414650510686687e-04
6.448733108924427750e-04
5.955048054782703009e-04
6.027269690780729305e-04
6.114804678349374228e-04
6.267699030939805679e-04
6.034575412331545999e-04
5.879759894738112837e-04
5.961607018665457695e-04
6.563308800934809480e-04
5.796041616519104472e-04
6.102348028027094811e-04
5.750102277811980226e-04
6.001092689434106564e-04
5.794381720257428710e-04
5.833700289674801547e-04
6.134986857194680513e-04
6.232097076828657612e-04
5.883424797260391114e-04
5.931083133624178967e-04
5.985090521766538380e-04
5.568763008680484511e-04
5.933627460303114763e-04
6.480192905455421648e-04
5.928782793726479787e-04
5.932472974443804125e-04
6.027286510423690699e-04
6.023117422971566983e-04
5.917004198915378974e-04
5.975925831959879014e-04
5.849977398599907332e-04
6.004880235503292632e-04
6.366104329621438034e-04
6.041889823453831755e-04
6.125968147900724085e-04
5.730068326625381309e-04
5.982857454255546652e-04
6.165560043819869442e-04
6.017693188537612562e-04
5.903969425622855767e-04
5.853004832565598470e-04
6.136034360316795127e-04
5.753870185545787840e-04
5.977598283721860658e-04
5.618409779857629852e-04
6.217195703697903130e-04
5.832695354438431016e-04
5.959516514673362944e-04
5.691036851493120165e-04
5.692015181163466745e-04
6.011893745331021435e-04
5.694178693311613242e-04
6.216167380488403244e-04
6.110643204646102819e-04
5.749023654372917205e-04
6.117561293553228693e-04
5.909721288353955238e-04
6.148908829037679890e-04
6.088290288958469456e-04
5.853005102606051143e-04
5.737682741347333590e-04
5.900570584825990316e-04
6.219559404660275279e-04
6.448844764262752494e-04
6.051733957997168685e-04
6.292326554652153845e-04
5.959267502832017640e-04
6.199505819117307956e-04
5.809382186201417653e-04
6.243528320099007555e-04
6.509219199186961746e-04
5.937266310596224592e-04
6.208335380318002073e-04
6.211747753922429796e-04
6.196390344108993224e-04
5.791113551749311247e-04
6.170098190328395567e-04
6.593170841724134814e-04
5.580469453902407858e-04
6.223367336676019577e-04
6.273559889081776900e-04
6.253449387111857227e-04
6.271932674790483067e-04
