3.441243679826626388e-04
4.757266004454818471e-04
5.406399580679495040e-04
5.875765273094393044e-04
6.206157550663511657e-04
6.470658667007873639e-04
6.683142554463842450e-04
6.807284123265170241e-04
6.955908115590367152e-04
7.021607707606348538e-04
7.221599149686236483e-04
7.354891464729396578e-04
7.302558606900660595e-04
7.495430321993880969e-04
7.505148346847972766e-04
7.512188492139242274e-04
7.543534194036350098e-04
7.606820879187138054e-04
7.721180984771508276e-04
7.800512819338403445e-04
7.767850067633624367e-04
7.787470608388239856e-04
7.797553000783121651e-04
7.816599806987848537e-04
7.928316153014837268e-04
7.887759409268068700e-04
8.024500781133777618e-04
7.861821650628228551e-04
7.827317573007242435e-04
7.959710821207509812e-04
8.003531012352621023e-04
7.922931723991879279e-04
7.882559823416686968e-04
7.792035032899441308e-04
8.135826571600403376e-04
8.023885258920373988e-04
8.031575610863739582e-04
8.115451244921236375e-04
8.090978323316322688e-04
8.180622239073822612e-04
8.174755258892150035e-04
8.291533436601535110e-04
8.238933700548785799e-04
8.166406499669980707e-04
8.031041581636328124e-04
8.281720129367038576e-04
8.144068801712743468e-04
8.344634382847502044e-04
8.303652949209263398e-04
8.305744458603714570e-04
8.136215325336084055e-04
7.775054887450395065e-04
8.148595960196146565e-04
8.223875204304784961e-04
8.185903377896593157e-04
8.111405222652586173e-04
8.367861055710890420e-04
7.856911737505972802e-04
8.392459269330948069e-04
8.045697794545942803e-04
8.375302187777325423e-04
8.570450515319459920e-04
8.303208889730566856e-04
8.283756218685176280e-04
8.260347227288316555e-04
8.351993783198922430e-04
8.295633342735684191e-04
7.928360161287765877e-04
8.373058274351561931e-04
8.555038839254239290e-04
8.569442387271249822e-04
8.211904241977284469e-04
8.202946866875289456e-04
8.731474442708191423e-04
8.279852354617704647e-04
8.319822813187393445e-04
8.146189622218887819e-04
8.276611835764410927e-04
8.586122889385884669e-04
8.232857593801579197e-04
8.161269230663833378e-04
8.437338248484676801e-04
8.155399630366869622e-04
8.162344551757800886e-04
8.381342335151621041e-04
8.375223177702544953e-04
8.273483748267395190e-04
8.143021528073812612e-04
8.245856927505346374e-04
8.365217994533531362e-04
8.169757750303907259e-04
8.258772871718186945e-04
8.209035135951332166e-04
8.514867357964003023e-04
8.230254920101382670e-04
8.077714918076236940e-04
8.272071083546669781e-04
8.252259904622065694e-04
7.945237290285689542e-04
8.431258510373277563e-04
7.886174363747490814e-04
8.272247058130690082e-04
7.775267636216843950e-04
8.259772300382943857e-04
8.250168642922374191e-04
8.781940072220906571e-04
8.261387786040553854e-04
8.074672139402414711e-04
8.351172003363860645e-04
8.239703708700832742e-04
8.219412286111174191e-04
8.419978061144355475e-04
8.063935389655620426e-04
8.242168341939756261e-04
8.227540258356482675e-04
8.474497669485223875e-04
8.278327303082394723e-04
8.306074743384770503e-04
8.407849648152332595e-04
8.351443759090772072e-04
8.264291992435789363e-04
8.444609683599523398e-04
8.079135820402093791e-04
8.175932942228013181e-04
8.334679476302509155e-04
8.415842451674556031e-04
8.198937558407199061e-04
8.416196048287433434e-04
8.132877432264554174e-04
8.506377625237551915e-04
8.194369751061340683e-04
8.185489284364419818e-04
8.323338923572061281e-04
8.421421424372514892e-04
8.443355153340044049e-04
8.479282330875993149e-04
7.849206652861639814e-04
8.051165935940544785e-04
8.355396124386307855e-04
8.237708389317622030e-04
8.214935877979452628e-04
8.211584636548234116e-04
8.446127920988210063e-04
8.590404741055962957e-04
8.359479698661823445e-04
8.378959894522808099e-04
8.256056733253912998e-04
8.341260859493601805e-04
8.142948735513338282e-04
8.311282960585440966e-04
8.114828395491651943e-04
8.132605895542837585e-04
8.495073689654230979e-04
8.408575294498355120e-04
7.940129310312806898e-04
8.182846071123993760e-04
8.096405183296879072e-04
8.251033736828650243e-04
8.096892080865973704e-04
8.529343932047599467e-04
8.153598149480939094e-04
8.098226346264694037e-04
8.151063630985911366e-04
8.237111221430245102e-04
8.114544057237791990e-04
7.977318125282408532e-04
8.129486349169694464e-04
8.505121401677864399e-04
8.376147820214384712e-04
8.566719586716230270e-04
8.348838141685101938e-04
8.341259482688692575e-04
8.645579317072815944e-04
8.075619698593588820e-04
7.943401310670077662e-04
8.567142793600023183e-04
8.055194246679581171e-04
8.391724661515666825e-04
8.648747342381731505e-04
8.631334709118217759e-04
8.548547171922616858e-04
8.270754442774553520e-04
8.258787238402497252e-04
8.452573079547238705e-04
8.128845536195011996e-04
8.774715414364737823e-04
8.148450223650553596e-04
7.684067498890431291e-04
8.386991354837475265e-04
8.122255386379518107e-04
8.665164322096022102e-04
8.751909903434797232e-04
8.217898329182204671e-04
8.261456584497982921e-04
8.274102957611804065e-04
7.870792380005872191e-04
8.806784730962298078e-04
7.645066517081603938e-04
8.798148287604518969e-04
7.936562077074350244e-04
8.512035004658299398e-04
7.961605593903254771e-04
8.907048971301994222e-04
8.303619994442441084e-04
8.891009138235597730e-04
8.492896359228093448e-04
8.129087796000867335e-04
8.321613930451949052e-04
8.480261197512883008e-04
8.506763393880201543e-04
8.235263636401471713e-04
8.600165386076452602e-04
8.186366654459551482e-04
8.308846515743395630e-04
8.387791242811703163e-04
8.462578864362051449e-04
8.251968180201380010e-04
8.356826140744847559e-04
7.878333105270854267e-04
7.950723039032857493e-04
8.898003181758647228e-04
8.061958159768233293e-04
8.609678826529047844e-04
8.420856760756295200e-04
8.273486285050540932e-04
9.519453468719394230e-04
8.620004184082532758e-04
8.479665420112256343e-04
8.378223916409325775e-04
8.089690600448851739e-04
8.172604015636061436e-04
8.341516645970220448e-04
8.435669068632816467e-04
8.581662166249144543e-04
8.342021232806451662e-04
8.025907238717753991e-04
8.308984869441200620e-04
8.445165615120975777e-04
8.529284200821738837e-04
8.428562207016986789e-04
8.376092379145915747e-04
8.085534206112346932e-04
8.782920040655893632e-04
8.388680145752123399e-04
7.971507363675366586e-04
8.865676101396300062e-04
8.493417569252341729e-04
8.006275280578220143e-04
8.679731341307562716e-04
8.411782090220951396e-04
