0           0           0
0.064633           0           0
0.129266           0           0
0.193899           0           0
0.258532           0           0
0.323165           0           0
0.387798           0           0
0.452431           0           0
0.517064           0           0
0.581697           0           0
0.64633           0           0
0.710963           0           0
0.775596           0           0
0.84023  0.00101776 0.000146146
0.904863    0.149182  0.00171248
0.969496     1.06044  0.00452259
1.03413     2.03413  0.00676247
1.09876     2.28221  0.00796105
1.16339     2.07842  0.00618235
1.22803     1.83411  0.00384281
1.29266     1.62151  0.00506778
1.35729     1.45185  0.00382215
1.42193     1.32726  0.00341796
1.48656     1.24978  0.00377145
1.55119     1.18888  0.00296326
1.61583     1.14204  0.00307213
1.68046     1.10921  0.00217555
1.74509     1.09202  0.00187074
1.80973     1.07411  0.00221565
1.87436     1.06561  0.00236067
1.93899     1.05823  0.00209248
2.00362      1.0578  0.00168218
2.06826     1.05944  0.00214737
2.13289     1.05208  0.00161176
2.19752     1.04565  0.00187055
2.26216     1.04113  0.00154393
2.32679     1.03846  0.00215973
2.39142     1.03069  0.00220638
2.45606     1.02657  0.00162653
2.52069     1.02047  0.00178192
2.58532     1.01727  0.00190646
2.64995     1.01081  0.00165271
2.71459     1.01201  0.00134979
2.77922     1.00637  0.00130249
2.84385     1.00381  0.00136165
2.90849     1.00351    0.001371
2.97312     1.00302  0.00149412
3.03775    0.999747  0.00148737
3.10239    0.998289  0.00121392
3.16702    0.998383  0.00105363
3.23165    0.994951  0.00146037
3.29629    0.995725  0.00127335
3.36092    0.995197 0.000875664
3.42555    0.995116 0.000962653
3.49018    0.992437  0.00105564
3.55482    0.994105  0.00102905
3.61945    0.992123  0.00110527
3.68408    0.990766  0.00113038
3.74872    0.990938 0.000967958
3.81335    0.989778   0.0010854
3.87798    0.990849  0.00127584
3.94262    0.990742 0.000985094
4.00725    0.988725 0.000679357
4.07188    0.988521 0.000839653
4.13651    0.989754  0.00113392
4.20115    0.986878 0.000930863
4.26578    0.987213 0.000876596
4.33041    0.987355 0.000460964
4.39505    0.986865 0.000887134
4.45968    0.987244 0.000459058
4.52431    0.987075 0.000718558
4.58895    0.986957  0.00106512
4.65358    0.987995 0.000735746
4.71821    0.986347  0.00121701
4.78285    0.987168 0.000881538
4.84748    0.986731 0.000990966
4.91211    0.986605 0.000773251
4.97674    0.986284  0.00085037
5.04138    0.986356 0.000697005
5.10601    0.985198 0.000610005
5.17064     0.98742 0.000590559
5.23528    0.986115 0.000460045
5.29991    0.987387 0.000612706
5.36454    0.987218 0.000881815
5.42918    0.985512 0.000761287
5.49381    0.986464 0.000768304
5.55844     0.98432 0.000756805
5.62307    0.985805 0.000584567
5.68771    0.986141 0.000787303
5.75234     0.98651 0.000806877
5.81697    0.985161 0.000584341
5.88161    0.986054 0.000576146
5.94624    0.985369 0.000645753
6.01087    0.985204 0.000448636
6.07551    0.985901 0.000678271
6.14014    0.985553 0.000452199
6.20477    0.985465  0.00052373
6.2694    0.986961 0.000615078
6.33404    0.986442 0.000857355
6.39867    0.984621 0.000576766
