0           0           0
0.0230664           0           0
0.0461329           0           0
0.0691993           0           0
0.0922657           0           0
0.115332           0           0
0.138399           0           0
0.161465           0           0
0.184531           0           0
0.207598           0           0
0.230664           0           0
0.253731           0           0
0.276797           0           0
0.299864           0           0
0.32293           0           0
0.345996           0           0
0.369063           0           0
0.392129           0           0
0.415196           0           0
0.438262           0           0
0.461329           0           0
0.484395           0           0
0.507461           0           0
0.530528           0           0
0.553594           0           0
0.576661           0           0
0.599727           0           0
0.622794           0           0
0.64586           0           0
0.668926           0           0
0.691993           0           0
0.715059           0           0
0.738126           0           0
0.761192           0           0
0.784259           0           0
0.807325           0           0
0.830391           0           0
0.853458           0           0
0.876524 9.08233e-05  2.0234e-05
0.899591  0.00341984 0.000106237
0.922657   0.0471931 0.000384711
0.945724    0.292312   0.0014848
0.96879     1.00329  0.00208163
0.991856     2.23698  0.00327581
1.01492     3.62773  0.00216707
1.03799     4.62022  0.00320297
1.06106     4.90063  0.00455582
1.08412     4.49234  0.00356146
1.10719     3.66353  0.00388784
1.13026     2.69561  0.00239531
1.15332     1.81691  0.00165665
1.17639     1.12679  0.00163049
1.19945    0.653285  0.00164483
1.22252    0.352266  0.00108972
1.24559    0.179458  0.00101123
1.26865   0.0882061  0.00055672
1.29172   0.0486004 0.000566998
1.31479   0.0417919 0.000466825
1.33785   0.0596014 0.000701781
1.36092    0.104581 0.000628853
1.38399    0.182061 0.000783885
1.40705    0.297691 0.000856627
1.43012    0.454284 0.000778468
1.45319    0.629334  0.00064932
1.47625    0.799061 0.000875374
1.49932     0.92417  0.00166303
1.52238    0.972058  0.00163373
1.54545    0.931375  0.00154088
1.56852    0.810113 0.000924088
1.59158    0.641047 0.000827624
1.61465    0.464875 0.000735616
1.63772    0.315276 0.000802123
1.66078    0.218013 0.000926744
1.68385    0.190553 0.000924008
1.70692    0.252811  0.00109346
1.72998    0.432284  0.00139497
1.75305    0.747273  0.00149977
1.77612      1.1964  0.00133437
1.79918      1.7271  0.00100382
1.82225     2.23672  0.00123906
1.84531      2.6005  0.00231694
1.86838     2.71907  0.00279969
1.89145     2.56134  0.00267837
1.91451     2.18322     0.00164
1.93758     1.68995  0.00166571
1.96065     1.19939 0.000854433
1.98371    0.800499  0.00137243
2.00678    0.539853  0.00152451
2.02985    0.431687  0.00145055
2.05291    0.458913  0.00123431
2.07598    0.585021 0.000953119
2.09905     0.75837 0.000551776
2.12211    0.918967  0.00058403
2.14518     1.01466 0.000892657
2.16824     1.02326 0.000955154
2.19131    0.921044 0.000886634
2.21438    0.780894 0.000844819
2.23744    0.652585  0.00070292
2.26051    0.569815  0.00115847
2.28358    0.570148  0.00135146
