-6.56917   0   1.12195   0   -5.44722   0   0.747966   0   
-6.61814   0.0489709   1.16856   0.0466061   -5.44959   0.0023648   0.779037   0.0310707   
-6.64843   0.0414326   1.19822   0.0400485   -5.45021   0.00150139   0.798812   0.026699   
-6.67835   0.0418759   1.22808   0.0411577   -5.45027   0.00106303   0.818723   0.0274384   
-6.64475   0.0467009   1.19497   0.0459642   -5.44978   0.000956616   0.796649   0.0306428   
-6.64206   0.0382263   1.1926   0.0376044   -5.44946   0.000846037   0.795069   0.0250696   
-6.65907   0.0365122   1.20916   0.0358346   -5.44991   0.000848556   0.806105   0.0238898   
-6.66685   0.0325639   1.21688   0.0319791   -5.44998   0.000737605   0.811251   0.0213194   
-6.6546   0.0312241   1.20482   0.0306713   -5.44978   0.000680479   0.803214   0.0204475   
-6.65215   0.0280346   1.20247   0.0275341   -5.44968   0.000615519   0.801644   0.0183561   
-6.65743   0.0259021   1.20765   0.0254388   -5.44978   0.000565394   0.805099   0.0169592   
-6.65336   0.0239928   1.20362   0.0235688   -5.44974   0.000517887   0.802415   0.0157125   
-6.6559   0.0222158   1.2061   0.0218211   -5.4498   0.000480603   0.804066   0.0145474   
-6.65894   0.0207908   1.209   0.0204097   -5.44994   0.0004651   0.806   0.0136064   
-6.65865   0.0193573   1.20892   0.0190005   -5.44974   0.000477791   0.805945   0.012667   
-6.65754   0.0181413   1.20796   0.0177991   -5.44958   0.000474223   0.805307   0.011866   
-6.65383   0.0174402   1.20436   0.0171032   -5.44947   0.00045824   0.802905   0.0114022   
-6.65817   0.0170067   1.20875   0.016712   -5.44942   0.000434553   0.805831   0.0111413   
-6.66136   0.0164006   1.21194   0.0161271   -5.44943   0.000411047   0.80796   0.0107514   
-6.66027   0.0155972   1.21074   0.0153468   -5.44954   0.00040579   0.807157   0.0102312   
-6.65781   0.0150394   1.20821   0.0148154   -5.4496   0.000391349   0.805471   0.0098769   
-6.66278   0.015177   1.2132   0.0149812   -5.44958   0.00037355   0.808797   0.00998745   
-6.65892   0.0150079   1.20942   0.0148034   -5.44949   0.000368688   0.806283   0.0098689   
-6.66365   0.0151285   1.21413   0.0149335   -5.44952   0.000354176   0.809419   0.00995566   
-6.66085   0.0147779   1.21127   0.0146059   -5.44958   0.000344968   0.807514   0.00973724   
-6.65807   0.0144678   1.20848   0.014307   -5.44959   0.000331504   0.805656   0.00953801   
-6.65775   0.0139254   1.20816   0.0137708   -5.44959   0.000319034   0.805438   0.00918056   
-6.65912   0.0134885   1.20953   0.0133411   -5.44959   0.000307528   0.806356   0.0088941   
-6.661   0.0131497   1.21139   0.013006   -5.44961   0.000297458   0.807593   0.00867068   
-6.65806   0.0130383   1.20851   0.0128896   -5.44955   0.000293504   0.805677   0.00859308   
-6.66289   0.0135043   1.21335   0.013371   -5.44954   0.000283888   0.808899   0.008914   
-6.66071   0.0132567   1.21117   0.013129   -5.44954   0.000274886   0.807444   0.00875264   
-6.66063   0.012849   1.2112   0.0127249   -5.44943   0.000287917   0.807464   0.00848329   
-6.65714   0.0129444   1.20772   0.0128257   -5.44942   0.000279517   0.805145   0.00855049   
-6.6578   0.0125862   1.20837   0.0124709   -5.44943   0.000271481   0.805578   0.0083139   
-6.65791   0.0122322   1.20851   0.0121203   -5.4494   0.000265105   0.805672   0.0080802   
-6.6569   0.0119395   1.20751   0.0118303   -5.44939   0.000258017   0.805007   0.00788686   
-6.65609   0.0116493   1.20666   0.0115464   -5.44944   0.000254772   0.804438   0.0076976   
-6.65972   0.0119132   1.2103   0.0118227   -5.44942   0.000248696   0.806869   0.00788183   
-6.65901   0.0116335   1.20969   0.0115397   -5.44932   0.000263134   0.80646   0.00769313   
-6.65796   0.0113941   1.20867   0.011301   -5.44929   0.000257535   0.805779   0.00753397   
-6.65631   0.0112423   1.20696   0.0111595   -5.44934   0.000255602   0.804643   0.00743967   
-6.65743   0.011035   1.20804   0.01095   -5.44939   0.000253499   0.805361   0.00730002   
-6.65863   0.0108479   1.20929   0.0107713   -5.44933   0.000252889   0.806196   0.00718087   
-6.65746   0.0106683   1.20819   0.0105871   -5.44927   0.00025498   0.805459   0.00705808   
-6.65577   0.0105693   1.20648   0.0104944   -5.44929   0.000250279   0.80432   0.00699626   
-6.65516   0.0103601   1.20588   0.0102863   -5.44928   0.000245132   0.803919   0.00685753   
-6.65662   0.010246   1.20734   0.0101756   -5.44927   0.000240107   0.804895   0.00678373   
-6.65668   0.0100349   1.20746   0.00996641   -5.44923   0.00024002   0.80497   0.00664427   
-6.65788   0.00990462   1.20862   0.00983484   -5.44925   0.000236647   0.80575   0.00655656   
-6.65694   0.00975319   1.20762   0.00969181   -5.44932   0.00024149   0.805083   0.00646121   
-6.65798   0.00961939   1.20855   0.00954859   -5.44943   0.000259836   0.8057   0.00636572   
-6.65975   0.00960155   1.2102   0.00951073   -5.44955   0.000284153   0.806799   0.00634048   
-6.659   0.00945231   1.20943   0.00936482   -5.44957   0.000279334   0.806285   0.00624321   
-6.65751   0.00939686   1.20795   0.00931068   -5.44956   0.000274348   0.805301   0.00620712   
-6.6575   0.00922755   1.20794   0.00914292   -5.44956   0.000269404   0.805291   0.00609528   
-6.65816   0.00908872   1.20858   0.00900406   -5.44958   0.00026574   0.80572   0.00600271   
-6.65891   0.00896182   1.20933   0.00887958   -5.44958   0.000261238   0.806223   0.00591972   
-6.65812   0.00884425   1.20859   0.00875951   -5.44953   0.000261272   0.805726   0.00583968   
-6.65747   0.00872006   1.20795   0.00863603   -5.44952   0.000257196   0.8053   0.00575735   
-6.65815   0.00860303   1.20863   0.00852054   -5.44952   0.000252949   0.805754   0.00568036   
-6.65777   0.00847163   1.20822   0.00839182   -5.44954   0.000250302   0.805483   0.00559455   
-6.65722   0.00835406   1.20769   0.00827486   -5.44953   0.000246631   0.805126   0.00551657   
-6.658   0.00825903   1.20844   0.0081789   -5.44956   0.000244252   0.805626   0.0054526   
-6.65799   0.00813098   1.20848   0.00805221   -5.44951   0.000245017   0.805655   0.00536814   
-6.65812   0.00800775   1.20865   0.00793102   -5.44947   0.000245444   0.805766   0.00528734   
-6.65773   0.00789652   1.2083   0.00781946   -5.44943   0.000244069   0.805534   0.00521297   
-6.65681   0.00783435   1.20739   0.00775709   -5.44942   0.00024098   0.804928   0.0051714   
-6.6585   0.0079038   1.20905   0.00782249   -5.44945   0.000239672   0.806036   0.00521499   
-6.65838   0.00779113   1.20897   0.00771043   -5.44941   0.000239685   0.805978   0.00514029   
-6.6566   0.0078835   1.20719   0.00780586   -5.44941   0.000236286   0.804793   0.00520391   
-6.65634   0.00777758   1.20694   0.00770076   -5.4494   0.000233166   0.804626   0.00513384   
-6.65726   0.00772503   1.20784   0.00764814   -5.44941   0.000230377   0.805229   0.00509876   
-6.65835   0.00769828   1.20893   0.00762145   -5.44943   0.000227579   0.805951   0.00508097   
-6.65811   0.00759876   1.20868   0.00752333   -5.44944   0.000224759   0.805784   0.00501555   
-6.65763   0.00751383   1.20821   0.00743808   -5.44941   0.000222992   0.805475   0.00495872   
-6.65747   0.00741723   1.20803   0.00734324   -5.44944   0.000222471   0.80535   0.0048955   
-6.65795   0.00733718   1.20852   0.00726564   -5.44942   0.000220487   0.805683   0.00484376   
-6.65703   0.00730237   1.20763   0.0072286   -5.4494   0.000219681   0.805087   0.00481906   
-6.65754   0.00722901   1.20813   0.00715532   -5.44941   0.000217399   0.805422   0.00477021   
-6.65811   0.0071615   1.20871   0.00708995   -5.4494   0.000215049   0.805806   0.00472663   
-6.65776   0.00708204   1.20836   0.00701164   -5.4494   0.000212445   0.805574   0.00467443   
-6.6578   0.0069963   1.20839   0.00692671   -5.44941   0.000209996   0.805594   0.00461781   
-6.65785   0.00691268   1.20841   0.00684377   -5.44944   0.000210134   0.805604   0.00456251   
-6.6589   0.00691095   1.20944   0.00684149   -5.44946   0.000208134   0.806294   0.00456099   
-6.65959   0.00686522   1.21013   0.00679647   -5.44946   0.000205749   0.806753   0.00453098   
-6.65916   0.00679945   1.20972   0.0067301   -5.44944   0.000204859   0.806483   0.00448674   
-6.65762   0.00689588   1.20822   0.00682052   -5.4494   0.000206129   0.805482   0.00454701   
-6.65791   0.00682429   1.20854   0.00675114   -5.44937   0.000205773   0.805696   0.00450076   
-6.65862   0.00678486   1.20924   0.00671144   -5.44938   0.000203974   0.806158   0.00447429   
-6.65765   0.00677998   1.20826   0.00670834   -5.44938   0.000201726   0.805508   0.00447223   
-6.65825   0.00673275   1.20886   0.00666186   -5.44939   0.000199553   0.805907   0.00444124   
-6.65786   0.00667106   1.20849   0.00660041   -5.44938   0.000197713   0.805658   0.00440027   
-6.65749   0.00661011   1.20818   0.00653705   -5.44931   0.000205581   0.805453   0.00435803   
-6.65717   0.00654814   1.20789   0.00647436   -5.44928   0.000206123   0.80526   0.00431624   
-6.65671   0.00649558   1.20746   0.0064211   -5.44926   0.000205359   0.804972   0.00428073   
-6.65766   0.00649749   1.2084   0.00642419   -5.44926   0.000203249   0.805601   0.00428279   
-6.65806   0.00644326   1.2088   0.00637081   -5.44926   0.000201165   0.805867   0.00424721   
-6.65767   0.00638983   1.20842   0.00631741   -5.44925   0.000199603   0.805615   0.00421161   
-6.65732   0.00633517   1.20811   0.00626184   -5.44921   0.000200336   0.805405   0.00417456   
