-6.69854   0   1.18338   0   -5.51516   0   0.788921   0   
-6.73403   0.0354879   1.21602   0.0326393   -5.51801   0.00284852   0.81068   0.0217596   
-6.73058   0.0207762   1.21218   0.0192317   -5.5184   0.00169194   0.80812   0.0128211   
-6.70697   0.0278122   1.18966   0.0263073   -5.51731   0.00162224   0.793107   0.0175382   
-6.70613   0.0215597   1.18966   0.0203776   -5.51646   0.00151408   0.793108   0.0135851   
-6.7091   0.0178525   1.19276   0.0169243   -5.51634   0.00124272   0.795174   0.0112828   
-6.69817   0.0186285   1.1825   0.0176033   -5.51567   0.00124304   0.788333   0.0117355   
-6.6962   0.0162523   1.18062   0.0153602   -5.51558   0.00108023   0.787081   0.0102401   
-6.69138   0.0151237   1.1759   0.0143449   -5.51548   0.000958591   0.783935   0.00956324   
-6.69456   0.0138962   1.17946   0.0133147   -5.5151   0.000936376   0.786307   0.00887644   
-6.69042   0.0132325   1.1753   0.0127417   -5.51512   0.000847327   0.783534   0.00849448   
-6.68896   0.0121683   1.17384   0.0117235   -5.51512   0.000773502   0.782557   0.00781567   
-6.6922   0.0116548   1.17726   0.0113159   -5.51494   0.000734137   0.784843   0.00754392   
-6.69209   0.0107908   1.17722   0.0104766   -5.51487   0.000683235   0.784816   0.00698437   
-6.68871   0.0106003   1.17403   0.0102614   -5.51468   0.000665029   0.78269   0.00684096   
-6.68575   0.0103488   1.17116   0.0100185   -5.51458   0.000628991   0.780777   0.00667903   
-6.69009   0.0106451   1.17546   0.0103459   -5.51462   0.000592188   0.783642   0.00689725   
-6.68746   0.010374   1.17291   0.010083   -5.51455   0.000562823   0.781939   0.00672202   
-6.68977   0.0100801   1.17518   0.0098045   -5.51459   0.000533443   0.783454   0.00653634   
-6.69168   0.00975298   1.17706   0.00949009   -5.51462   0.000507179   0.78471   0.00632673   
-6.69055   0.00934548   1.17599   0.00909053   -5.51456   0.000485653   0.783994   0.00606035   
-6.68689   0.00963512   1.1723   0.00942133   -5.51459   0.00046384   0.781532   0.00628089   
-6.6886   0.00936475   1.1741   0.00918139   -5.5145   0.000452407   0.782735   0.00612093   
-6.6912   0.00933418   1.17662   0.00914332   -5.51458   0.000440492   0.784411   0.00609554   
-6.68717   0.00981912   1.17263   0.00963356   -5.51453   0.00042495   0.781754   0.00642237   
-6.68621   0.00948259   1.17171   0.00930102   -5.51449   0.000410421   0.781142   0.00620068   
-6.68851   0.00941181   1.17389   0.00921199   -5.51462   0.000414399   0.782596   0.00614133   
-6.6887   0.00907143   1.17398   0.00887733   -5.51472   0.000412024   0.782655   0.00591822   
-6.68872   0.00875305   1.17406   0.0085661   -5.51466   0.000402495   0.782707   0.00571073   
-6.68796   0.0084903   1.1734   0.00830158   -5.51455   0.000402492   0.78227   0.00553438   
-6.6887   0.00824534   1.17418   0.0080662   -5.51452   0.000390309   0.782783   0.00537747   
-6.68817   0.00800122   1.17366   0.00782734   -5.51451   0.000378111   0.782437   0.00521823   
-6.6849   0.00841542   1.17042   0.0082481   -5.51448   0.000367799   0.780279   0.00549873   
-6.68737   0.00852911   1.17275   0.00833363   -5.51462   0.000383354   0.781831   0.00555575   
-6.69055   0.00887179   1.17582   0.00865488   -5.51473   0.000388423   0.783878   0.00576992   
-6.68915   0.00873419   1.17454   0.00850733   -5.51461   0.00039611   0.783027   0.00567156   
-6.68554   0.00923221   1.17095   0.00902057   -5.51459   0.000385918   0.780632   0.00601372   
-6.68497   0.0090039   1.17043   0.00879538   -5.51454   0.000378649   0.780285   0.00586359   
-6.68755   0.00914278   1.17301   0.00894778   -5.51454   0.000368814   0.782007   0.00596519   
-6.68859   0.00897144   1.17394   0.00877033   -5.51465   0.000376048   0.782625   0.00584688   
-6.68784   0.00878186   1.17314   0.00859048   -5.5147   0.00036951   0.782096   0.00572699   
-6.68795   0.00857088   1.17326   0.00838429   -5.51469   0.000360827   0.782175   0.00558953   
-6.68605   0.0085826   1.17127   0.00842587   -5.51478   0.000363665   0.780847   0.00561725   
-6.68813   0.00864093   1.17336   0.00849441   -5.51477   0.000355396   0.782243   0.00566294   
-6.68751   0.00847001   1.17273   0.00832795   -5.51478   0.000347554   0.781818   0.00555197   
-6.68898   0.00841333   1.17415   0.00826834   -5.51483   0.000343156   0.782767   0.00551223   
-6.68855   0.00824322   1.17371   0.00810261   -5.51485   0.000336377   0.782472   0.00540174   
-6.68818   0.00807844   1.17332   0.00794132   -5.51485   0.000329387   0.782216   0.00529421   
-6.68779   0.00792149   1.17292   0.00778825   -5.51487   0.000323064   0.781944   0.00519217   
-6.68577   0.00801804   1.17096   0.00787864   -5.51482   0.000320776   0.780637   0.00525243   
-6.68773   0.00809898   1.1729   0.00796374   -5.51483   0.000314619   0.781933   0.00530916   
-6.68831   0.00796311   1.17346   0.00782926   -5.51485   0.000309283   0.782308   0.00521951   
-6.68838   0.00781167   1.17346   0.00768012   -5.51492   0.000310413   0.782306   0.00512008   
-6.68786   0.00768314   1.17291   0.0075567   -5.51495   0.000306421   0.781939   0.0050378   
-6.68714   0.00757591   1.17221   0.00745121   -5.51494   0.000301041   0.78147   0.00496747   
-6.68736   0.00744254   1.17248   0.00732225   -5.51488   0.000302146   0.781656   0.0048815   
-6.68642   0.00737046   1.17154   0.00725377   -5.51488   0.000296824   0.78103   0.00483585   
-6.68767   0.007348   1.17274   0.00722751   -5.51492   0.000295039   0.781828   0.00481834   
-6.68799   0.00722954   1.17308   0.0071118   -5.51491   0.00029026   0.782051   0.0047412   
-6.68801   0.00710807   1.17309   0.00699227   -5.51492   0.00028567   0.782058   0.00466151   
-6.68797   0.00699067   1.17298   0.0068775   -5.51499   0.000288836   0.781987   0.004585   
-6.68742   0.00689934   1.17241   0.00679003   -5.51501   0.00028484   0.781604   0.00452669   
-6.68652   0.0068478   1.17153   0.00673907   -5.515   0.000280742   0.781018   0.00449271   
-6.68544   0.00682617   1.17043   0.00672341   -5.51501   0.000276897   0.780285   0.00448227   
-6.6865   0.00680268   1.17147   0.00670084   -5.51503   0.000272882   0.78098   0.00446722   
-6.6872   0.00673543   1.17215   0.00663358   -5.51505   0.000269476   0.781434   0.00442239   
-6.68734   0.00663561   1.17231   0.0065357   -5.51503   0.000265942   0.781538   0.00435713   
-6.68702   0.00654495   1.17204   0.0064445   -5.51498   0.000266185   0.781359   0.00429633   
-6.68605   0.00652145   1.17108   0.00642157   -5.51497   0.000262639   0.780723   0.00428105   
-6.68697   0.0064924   1.172   0.0063951   -5.51497   0.000258862   0.781334   0.0042634   
-6.6857   0.00652417   1.17074   0.00642873   -5.51496   0.000255285   0.780495   0.00428582   
-6.68625   0.00645575   1.1713   0.00636318   -5.51495   0.000252101   0.780866   0.00424212   
-6.68655   0.006374   1.17156   0.00628085   -5.51499   0.00025242   0.78104   0.00418723   
-6.68732   0.00633387   1.17231   0.00624075   -5.51501   0.000249484   0.781541   0.0041605   
-6.68757   0.00625395   1.17255   0.00616168   -5.51502   0.000246425   0.781701   0.00410779   
-6.68689   0.00620875   1.17185   0.00612069   -5.51504   0.000244105   0.781232   0.00408046   
-6.68665   0.00613238   1.17161   0.00604541   -5.51504   0.000240939   0.781073   0.00403027   
-6.68621   0.00606923   1.17121   0.00598039   -5.51499   0.000242263   0.78081   0.00398693   
-6.6867   0.00601197   1.1717   0.00592372   -5.515   0.000239401   0.78113   0.00394914   
-6.68664   0.00593658   1.17166   0.00584928   -5.51498   0.000237405   0.78111   0.00389952   
-6.68655   0.00586352   1.17157   0.00577748   -5.51499   0.00023466   0.781043   0.00385165   
-6.68822   0.00602778   1.17322   0.00594148   -5.51501   0.000232388   0.782146   0.00396098   
-6.68771   0.00597703   1.17269   0.00589309   -5.51502   0.000229846   0.781795   0.00392872   
-6.68755   0.00590758   1.17257   0.00582377   -5.51498   0.000230178   0.781714   0.00388251   
-6.6866   0.00591501   1.17167   0.00582427   -5.51492   0.000234464   0.781116   0.00388284   
-6.68686   0.00585167   1.17195   0.00576254   -5.51491   0.000231936   0.781297   0.00384169   
-6.68622   0.00581945   1.17127   0.00573572   -5.51495   0.000231678   0.780847   0.00382382   
-6.68673   0.00577572   1.17175   0.00569068   -5.51498   0.000230956   0.781169   0.00379379   
-6.68715   0.00572561   1.17222   0.00564533   -5.51493   0.000232907   0.781477   0.00376355   
-6.68731   0.00566401   1.17241   0.00558559   -5.5149   0.00023217   0.781606   0.00372373   
-6.6869   0.00561607   1.17202   0.00553761   -5.51488   0.000230132   0.781346   0.00369174   
-6.6855   0.0057305   1.17064   0.00564928   -5.51486   0.000228925   0.780423   0.00376618   
-6.68675   0.0058052   1.17189   0.00572734   -5.51486   0.000226466   0.78126   0.00381823   
-6.6875   0.00579215   1.17262   0.00571353   -5.51487   0.000224714   0.78175   0.00380902   
-6.68676   0.00577846   1.1719   0.00569973   -5.51486   0.00022268   0.781265   0.00379982   
-6.68634   0.0057333   1.17148   0.00565565   -5.51486   0.000220349   0.780985   0.00377044   
-6.68681   0.00569341   1.17194   0.00561612   -5.51487   0.000218238   0.781293   0.00374408   
-6.68742   0.00566791   1.17253   0.00558985   -5.51489   0.00021681   0.781687   0.00372657   
-6.68678   0.00564738   1.1719   0.00556931   -5.51488   0.000214914   0.781264   0.00371287   
-6.68624   0.00561589   1.17138   0.0055377   -5.51487   0.000213163   0.780918   0.0036918   
