-4.97592   0   1.68318   0   -3.29275   0   1.12212   0   
-4.99858   0.0226549   1.7061   0.0229268   -3.29248   0.000271823   1.1374   0.0152845   
-5.00903   0.016745   1.71593   0.0164846   -3.29311   0.000649547   1.14395   0.0109897   
-5.01224   0.0122658   1.71986   0.0123004   -3.29238   0.000859102   1.14657   0.00820024   
-5.02275   0.0141727   1.73065   0.0143971   -3.2921   0.000720797   1.15377   0.00959807   
-5.02716   0.012383   1.73475   0.0124502   -3.29241   0.000663537   1.1565   0.00830011   
-5.01795   0.0139436   1.72523   0.0141933   -3.29272   0.000641428   1.15015   0.00946221   
-5.00863   0.0152541   1.7157   0.0155501   -3.29293   0.00059186   1.1438   0.0103667   
-5.01236   0.0139609   1.71927   0.0141697   -3.29309   0.000547992   1.14618   0.00944649   
-5.02114   0.0152681   1.72805   0.0154214   -3.29309   0.000490139   1.15203   0.010281   
-5.02548   0.0144748   1.73257   0.0146621   -3.29291   0.000479056   1.15505   0.00977471   
-5.02374   0.013327   1.73063   0.0135241   -3.29311   0.000482146   1.15375   0.00901609   
-5.02004   0.0128057   1.72669   0.0130509   -3.29336   0.00050591   1.15112   0.00870062   
-5.00645   0.0180348   1.71296   0.0182862   -3.29349   0.000487548   1.14197   0.0121908   
-5.00429   0.0169284   1.71066   0.0171783   -3.29363   0.000473788   1.14044   0.0114522   
-5.00589   0.0159156   1.71217   0.01614   -3.29371   0.000451246   1.14145   0.01076   
-5.00885   0.0152416   1.71516   0.0154529   -3.29369   0.000424535   1.14344   0.010302   
-5.00205   0.0159002   1.70836   0.0160785   -3.29369   0.000400283   1.13891   0.010719   
-4.99903   0.0153388   1.70529   0.0155154   -3.29374   0.000382901   1.13686   0.0103436   
-4.9954   0.0149977   1.70158   0.0151812   -3.29383   0.000373375   1.13438   0.0101208   
-5.00113   0.0153702   1.70726   0.0155204   -3.29386   0.00035664   1.13818   0.0103469   
-5.00046   0.0146699   1.70659   0.0148133   -3.29387   0.000340128   1.13773   0.00987553   
-5.0017   0.0140725   1.7078   0.014206   -3.2939   0.000326864   1.13853   0.00947064   
-5.00079   0.0135046   1.707   0.0136246   -3.29378   0.000334977   1.138   0.00908305   
-4.99992   0.0129821   1.70616   0.0130956   -3.29376   0.000321944   1.13744   0.0087304   
-5.00376   0.0130506   1.70993   0.0131368   -3.29383   0.000315572   1.13996   0.00875784   
-5.00122   0.0128131   1.70739   0.0128934   -3.29382   0.000303698   1.13826   0.00859558   
-4.99893   0.0125566   1.70507   0.0126397   -3.29386   0.000295154   1.13671   0.00842648   
-4.99868   0.0121184   1.70482   0.0121987   -3.29386   0.000284806   1.13655   0.00813244   
-4.9989   0.0117096   1.70507   0.0117877   -3.29383   0.000276958   1.13672   0.00785848   
-4.99901   0.0113261   1.70526   0.0114027   -3.29375   0.000280735   1.13684   0.00760179   
-5.0018   0.0113161   1.70806   0.01139   -3.29374   0.000271943   1.13871   0.00759333   
-5.0036   0.0111142   1.70984   0.0111818   -3.29376   0.000264266   1.13989   0.00745454   
-5.00303   0.0107972   1.70923   0.0108649   -3.2938   0.000259455   1.13949   0.00724327   
-4.99956   0.0110436   1.70572   0.0111177   -3.29384   0.000254688   1.13715   0.0074118   
-4.99671   0.0111038   1.70292   0.0111635   -3.2938   0.000250612   1.13528   0.00744231   
-4.99738   0.01082   1.70359   0.0108785   -3.29379   0.000243934   1.13573   0.00725234   
-4.99347   0.0112338   1.69971   0.0112762   -3.29375   0.000239576   1.13314   0.0075175   
-4.99117   0.0111796   1.69745   0.011214   -3.29372   0.000235211   1.13163   0.00747602   
-4.99104   0.0108974   1.69746   0.0109301   -3.29358   0.000273138   1.13164   0.00728673   
-4.99092   0.0106289   1.69742   0.0106602   -3.2935   0.000277762   1.13162   0.00710683   
-4.9894   0.0104842   1.69597   0.010505   -3.29343   0.000279116   1.13064   0.00700331   
-4.98974   0.0102433   1.69628   0.0102627   -3.29346   0.00027398   1.13086   0.00684177   
-4.98991   0.0100091   1.69647   0.0100285   -3.29344   0.00026867   1.13098   0.00668566   
-4.98844   0.00989419   1.69502   0.00990977   -3.29341   0.000263497   1.13002   0.00660651   
-4.98806   0.0096839   1.69463   0.00970006   -3.29344   0.000258777   1.12975   0.0064667   
-4.98774   0.00948122   1.69423   0.00949972   -3.29351   0.00026305   1.12949   0.00633315   
-4.98793   0.00928358   1.69437   0.00930081   -3.29356   0.000262044   1.12958   0.00620054   
-4.98793   0.00909214   1.69439   0.00910904   -3.29354   0.000257043   1.12959   0.00607269   
-4.99082   0.00936285   1.69723   0.00936642   -3.29358   0.000254993   1.13149   0.00624428   
-4.99132   0.00919139   1.69769   0.00919238   -3.29363   0.000254461   1.13179   0.00612825   
-4.99084   0.00902595   1.69724   0.00902492   -3.29359   0.000252535   1.1315   0.00601661   
-4.99053   0.00885937   1.69698   0.00885683   -3.29354   0.000252227   1.13132   0.00590456   
-4.98993   0.00871407   1.6964   0.00871111   -3.29354   0.00024761   1.13093   0.00580741   
-4.9898   0.00855526   1.69625   0.00855247   -3.29355   0.000243172   1.13083   0.00570165   
-4.99044   0.0084255   1.69688   0.00842159   -3.29356   0.000239305   1.13125   0.00561439   
-4.98991   0.00829341   1.69639   0.00828686   -3.29352   0.000239215   1.13093   0.00552457   
-4.9894   0.00816479   1.69593   0.00815558   -3.29347   0.000239751   1.13062   0.00543705   
-4.98941   0.00802521   1.69596   0.0080162   -3.29345   0.000236564   1.13064   0.00534413   
-4.98871   0.00792145   1.69526   0.00791201   -3.29344   0.00023269   1.13018   0.00527467   
-4.98848   0.00779367   1.69508   0.00778343   -3.2934   0.000231761   1.13005   0.00518895   
-4.98806   0.00767867   1.6947   0.00766639   -3.29336   0.000231864   1.1298   0.00511093   
-4.98818   0.00755675   1.69488   0.00754604   -3.2933   0.000237865   1.12992   0.00503069   
-4.98822   0.00743783   1.69499   0.00742799   -3.29322   0.000244706   1.12999   0.004952   
-4.98675   0.00746797   1.69356   0.00745183   -3.29319   0.000243322   1.12904   0.00496789   
-4.9883   0.0075166   1.69515   0.0075077   -3.29316   0.000241705   1.1301   0.00500514   
-4.98845   0.00740499   1.69533   0.00739704   -3.29312   0.000240827   1.13022   0.00493136   
-4.98806   0.00730553   1.69498   0.00729596   -3.29309   0.000239707   1.12998   0.00486398   
-4.98869   0.00722622   1.6956   0.00721669   -3.29309   0.000236214   1.1304   0.00481113   
-4.99023   0.00728571   1.69713   0.00727514   -3.2931   0.000232909   1.13142   0.00485009   
-4.98904   0.00728021   1.696   0.00726112   -3.29304   0.00023611   1.13066   0.00484075   
-4.98961   0.00720087   1.69658   0.00718356   -3.29302   0.000233503   1.13105   0.00478904   
-4.98868   0.00716147   1.69568   0.00714154   -3.293   0.000231481   1.13045   0.00476102   
-4.98876   0.00706453   1.69578   0.00704506   -3.29298   0.000228836   1.13052   0.0046967   
-4.98986   0.00705473   1.69687   0.00703621   -3.29298   0.000225782   1.13125   0.0046908   
-4.99009   0.00696516   1.6971   0.00694677   -3.29298   0.000222817   1.1314   0.00463118   
-4.99014   0.00687428   1.69715   0.00685613   -3.29298   0.000219905   1.13143   0.00457076   
-4.99075   0.0068132   1.69774   0.00679342   -3.29301   0.000218177   1.13183   0.00452895   
-4.99112   0.00673644   1.69808   0.00671517   -3.29304   0.000218041   1.13205   0.00447678   
-4.99215   0.00673218   1.69909   0.00670768   -3.29306   0.000216687   1.13273   0.00447179   
-4.99219   0.00664862   1.69911   0.00662438   -3.29308   0.00021458   1.13274   0.00441625   
-4.99298   0.00661516   1.6999   0.00659136   -3.29308   0.000211947   1.13327   0.00439424   
-4.99378   0.00658373   1.70072   0.00656258   -3.29306   0.000210135   1.13381   0.00437506   
-4.99388   0.00650557   1.70082   0.00648476   -3.29306   0.000207684   1.13388   0.00432318   
-4.99352   0.00643858   1.70043   0.00641971   -3.29309   0.000207206   1.13362   0.0042798   
-4.99376   0.00636773   1.70065   0.00634842   -3.29311   0.000205629   1.13377   0.00423228   
-4.99416   0.00630705   1.70103   0.00628643   -3.29313   0.000204835   1.13402   0.00419095   
-4.9947   0.00625793   1.70153   0.00623423   -3.29317   0.000206594   1.13435   0.00415615   
-4.99404   0.00622221   1.70085   0.0062012   -3.29319   0.000205363   1.1339   0.00413414   
-4.99341   0.00618492   1.70023   0.00616234   -3.29317   0.000203961   1.13349   0.00410823   
-4.99228   0.00621887   1.69913   0.00619403   -3.29316   0.000202341   1.13275   0.00412935   
-4.99234   0.00615119   1.69917   0.00612646   -3.29318   0.000201144   1.13278   0.0040843   
-4.9926   0.00609014   1.69942   0.00606556   -3.29318   0.000198994   1.13295   0.00404371   
-4.99135   0.00615348   1.69818   0.00612792   -3.29317   0.000197056   1.13212   0.00408528   
-4.99054   0.00614193   1.69739   0.00611426   -3.29315   0.000195978   1.13159   0.00407617   
-4.99075   0.00608129   1.69763   0.00605513   -3.29312   0.000196549   1.13175   0.00403675   
-4.99179   0.00610738   1.69866   0.00608016   -3.29313   0.00019477   1.13244   0.00405344   
-4.99179   0.00604473   1.69864   0.00601783   -3.29315   0.000193623   1.13243   0.00401189   
-4.99273   0.00605741   1.69957   0.00602807   -3.29317   0.000192658   1.13304   0.00401871   
-4.99295   0.00600042   1.69976   0.00597052   -3.29319   0.000192466   1.13317   0.00398034   
