0.9
0.900157
0.900634
0.901465
0.902705
0.904437
0.906799
0.910023
0.914498
0.920902
0.930434
0.944916
0.96299
0.954881
0.979265
1.00096
1.01896
1.00834
1.02162
1.04756
1.04748
1.06099
1.06384
1.06735
1.07692
1.07457
1.07968
1.07157
1.09065
1.07065
1.09467
1.06042
1.09024
1.10001
1.09526
1.06031
1.0727
1.08508
1.06989
1.08835
1.07505
1.04451
1.05609
1.07309
1.07167
1.05442
1.05805
1.08117
1.07576
1.07228
1.05128
1.06081
1.06386
1.07428
1.07486
1.06337
1.0585
1.07316
1.06717
1.05917
1.06784
1.07152
1.04882
1.06943
1.07532
1.05602
1.04867
1.0573
1.05488
1.06086
1.05305
1.05515
1.05523
1.03861
1.0449
1.04938
1.05322
1.06302
1.07303
1.0645
1.07838
1.08523
1.09283
1.09825
1.10449
1.10229
1.09177
1.12954
1.12537
1.10809
1.1319
1.12013
1.14598
1.13986
1.14194
1.14654
1.10297
1.13498
1.12676
1.12232
0.89987
0.895409
0.893387
0.880167
0.87555
0.874467
0.876153
0.887989
0.889747
0.867704
0.852872
0.873034
0.885065
0.876337
0.869646
0.8928
0.887465
0.859177
0.884499
0.899971
0.888293
0.871113
0.871231
0.873418
0.892049
0.880042
0.872874
0.872521
0.883573
0.887803
0.875539
0.893081
0.895551
0.889925
0.899091
0.893581
0.90935
0.910572
0.917809
0.922997
0.894978
0.921279
0.92361
0.941263
0.96486
0.955647
0.962887
0.960919
0.96514
0.95136
0.952035
0.947621
0.950873
0.96692
0.937992
0.937666
0.954976
0.945316
0.945224
0.938387
0.929757
0.933008
0.929819
0.927894
0.907296
0.921306
0.94717
0.920493
0.922118
0.935099
0.950856
0.938109
0.936886
0.965514
0.941849
0.951485
0.959105
0.94253
0.921419
0.93559
0.937015
0.916653
0.91775
0.907436
0.911274
0.914251
0.933873
0.92082
0.919073
0.927873
0.947023
0.955681
0.95826
0.985272
0.953568
0.990592
0.998022
0.998408
0.992638
0.985741
1.19989
1.21124
1.20105
1.21126
1.18452
1.19483
1.1726
1.16251
1.18812
1.17957
1.16753
1.13396
1.16553
1.16273
1.12897
1.15367
1.1359
1.12686
1.13131
1.12719
1.12491
1.12162
1.11458
1.12099
1.12474
1.12079
1.1229
1.13625
1.12609
1.11906
1.14286
1.15837
1.15624
1.15407
1.1638
1.14694
1.13025
1.15246
1.1263
1.15154
1.1473
1.13809
1.15924
1.17135
1.16884
1.14538
1.14434
1.19838
1.19933
1.18623
1.19012
1.17835
1.18052
1.19147
1.18727
1.16445
1.17713
1.17547
1.16812
1.17417
1.15543
1.18874
1.19469
1.17956
1.17814
1.21287
1.20728
1.18119
1.17941
1.18704
1.21397
1.21081
1.17208
1.16621
1.18751
1.17218
1.18805
1.19327
1.19885
1.16863
1.19036
1.20747
1.23896
1.19306
1.22525
1.23758
1.23448
1.22903
1.24443
1.2407
1.22589
1.23001
1.20218
1.24541
1.23114
1.24312
1.23342
1.18761
1.24241
1.24417
1.19964
1.19232
1.18956
1.17016
1.1849
1.17234
1.19801
1.18904
1.18395
1.17987
1.17904
1.18496
1.1794
1.15719
1.18432
1.17475
1.16281
1.165
1.16759
1.16743
1.18018
1.17841
1.16847
1.13106
1.17541
1.17642
1.15557
1.16013
1.1646
1.17232
1.1749
1.14181
1.19668
1.19977
1.13978
1.16932
1.18952
1.18645
1.19012
1.1922
1.18036
1.16127
1.17558
1.18204
1.19225
1.17015
1.17636
1.18849
1.18331
1.19989
1.20803
1.22002
1.23219
1.25157
1.24371
1.23282
1.26665
1.26716
1.25828
1.2475
1.25956
1.22871
1.23705
1.25081
1.21313
1.21911
1.19204
1.19712
1.20072
1.18259
1.17113
1.15987
1.12955
1.15885
1.15584
1.15879
1.17322
1.15152
1.13776
1.16253
1.16524
1.15803
1.13548
1.14503
1.15174
1.14484
1.14129
1.14597
1.13152
1.13706
1.11976
1.12838
1.12472
1.11693
1.11448
1.10596
1.0978
1.0944
1.0878
1.08704
1.19997
1.21935
1.22157
1.21432
1.21092
1.21856
1.21002
1.21263
1.19917
1.20518
1.20233
1.19638
1.18398
1.19137
1.2041
1.21225
1.21513
1.2228
1.19182
1.22175
1.23876
1.23243
1.23359
1.23218
1.23084
1.19887
1.21408
1.21576
1.2091
1.20136
1.18483
1.20569
1.19417
1.20273
1.22202
1.21012
1.17717
1.22567
1.23405
1.23503
1.22268
1.22884
1.2299
1.23605
1.21886
1.21765
1.22803
1.21179
1.20489
1.18189
1.19826
1.20386
1.20227
1.1931
1.186
1.2058
1.21173
1.18294
1.21681
1.21583
1.21241
1.19578
1.21794
1.23326
1.23925
1.23636
1.23843
1.24711
1.23241
1.23803
1.24533
1.23622
1.21828
1.23643
1.23157
1.22671
1.23164
1.23988
1.21381
1.21348
1.26597
1.25623
1.2364
1.22789
1.25291
1.24047
1.25506
1.24523
1.24458
1.23916
1.22065
1.22092
1.22169
1.23885
1.2275
1.19896
1.22422
1.22033
1.23227
1.23345
1.20004
1.19673
1.21793
1.21875
1.23033
1.23014
1.20794
1.24205
1.258
1.24495
1.27086
1.27173
1.28692
1.27464
1.27436
1.28849
1.2726
1.29954
1.28444
1.29798
1.30083
1.27381
1.2694
1.27401
1.26386
1.26598
1.26906
1.2699
1.25692
1.23851
1.27265
1.26469
1.25999
1.25071
1.26029
1.25961
1.24339
1.2332
1.2336
1.2275
1.21561
1.19732
1.19687
1.19583
1.18482
1.19242
1.20429
1.20321
1.19663
1.23136
1.22893
1.20669
1.2392
1.2392
1.2153
1.22754
1.23324
1.23963
1.24641
1.23114
1.19375
1.22243
1.23711
1.23666
1.24101
1.25181
1.25224
1.21639
1.24786
1.27219
1.22222
1.2676
1.22608
1.25182
1.25323
1.25671
1.23468
1.24529
1.23205
1.23673
1.22793
1.24239
1.23169
1.2275
1.23534
1.2277
1.21013
1.20099
1.21984
1.22748
1.22713
1.22802
1.21284
1.2029
1.18471
1.20224
1.20186
1.1875
1.18698
1.18317
1.17882
1.17632
1.17218
1.18504
1.20088
1.19966
1.20785
1.21946
1.20882
1.2093
1.23339
1.23057
1.22714
1.22287
1.21812
1.22363
1.21066
1.20489
1.20853
1.17999
1.19148
1.18203
1.19616
1.1958
1.19006
1.16267
1.18535
1.20348
1.19912
1.19367
1.20425
1.20687
1.18955
1.18962
1.19334
1.20098
1.19393
1.18628
1.18886
1.204
1.21062
1.20612
1.2113
1.19787
1.16285
1.20371
1.20902
1.19139
1.18092
1.19283
1.16602
1.165
1.1795
1.18353
1.18655
1.16939
1.1768
1.17087
1.16944
1.16808
1.16662
1.17742
1.1857
1.15996
1.14943
1.17775
1.18538
1.16914
1.17691
1.18547
1.18246
1.15161
1.18095
1.1861
1.17792
1.18776
1.19252
1.18745
1.15341
1.19399
1.20427
1.2178
1.19944
1.20477
1.19942
1.18767
1.20026
1.21281
1.21335
1.20469
1.21221
1.21951
1.18538
1.19176
1.20112
1.18198
1.17962
1.18262
1.17705
1.17326
1.17135
1.14146
1.16522
1.17731
1.17399
1.16851
1.18014
1.18723
1.15578
1.175
1.14005
1.17839
1.18789
1.18929
1.17475
1.1874
1.19486
1.17934
1.15186
1.18473
1.1859
1.16904
1.16715
1.16221
1.15237
1.1704
1.17101
1.15669
1.17655
1.19362
1.17711
1.17589
1.20134
1.22032
1.20407
1.20708
1.19113
1.18893
1.21171
1.21736
1.2126
1.193
1.17722
1.19621
1.19783
1.195
1.20217
1.20798
1.17082
1.19656
1.16561
1.16045
1.1968
1.18903
1.16518
1.17524
1.1827
1.18323
1.19345
1.21027
1.19826
1.20199
1.21683
1.22097
1.2183
1.20211
1.21401
1.23608
1.23297
1.21931
1.2262
1.23192
1.22438
1.22434
1.2333
1.20538
1.2298
1.22908
1.21629
1.21241
1.22169
1.21405
1.20404
1.22103
1.22617
1.20602
1.22909
1.22836
1.22372
1.20693
1.20254
1.21917
1.19592
1.19133
1.20188
1.18757
1.1961
1.18593
1.19989
1.18491
1.17396
1.19712
1.19415
1.18708
1.18723
1.16875
1.1583
1.17753
1.19048
1.17795
1.18349
1.18296
1.17636
1.18399
1.19284
1.20614
1.20758
1.19482
1.19186
1.2063
1.21247
1.20596
1.19158
1.19011
1.21322
1.22177
1.21137
1.21803
1.23394
1.21636
1.24453
1.2218
1.26317
1.26376
1.25022
1.26142
1.26217
1.23588
1.24284
1.23558
1.26221
1.25211
1.25753
1.24536
1.24145
1.23267
1.26082
1.24
1.2171
1.22132
1.23274
1.19976
1.19081
1.20278
1.20311
1.20651
1.20561
1.19716
1.20697
1.20285
1.15125
1.22356
1.21967
1.20571
1.21614
1.20182
1.18595
1.20343
1.19301
1.19611
1.18716
1.17027
1.16255
1.16335
1.14765
1.15471
1.1572
1.14509
1.14716
1.16661
1.17172
1.16221
1.16066
1.18048
1.17762
1.18845
1.17481
1.18702
1.18688
1.20543
1.18746
1.18152
1.21822
1.2288
1.23661
1.19502
1.23425
1.24267
1.23071
1.23705
1.23631
1.21586
1.2275
1.23167
1.23339
1.23071
1.23537
1.22341
1.2522
1.25859
1.23183
1.2452
1.275
1.24959
1.26173
1.26122
1.26323
1.23719
1.23105
1.25976
1.26136
1.26003
1.24735
1.20181
1.23396
1.25921
1.26316
1.25288
1.26108
1.27482
1.26734
1.27146
1.2728
1.28011
1.22388
1.25418
1.26441
1.22584
1.26426
1.25748
1.25183
1.20293
1.20473
1.26622
1.22515
1.22981
1.23818
1.2461
1.2465
1.23515
1.25079
1.23518
1.24917
1.25831
1.26796
1.24336
1.26526
1.28503
1.28133
1.25628
1.2649
1.24855
1.25918
1.25244
1.23926
1.22521
1.24156
1.2481
1.2315
1.23692
1.2243
1.21524
1.2427
1.2382
1.23388
1.2341
1.2391
1.23807
1.22072
1.2448
1.26006
1.2544
1.23112
1.2065
1.24151
1.23646
1.25681
1.25165
1.23723
1.21986
1.24292
1.23313
1.21744
1.21589
1.20405
1.21395
1.21318
1.19412
1.20096
1.19232
1.19261
1.20008
1.21227
1.21719
1.21943
1.20743
1.20266
1.20154
1.20623
1.19383
1.18324
1.19763
1.19289
1.16699
1.17092
1.18975
1.18902
1.19476
1.1713
1.17973
1.20972
1.20754
1.21511
1.19383
1.21761
1.20962
1.2393
1.22673
1.18679
1.22122
1.21889
1.2216
1.23198
1.22316
1.19344
1.21266
1.22186
1.22453
1.21744
1.23256
1.21351
1.20852
1.22629
1.20829
1.22518
1.21803
1.20998
1.21357
1.18628
1.22239
1.22194
1.21978
1.20728
1.21379
1.21273
1.21443
1.23793
1.23765
1.23111
1.21392
1.21597
1.24425
1.24246
1.23169
1.21777
1.23967
1.24045
1.21955
1.20899
1.22257
1.22603
1.19956
1.21008
1.21622
1.21509
1.2269
1.19091
1.23325
1.23617
1.25282
1.26092
1.25808
1.2606
1.23984
1.2383
1.25118
1.24442
1.26027
1.25026
1.23038
1.22821
1.23317
1.25932
1.25545
1.24361
1.25577
1.25895
1.24755
1.22558
1.23363
1.22226
1.24628
1.23908
1.23275
1.2154
1.21154
1.19928
1.20075
1.19151
1.19108
1.18126
1.1561
1.17801
1.19151
1.19633
1.19091
1.20106
1.20846
1.22488
1.25742
1.24873
1.22807
1.24038
1.2363
1.27323
1.25241
1.25148
1.24802
1.24179
1.25417
1.20206
1.2334
1.24318
1.24685
1.24483
1.22865
1.24153
1.24374
1.25146
1.26217
1.26582
1.25365
1.26039
1.26583
1.21897
1.26474
1.26802
1.24462
1.22351
1.22618
1.2402
1.217
1.21484
1.19663
1.21735
1.21246
1.23244
1.2285
1.21159
1.22283
1.25314
1.23563
1.22936
1.24004
1.25105
1.22712
1.26989
1.25517
1.24356
1.26279
1.26488
1.26952
1.26926
1.27283
1.23684
1.24049
1.27291
1.23708
1.24523
1.24807
1.22724
1.21456
1.23339
1.21441
1.23874
1.21642
1.21665
1.22512
1.20697
1.18947
1.21115
1.21937
1.21996
1.21844
1.22439
1.22678
1.21649
1.2247
1.19755
1.22644
1.18776
1.19585
1.19803
1.18435
1.19094
1.17014
1.17823
1.19867
1.17176
1.18358
1.20487
1.2094
1.18196
1.22685
1.20938
1.18904
1.19771
1.17987
1.18606
1.18433
1.17934
1.20241
1.17053
1.18209
1.18534
1.1659
1.17088
1.16509
1.14287
1.1627
1.16429
1.15015
1.13492
1.15815
1.13616
1.16083
1.17174
1.15024
1.15102
1.18247
1.19906
1.19497
1.19917
1.17627
1.20663
1.2087
1.20906
1.21294
1.173
1.18699
1.20019
1.18634
1.18279
1.16957
1.17414
1.18135
1.17852
1.17397
1.14585
1.18883
1.19223
1.19325
1.20281
1.18406
1.19393
1.18928
1.18559
1.18983
1.1814
1.15943
1.18127
1.17019
1.16283
1.18433
1.1914
1.18691
1.16942
1.1871
1.17819
1.20695
1.20879
1.18555
1.19046
1.19335
1.19421
1.19275
1.17659
1.18066
1.1787
1.20405
1.20218
1.18259
1.21298
1.19849
1.21489
1.225
1.21738
1.21079
1.24507
1.22806
1.21113
1.2304
1.23119
1.19772
1.22516
1.22244
1.23524
1.19789
1.23551
1.23025
1.20789
1.22311
1.20846
1.19412
1.19723
1.2139
1.19036
1.19077
1.18978
1.20453
1.20587
1.20781
1.18512
1.1644
1.17734
1.19139
1.21704
1.20835
1.17956
1.19176
1.19904
1.21997
1.21605
1.19138
1.18245
1.16812
1.17252
1.17517
1.17267
1.15707
1.15453
1.14029
1.16289
1.16698
1.1517
1.15835
1.17409
1.18076
1.19804
1.17091
1.17136
1.19865
1.1805
1.14427
1.17804
1.16779
1.16297
1.15375
1.15427
1.1647
1.13508
1.15737
1.17539
1.17589
1.14774
1.15853
1.15543
1.18747
1.19828
1.17084
1.19133
1.19589
1.15687
1.17953
1.16911
1.18337
1.1806
1.17556
1.18633
1.19106
1.19102
1.16943
1.17395
1.20013
1.18879
1.18848
1.19483
1.18971
1.18746
1.2035
1.19679
1.1927
1.21771
1.22305
1.1836
1.23634
1.23794
1.23213
1.20095
1.24359
1.24746
1.25593
1.23908
1.19869
1.26086
1.24222
1.22745
1.21991
1.22888
1.22793
1.23748
1.22148
1.22783
1.23587
1.20547
1.24945
1.22159
1.22253
1.22913
1.24819
1.25974
1.25659
1.22596
1.24506
1.27382
1.26736
1.26814
1.25555
1.28182
1.29436
1.29308
1.27854
1.2693
1.29306
1.30029
1.28293
1.2611
1.29347
1.29175
1.26593
1.25857
1.26065
1.23013
1.26709
1.26357
1.2508
1.25583
1.24576
1.22456
1.26294
1.24312
1.24142
1.24143
1.23949
1.23757
1.24019
1.24334
1.23992
1.24234
1.23456
1.24599
1.24705
1.21707
1.23562
1.23347
1.22849
1.21668
1.22587
1.23935
1.24019
1.2487
1.26032
1.26278
1.27126
1.28381
1.27509
1.28707
1.28682
1.26611
1.30699
1.27551
1.29368
1.29383
1.27719
1.26307
1.29986
1.27965
1.28052
1.28285
1.27587
1.25316
1.26993
1.25801
1.27404
1.28243
1.28673
1.28327
1.27638
1.25773
1.29703
1.31968
1.25028
1.24496
1.27565
1.28576
1.27476
1.24171
1.26853
1.26445
1.25985
1.24554
1.22292
1.23062
1.23764
1.25047
1.25301
1.24873
1.2427
1.24244
1.2634
1.25307
1.21718
1.24162
1.25434
1.23928
1.22838
1.21748
1.22664
1.20724
1.20322
1.21815
1.21139
1.1995
1.2093
1.20495
1.218
1.20685
1.1801
1.24525
1.20237
1.23322
1.24031
1.22771
1.24862
1.24205
1.20442
1.22954
1.22985
1.22729
1.22182
1.21724
1.21575
1.20841
1.1938
1.21254
1.21428
1.21068
1.20094
1.21408
1.22199
1.2161
1.22104
1.20802
1.24673
1.27059
1.22244
1.23882
1.23688
1.28743
1.27535
1.25721
1.25238
1.26991
1.26047
1.25693
1.23987
1.25703
1.25916
1.25216
1.24094
1.25247
1.23874
1.24396
1.22806
1.22267
1.23994
1.23283
1.21772
1.20299
1.21967
1.22834
1.23072
1.22786
1.20926
1.24116
1.23108
1.24527
1.25289
1.25654
1.2349
1.25658
1.26475
1.25945
1.27278
1.24291
1.26676
1.22423
1.23623
1.24103
1.24304
1.23722
1.24773
1.23412
1.24936
1.22891
1.23375
1.24272
1.23864
1.22563
1.20071
1.215
1.22298
1.22328
1.23007
1.22197
1.22847
1.21279
1.21607
1.23386
1.23425
1.23111
1.22833
1.24431
1.25034
1.26918
1.28961
1.24278
1.29261
1.29403
1.30912
1.28352
1.28754
1.30652
1.29031
1.27666
1.25872
1.27053
1.26519
1.23969
1.23689
1.23562
1.24615
1.2539
1.24298
1.24837
1.24633
1.22966
1.2785
1.26321
1.25378
1.22395
1.24991
1.25083
1.23921
1.22383
1.24491
1.24109
1.23385
1.21889
1.249
1.23205
1.2359
1.25212
1.25509
1.24636
1.25869
1.26207
1.25806
1.23844
1.24172
1.23463
1.25827
1.22843
1.22863
1.20301
1.23068
1.22875
1.21911
1.22814
1.23266
1.19746
1.20851
1.21481
1.21969
1.20281
1.19595
1.20231
1.19638
1.1677
1.2038
1.20025
1.19612
1.21311
1.21561
1.20741
1.24131
1.23083
1.22251
1.23233
1.24919
1.25818
1.25767
1.2575
1.25503
1.27839
1.27635
1.27937
1.26706
1.26994
1.29193
1.28788
1.29509
1.26904
1.26284
1.28288
1.2826
1.2543
1.2559
1.2654
1.24268
1.24071
1.25505
1.25357
1.24142
1.21066
1.22666
1.24951
1.23866
1.23771
1.23314
1.2099
1.22584
1.22438
1.20608
1.22896
1.23404
1.23904
1.24361
1.21199
1.24294
1.2444
1.23387
1.20009
1.19952
1.22423
1.20216
1.18896
1.19781
1.19297
1.18861
1.19638
1.18536
1.20647
1.21245
1.22145
1.2049
1.21308
1.21141
1.21191
1.21754
1.2124
1.20828
1.20909
1.20095
1.21236
1.21454
1.17145
1.21108
1.20812
1.21652
1.20724
1.20625
1.21016
1.22865
1.23507
1.25194
1.24393
1.234
1.22919
1.25347
1.25974
1.26865
1.26869
1.24787
1.25873
1.24191
1.20824
1.24594
1.25104
1.25144
1.25414
1.22801
1.22204
1.25322
1.27012
1.23378
1.2405
1.23799
1.23674
1.23823
1.23966
1.2388
1.23177
1.21935
1.22155
1.21388
1.21137
1.21588
1.22269
1.22632
1.21651
1.20083
1.24447
1.26127
1.23328
1.20942
1.25326
1.2672
1.25783
1.23008
1.24784
1.22695
1.21328
1.24134
1.21551
1.22889
1.22224
1.20257
1.21882
1.20389
1.21007
1.2203
1.20318
1.2187
1.20311
1.20124
1.20561
1.20837
1.20354
1.17858
1.17881
1.19499
1.18572
1.19502
1.18828
1.14231
1.1976
1.20561
1.20937
1.20287
1.17277
1.22638
1.23329
1.20562
1.21902
1.21797
1.21012
1.2194
1.23428
1.22669
1.21173
1.20015
1.21721
1.22825
1.22827
1.24039
1.24619
1.22663
1.2453
1.23276
1.26796
1.24964
1.25559
1.27178
1.27468
1.27144
1.26157
1.25028
1.28253
1.27386
1.27633
1.28021
1.27801
1.27594
1.26507
1.28838
1.27932
1.30612
1.29521
1.28735
1.29671
1.26727
1.33169
1.30596
1.26815
1.31101
1.2903
1.28354
1.29222
1.28539
1.25561
1.26081
1.24128
1.22329
1.25452
1.20707
1.23266
1.23729
1.25631
1.25634
1.25223
1.22726
1.25132
1.26126
1.24354
1.25212
1.24516
1.21843
1.2417
1.24936
1.20934
1.22775
1.23612
1.23964
1.22726
1.2408
1.25346
1.25421
1.22338
1.25523
1.25851
1.25749
1.26303
1.22946
1.2461
1.24219
1.23752
1.26313
1.25446
1.2444
1.26055
1.26055
1.28095
1.24425
1.25938
1.2764
1.28131
1.27108
1.2908
1.29141
1.30373
1.29461
1.29196
1.31395
1.32467
1.30598
1.30595
1.30559
1.29459
1.29517
1.29955
1.2671
1.26611
1.27341
1.2853
1.2614
1.25942
1.27143
1.27695
1.28179
1.27947
1.25712
1.28607
1.27362
1.29485
1.28011
1.2812
1.28834
1.26968
1.25693
1.27296
1.26879
1.23811
1.26258
1.26902
1.26766
1.25536
1.2738
1.2641
1.30447
1.31774
1.30919
1.30536
1.33046
1.3218
1.33463
1.30512
1.30277
1.3243
1.32099
1.3006
1.28721
1.28286
1.28779
1.2841
1.27216
1.28142
1.28683
1.28576
1.26854
1.27075
1.28394
1.28076
1.2739
1.25225
1.19997
1.26405
1.23608
1.24378
1.25442
1.23857
1.25925
1.24906
1.24841
1.26024
1.27278
1.26582
1.24827
1.28208
1.29399
1.29391
1.28535
1.27717
1.27953
1.25744
1.28475
1.26836
1.28543
1.25579
1.24185
1.25994
1.25373
1.26456
1.27062
1.24842
1.26994
1.28941
1.26445
1.28993
1.28316
1.28258
1.27903
1.26322
1.29092
1.28917
1.27202
1.27589
1.28393
1.28331
1.24082
1.26332
1.2763
1.2589
1.229
1.24423
1.23319
1.24545
1.2346
1.22236
1.25233
1.24833
1.25698
1.24835
1.24529
1.2449
1.231
1.23473
1.22009
1.21621
1.22429
1.22348
1.23309
1.21881
1.22331
1.22876
1.23002
1.21264
1.22116
1.25099
1.24453
1.24855
1.26404
1.2596
1.27717
1.2945
1.30782
1.29031
1.28286
1.29628
1.32373
1.31293
1.33475
1.36132
1.37424
1.3386
1.34115
1.35235
1.33679
1.36398
1.31824
1.2841
1.29737
1.29546
1.28781
1.28224
1.23347
1.27365
1.28977
1.29065
1.28266
1.27204
1.30959
1.31525
1.30274
1.27104
1.29419
1.30325
1.29383
1.2835
1.27555
1.24383
1.2794
1.27525
1.27375
1.27529
1.21963
1.26046
1.27746
1.26692
1.24218
1.26329
1.28123
1.2757
1.23374
1.27006
1.28263
1.28459
1.29326
1.30626
1.29295
1.27533
1.28173
1.26369
1.26601
1.26404
1.25712
1.25108
1.23865
1.23214
1.21483
1.22998
1.22948
1.2132
1.22727
1.22464
1.19378
1.22171
1.22823
1.23434
1.23296
1.22226
1.2359
1.2332
1.24017
1.2422
1.24176
1.24642
1.25144
1.21849
1.22723
1.24715
1.23877
1.24466
1.2327
1.23407
1.23981
1.2628
1.23913
1.24906
1.23283
1.26433
1.258
1.2458
1.25744
1.26458
1.26206
1.26797
1.24376
1.25087
1.27301
1.26999
1.28525
1.26962
1.26999
1.25849
1.27248
1.28458
1.26522
1.26189
1.25959
1.28058
1.25344
1.26693
1.29121
1.30017
1.25022
1.27941
1.27397
1.26934
1.2856
1.28115
1.27672
1.28192
1.28811
1.30841
1.29724
1.26964
1.2792
1.30251
1.30858
1.27219
1.28483
1.28197
1.2987
1.27935
1.25019
1.28047
1.27115
1.25242
1.2923
1.27234
1.2865
1.29507
1.29513
1.29323
1.29802
1.31683
1.32011
1.29754
1.31738
1.3308
1.33608
1.32808
1.31076
1.33588
1.31058
1.33047
1.32237
1.28736
1.3182
1.30201
1.28644
1.27402
1.28849
1.2911
1.26189
1.27611
1.27952
1.27989
1.27091
1.27982
1.29469
1.28306
1.29711
1.2746
1.29484
1.31611
1.27099
1.29378
1.30732
1.26653
1.2587
1.27313
1.2791
1.27347
1.26678
1.2707
1.25045
1.22838
1.26698
1.23333
1.26267
1.25315
1.23366
1.21187
1.22673
1.21748
1.2288
1.21931
1.21539
1.21135
1.2013
1.18358
1.18811
1.20751
1.1897
1.16336
1.19557
1.18359
1.19609
1.19984
1.18812
1.20337
1.18642
1.22159
1.22002
1.23337
1.22765
1.20374
1.23255
1.2325
1.2062
1.23908
1.24351
1.23199
1.22609
1.23823
1.25396
1.24639
1.2329
1.25808
1.25102
1.28004
1.28761
1.28213
1.29352
1.29262
1.30684
1.31248
1.3052
1.27193
1.31633
1.30089
1.25455
1.2613
1.26167
1.25041
1.25567
1.23275
1.23047
1.23365
1.22451
1.2239
1.23304
1.23558
1.20166
1.18863
1.19877
1.22522
1.23584
1.22466
1.17617
1.21308
1.25405
1.24799
1.2513
1.21121
1.2533
1.25872
1.26634
1.2586
1.23635
1.24246
1.23541
1.24861
1.24747
1.24701
1.23697
1.23352
1.22365
1.25052
1.25462
1.229
1.23055
1.20268
1.23589
1.23728
1.23286
1.21717
1.21028
1.24167
1.23632
1.25518
1.2328
1.23406
1.22913
1.24778
1.24275
1.23283
1.25948
1.25604
1.24806
1.28103
1.26792
1.27181
1.26785
1.25113
1.27362
1.27166
1.2515
1.25797
1.25452
1.25084
1.25642
1.24514
1.23128
1.2368
1.23192
1.22798
1.20635
1.23179
1.22088
1.22013
1.23915
1.24564
1.22669
1.21799
1.23774
1.21993
1.21807
1.24054
1.2263
1.24334
1.23608
1.21408
1.24659
1.24464
1.25653
1.24195
1.25157
1.24245
1.21805
1.22636
1.23669
1.23417
1.23787
1.23026
1.21182
1.23736
1.2442
1.26548
1.2422
1.26327
1.26883
1.29517
1.26725
1.26441
1.26944
1.30595
1.29214
1.26951
1.30087
1.28871
1.27532
1.28744
1.2843
1.26927
1.26004
1.25748
1.24456
1.25127
1.24755
1.23017
1.22738
1.20039
1.21106
1.22029
1.20251
1.22633
1.22648
1.22448
1.22271
1.19764
1.23906
1.23295
1.20777
1.23136
1.22491
1.23405
1.23653
1.24958
1.2141
1.24355
1.21766
1.2568
1.24629
1.2251
1.26558
1.26239
1.24974
1.26636
1.27528
1.25555
1.26639
1.2706
1.24644
1.24922
1.25807
1.23974
1.23806
1.21802
1.23261
1.2407
1.22039
1.22009
1.22561
1.23014
1.22174
1.24648
1.22833
1.22487
1.23881
1.24883
1.22583
1.24873
1.26101
1.2425
1.21814
1.2432
1.25448
1.24949
1.20053
1.23583
1.24006
1.2345
1.20186
1.20622
1.21294
1.19415
1.19683
1.18627
1.17739
1.1759
1.17429
1.17573
1.19337
1.17865
1.18357
1.1909
1.20968
1.17804
1.19625
1.19044
1.19824
1.19574
1.19694
1.19281
1.19771
1.20367
1.21074
1.1762
1.21395
1.20509
1.21589
1.18563
1.21247
1.22696
1.22642
1.21305
1.23479
1.22161
1.22995
1.23246
1.21601
1.21008
1.2
1.18437
1.21116
1.19401
1.20971
1.18568
1.21581
1.20198
1.20834
1.22262
1.23259
1.23785
1.21546
1.21643
1.24584
1.23641
1.21273
1.21861
1.22805
1.2041
1.2241
1.22131
1.23067
1.23604
1.2224
1.21676
1.20751
1.22025
1.22989
1.23321
1.20663
1.19766
1.18569
1.22125
1.21288
1.17786
1.19377
1.19622
1.18335
1.1822
1.1797
1.18398
1.14487
1.15796
1.15259
1.15965
1.15146
1.13282
1.1437
1.13981
1.15688
1.13368
1.15836
1.17285
1.16981
1.19065
1.18501
1.17769
1.17071
1.18638
1.18925
1.18522
1.17111
1.16325
1.17927
1.1857
1.18974
1.20465
1.19464
1.20191
1.17554
1.22216
1.22427
1.22644
1.20186
1.18205
1.21239
1.18607
1.20006
1.20199
1.1756
1.17192
1.20156
1.18691
1.20382
1.19061
1.20718
1.19746
1.20285
1.1973
1.21683
1.21518
1.20021
1.22865
1.23346
1.22069
1.23052
1.23797
1.26321
1.24373
1.23764
1.26052
1.21644
1.21372
1.23195
1.22716
1.23235
1.22466
1.22315
1.20306
1.22344
1.22942
1.21337
1.20429
1.20891
1.20628
1.20991
1.21668
1.17615
1.18969
1.19551
1.22059
1.20584
1.20674
1.19479
1.21166
1.2058
1.21377
1.20511
1.21299
1.21749
1.18663
1.17652
1.21652
1.21274
1.20826
1.20787
1.19174
1.18285
1.20095
1.20027
1.19656
1.18686
1.18327
1.2007
1.17706
1.18012
1.1913
1.19875
1.17683
1.20295
1.18551
1.19203
1.20237
1.20069
1.20491
1.19977
1.20129
1.19158
1.18894
1.20102
1.20177
1.19016
1.20258
1.20732
1.19809
1.18831
1.20574
1.21469
1.20238
1.2003
1.2037
1.17802
1.20283
1.18935
1.18803
1.17512
1.17266
1.17907
1.17058
1.13398
1.17082
1.15454
1.16752
1.17522
1.14193
1.15773
1.17574
1.18783
1.17793
1.18574
1.18624
1.20012
1.20576
1.19852
1.21238
1.23393
1.23169
1.21449
1.23577
1.22493
1.20622
1.23979
1.21461
1.22432
1.2406
1.23644
1.25683
1.20621
1.25891
1.2223
1.22137
1.22411
1.24625
1.21833
1.20817
1.23002
1.2211
1.22758
1.20658
1.21812
1.21479
1.21329
1.19863
1.2213
1.2192
1.21113
1.21183
1.20615
1.23001
1.24636
1.24735
1.23091
1.26628
1.24324
1.22024
1.24268
1.24652
1.23867
1.22652
1.22988
1.20517
1.20422
1.21823
1.2028
1.21095
1.20641
1.19562
1.21341
1.22538
1.2293
1.17949
1.21998
1.244
1.22631
1.22054
1.24609
1.25319
1.25298
1.25383
1.23814
1.25472
1.25737
1.24262
1.25844
1.26919
1.23388
1.24547
1.26252
1.25383
1.24256
1.20616
1.18705
1.23394
1.22596
1.21104
1.19502
1.20914
1.21521
1.1924
1.18221
1.18601
1.17989
1.16765
1.18126
1.1625
1.16862
1.15461
1.17148
1.16886
1.18509
1.19075
1.17447
1.18304
1.2016
1.19597
1.21007
1.15876
1.18595
1.20193
1.16123
1.19403
1.19321
1.18071
1.18546
1.20359
1.18959
1.20892
1.20657
1.22402
1.20603
1.21137
1.22559
1.19675
1.20509
1.20572
1.20953
1.19631
1.18125
1.20107
1.19764
1.1899
1.18863
1.19594
1.20665
1.21083
1.18512
1.19712
1.20882
1.20427
1.21717
1.22156
1.17616
1.21908
1.22588
1.23099
1.20329
1.24366
1.23336
1.21799
1.24111
1.22989
1.26616
1.2616
1.26973
1.24628
1.2362
1.23625
1.22992
1.2339
1.24385
1.23874
1.21623
1.22007
1.2034
1.21641
1.21374
1.21159
1.20165
1.19712
1.19434
1.17061
1.17542
1.1849
1.18591
1.17541
1.17405
1.19084
1.19304
1.1776
1.20645
1.21337
1.22406
1.24638
1.23907
1.23593
1.2456
1.24581
1.24601
1.22165
1.23517
1.23087
1.22683
1.22475
1.23497
1.21757
1.20503
1.2288
1.23104
1.22839
1.20862
1.19281
1.20978
1.21288
1.20907
1.20307
1.19768
1.21855
1.22499
1.2145
1.22332
1.19897
1.2046
1.21525
1.22365
1.21905
1.2302
1.22949
1.24457
1.25248
1.24263
1.25684
1.22882
1.2358
1.22099
1.21193
1.21555
1.22611
1.19798
1.19731
1.19336
1.20789
1.21349
1.18342
1.23372
1.21585
1.24973
1.23578
1.25486
1.24293
1.24768
1.26068
1.2634
1.2381
1.23958
1.25594
1.18473
1.25445
1.25174
1.25242
1.26459
1.28021
1.26455
1.24278
1.26557
1.26563
1.2727
1.27236
1.26346
1.24128
1.25046
1.2487
1.2624
1.25605
1.24503
1.23514
1.24318
1.24206
1.23794
1.17933
1.24394
1.23014
1.23651
1.23704
1.23032
1.23691
1.22502
1.22109
1.23261
1.24891
1.23766
1.25014
1.23817
1.23952
1.24569
1.24112
1.24909
1.24752
1.24025
1.22843
1.23955
1.24144
1.24637
1.23744
1.22708
1.25237
1.23386
1.2198
1.21067
1.24878
1.24475
1.22601
1.2347
1.25101
1.23529
1.25282
1.21523
1.23977
1.24924
1.22924
1.21443
1.23056
1.23474
1.22176
1.21445
1.21133
1.21866
1.22266
1.21513
1.2047
1.18348
1.19433
1.204
1.21236
1.19942
1.20652
1.21634
1.20315
1.21231
1.20617
1.21478
1.21566
1.21684
1.20534
1.18552
1.18716
1.19756
1.19515
1.18726
1.20726
1.22398
1.20628
1.21778
1.2377
1.22643
1.23812
1.23894
1.24155
1.24481
1.25
1.26241
1.21548
1.23275
1.25803
1.24837
1.24856
1.25315
1.20417
1.22916
1.2341
1.22349
1.23839
1.23711
1.22992
1.22882
1.22198
1.21507
1.22826
1.22446
1.20136
1.22178
1.20853
1.18834
1.2086
1.20947
1.19938
1.21962
1.22535
1.22105
1.23257
1.24761
1.23776
1.25805
1.27246
1.27365
1.29927
1.29127
1.28262
1.30008
1.29568
1.30493
1.28938
1.2947
1.2592
1.2559
1.27844
1.25767
1.26293
1.23976
1.23549
1.25025
1.24366
1.23736
1.24604
1.24885
1.25106
1.22628
1.24687
1.24867
1.27789
1.2878
1.26244
1.2748
1.28863
1.2652
1.26306
1.24589
1.24809
1.28086
1.2736
1.25076
1.22606
1.22592
1.22974
1.24169
1.2393
1.229
1.22756
1.23318
1.23637
1.24458
1.25471
1.25617
1.22531
1.26837
1.29013
1.28948
1.2934
1.27585
1.28923
1.28639
1.28983
1.26508
1.24746
1.28022
1.29662
1.28538
1.27446
1.27044
1.28473
1.30977
1.27845
1.26026
1.28925
1.27891
1.27208
1.28251
1.26126
1.21895
1.25204
1.23462
1.25774
1.23921
1.23613
1.2176
1.22044
1.23223
1.24631
1.24428
1.23918
1.2153
1.235
1.23993
1.22829
1.25557
1.26019
1.22724
1.24542
1.2569
1.2372
1.27638
1.26343
1.2304
1.25027
1.23714
1.25093
1.24192
1.22679
1.23892
1.21878
1.24906
1.22247
1.21732
1.22161
1.24404
1.21551
1.23327
1.22039
1.24073
1.24029
1.22576
1.23935
1.23079
1.23483
1.23168
1.23519
1.25488
1.23005
1.25497
1.26938
1.23979
1.2399
1.24904
1.25578
1.24634
1.2371
1.24476
1.24128
1.22979
1.2141
1.22166
1.20977
1.24186
1.23504
1.20441
1.22103
1.23078
1.229
1.23468
1.23036
1.21799
1.21436
1.22128
1.2052
1.18831
1.2245
1.21251
1.19741
1.1999
1.21148
1.20909
1.21233
1.21373
1.20952
1.225
1.23252
1.21788
1.23303
1.24034
1.23118
1.2325
1.24038
1.22646
1.22781
1.27084
1.24017
1.23113
1.26809
1.25098
1.24933
1.24254
1.23691
1.23517
1.25349
1.24532
1.25054
1.25165
1.25323
1.26376
1.23908
1.25285
1.26247
1.25837
1.24868
1.2453
1.21575
1.26253
1.243
1.22278
1.22043
1.23177
1.22512
1.20036
1.18508
1.20238
1.19935
1.2047
1.21106
1.19443
1.18725
1.20809
1.19815
1.19536
1.21063
1.20372
1.20972
1.21195
1.21419
1.21021
1.18103
1.1902
1.19463
1.21016
1.18321
1.20464
1.21631
1.20095
1.20109
1.21744
1.22134
1.20655
1.1835
1.20477
1.2226
1.20543
1.19128
1.20269
1.20723
1.18613
1.1924
1.19273
1.20361
1.19554
1.1941
1.2008
1.20368
1.22519
1.22666
1.21495
1.20025
1.22807
1.2278
1.22784
1.22506
1.22248
1.20993
1.22091
1.25199
1.24894
1.24277
1.23236
1.22829
1.22909
1.24285
1.23416
1.26694
1.24988
1.21988
1.24673
1.27138
1.27028
1.26226
1.25316
1.27913
1.23027
1.30454
1.27443
1.29499
1.27707
1.27008
1.28354
1.25616
1.28362
1.29936
1.29819
1.2766
1.25093
1.26215
1.28781
1.27716
1.26829
1.25143
1.25182
1.22303
1.25201
1.24998
1.2309
1.24233
1.2464
1.24111
1.23353
1.21594
1.22534
1.26842
1.24179
1.24091
1.24746
1.24012
1.24512
1.24539
1.21599
1.24037
1.21072
1.23182
1.24702
1.2084
1.23223
1.24742
1.23649
1.20281
1.23161
1.21488
1.23924
1.24033
1.23295
1.21786
1.20848
1.22748
1.21559
1.2315
1.21975
1.21105
1.21325
1.2222
1.21987
1.20915
1.21629
1.21577
1.19382
1.21614
1.22236
1.22862
1.24435
1.28344
1.27216
