1.1
1.09914
1.09618
1.09103
1.08348
1.07324
1.05997
1.04319
1.0224
0.997043
0.966642
0.930892
0.889808
0.843864
0.794144
0.742394
0.690966
0.64253
0.599708
0.56458
0.538377
0.521366
0.512941
0.511868
0.516545
1.10072
1.11313
1.12043
1.12176
1.11679
1.1058
1.08971
1.07008
1.04885
1.02804
1.00918
0.992985
0.979227
0.966981
0.954964
0.941973
0.927291
0.910887
0.893493
0.876433
0.861313
0.849538
0.841847
0.83818
0.837928
1.10018
1.10328
1.10448
1.10384
1.10148
1.09746
1.09185
1.08478
1.07635
1.06677
1.0566
1.04696
1.03935
1.03507
1.03461
1.03759
1.04318
1.05036
1.05806
1.06517
1.07057
1.07316
1.07217
1.06746
1.05982
1.09955
1.09163
1.08656
1.08555
1.08844
1.09399
1.10055
1.10683
1.11239
1.11748
1.12237
1.12661
1.12898
1.1282
1.12373
1.11612
1.10684
1.09789
1.09123
1.08829
1.08962
1.09474
1.10243
1.11104
1.11887
1.10018
1.10221
1.10006
1.09322
1.08177
1.06639
1.04851
1.0301
1.01356
1.0014
0.995854
0.998234
1.00847
1.02516
1.04597
1.06804
1.08838
1.10452
1.11517
1.12036
1.12112
1.11878
1.11452
1.10928
1.10377
1.09972
1.09482
1.09013
1.08511
1.07909
1.07169
1.06327
1.05519
1.04952
1.04798
1.05097
1.05745
1.06588
1.0751
1.0844
1.09316
1.1005
1.10536
1.10708
1.10601
1.1037
1.10246
1.10436
1.11034
1.11981
1.10055
1.11149
1.12084
1.12769
1.1319
1.13397
1.13478
1.13511
1.13513
1.13426
1.13152
1.12625
1.11846
1.10868
1.09764
1.08601
1.07434
1.06297
1.05193
1.04125
1.03112
1.0215
1.01174
1.00068
0.987443
1.09913
1.08119
1.06333
1.04962
1.04365
1.04709
1.05875
1.07519
1.09227
1.10684
1.11757
1.12507
1.13121
1.13787
1.14574
1.15385
1.16046
1.16436
1.16549
1.16468
1.16308
1.16139
1.15948
1.15647
1.15163
1.09966
1.09438
1.09294
1.09716
1.10699
1.12075
1.13605
1.15075
1.16348
1.1738
1.18203
1.18881
1.19468
1.19974
1.20364
1.20574
1.20528
1.20157
1.19427
1.18362
1.17056
1.15675
1.14407
1.13393
1.12663
1.09974
1.09512
1.09014
1.08448
1.07863
1.07364
1.07066
1.07067
1.07417
1.08111
1.09089
1.10255
1.11488
1.12673
1.13716
1.14546
1.1511
1.15365
1.15275
1.14817
1.13986
1.12792
1.11272
1.0949
1.07536
1.09895
1.07851
1.05942
1.04376
1.03401
1.03253
1.04068
1.05835
1.08391
1.11456
1.14694
1.17771
1.20394
1.2234
1.23476
1.23765
1.23266
1.22111
1.20471
1.18529
1.16458
1.14436
1.12685
1.11485
1.11136
1.10055
1.1165
1.13796
1.15971
1.17696
1.18637
1.18639
1.1771
1.15995
1.13717
1.11136
1.08526
1.06189
1.04463
1.03651
1.03892
1.05085
1.06957
1.09189
1.11503
1.13692
1.15617
1.17189
1.18361
1.19111
1.10016
1.09994
1.09759
1.09348
1.08777
1.08035
1.07108
1.06019
1.04863
1.03813
1.03065
1.02764
1.02933
1.03478
1.04274
1.05243
1.06345
1.07529
1.08699
1.09735
1.10555
1.11128
1.1145
1.11491
1.11192
1.10527
1.09554
1.08423
1.0731
1.06349
1.05593
1.0503
1.04613
1.04286
1.04009
1.0377
1.03575
1.03431
1.03319
1.03191
1.03
1.02733
1.0244
1.02232
1.02237
1.02528
1.03089
1.03815
1.04559
1.05171
1.05526
1.05553
1.05256
1.04712
1.04038
1.03353
1.02726
1.02185
1.01728
1.01357
1.01087
1.00953
1.01003
1.01297
1.01889
1.02807
1.04033
1.05496
1.07061
1.08539
1.09705
1.10346
1.10301
1.0949
1.07931
1.05758
1.03211
1.00638
0.984626
0.970909
0.967377
0.972765
0.983074
0.99434
1.00484
1.01516
1.02636
1.03833
1.04953
1.05811
1.06326
1.06573
1.06753
1.07068
1.0761
1.08296
1.08911
1.09184
1.089
1.07959
1.06407
1.04446
1.02406
1.00637
0.993388
0.984567
0.977821
0.971603
0.966091
0.962762
0.96319
0.96811
0.977436
0.990726
1.00734
1.02617
1.04538
1.06255
1.07545
1.08281
1.08467
1.08219
1.07727
1.07191
1.06765
1.06504
1.06362
1.06225
1.05999
1.05664
1.05294
1.04986
1.04778
1.04611
1.04394
1.0409
1.03763
1.03552
1.03592
1.0392
1.04416
1.0485
1.04976
1.04642
1.03863
1.02826
1.01812
1.01065
1.00685
1.00607
1.00679
1.00775
1.00854
1.00968
1.01223
1.01719
1.02507
1.03559
1.0476
1.05933
1.06884
1.07449
1.07548
1.07209
1.06569
1.05826
1.05174
1.04738
1.04548
1.04568
1.04733
1.04985
1.05278
1.05575
1.05847
1.0607
1.0622
1.0627
1.06203
1.06016
1.05703
1.05247
1.04613
1.03776
1.02752
1.016
1.00402
0.992257
0.981128
0.971074
0.963131
0.959203
0.961177
0.969279
0.981453
0.994739
1.00704
1.01782
1.02763
1.03745
1.04804
1.05963
1.07182
1.08353
1.09321
1.09933
1.10129
1.10037
1.09978
1.10321
1.11225
1.12538
1.13927
1.15083
1.15828
1.16105
1.15931
1.15368
1.1451
1.13466
1.12339
1.1121
1.10144
1.09203
1.08456
1.07974
1.07797
1.07923
1.08297
1.08808
1.0931
1.09652
1.09712
1.09415
1.08754
1.07785
1.06626
1.05424
1.04326
1.03434
1.02794
1.02413
1.02269
1.02321
1.02499
1.02719
1.02901
1.03002
1.03025
1.0303
1.03118
1.03399
1.03939
1.04722
1.05643
1.06538
1.07216
1.07499
1.07276
1.06596
1.05755
1.05247
1.0547
1.0641
1.07694
1.08901
1.0975
1.10106
1.09944
1.09339
1.08507
1.07763
1.074
1.07518
1.07991
1.08592
1.09154
1.09633
1.10068
1.10511
1.10987
1.11485
1.11981
1.12426
1.12714
1.12673
1.12119
1.10939
1.09155
1.06932
1.04529
1.02235
1.00308
0.989433
0.98278
0.983942
0.993073
1.00946
1.03138
1.05619
1.08067
1.10161
1.11619
1.12245
1.11931
1.10681
1.08616
1.05998
1.03225
1.0077
0.990094
0.980332
0.976325
0.97488
0.974036
0.973988
0.976706
0.984635
0.999255
1.02004
1.04436
1.06847
1.08893
1.10362
1.11207
1.1151
1.11415
1.11064
1.1056
1.09946
1.09221
1.08388
1.07504
1.06697
1.0615
1.06042
1.06465
1.07366
1.08543
1.0971
1.10597
1.11029
1.10964
1.10501
1.09834
1.09186
1.08716
1.08471
1.0841
1.08448
1.0849
1.08436
1.08205
1.0775
1.07071
1.0622
1.05309
1.04518
1.04058
1.04066
1.04498
1.05123
1.05615
1.05684
1.05188
1.04159
1.02793
1.01409
1.00362
0.999258
1.00197
1.01081
1.02373
1.03852
1.05341
1.06718
1.07934
1.09009
1.10021
1.11055
1.1215
1.13266
1.14308
1.15161
1.15727
1.15933
1.15722
1.15072
1.14016
1.12666
1.11217
1.09919
1.09009
1.08638
1.08816
1.09425
1.10271
1.11154
1.11902
1.12404
1.12659
1.12835
1.1322
1.1401
1.15114
1.16208
1.1697
1.17212
1.16859
1.15888
1.143
1.12145
1.09585
1.06943
1.04677
1.03213
1.02712
1.02972
1.0361
1.04334
1.05085
1.05938
1.06934
1.07984
1.08955
1.09779
1.10438
1.10898
1.11093
1.1098
1.10578
1.0995
1.0914
1.08145
1.06914
1.0538
1.03524
1.01457
0.994851
0.980378
0.974447
0.977153
0.985553
0.995768
1.00475
1.01085
1.0134
1.01224
1.00735
0.998952
0.987637
0.974621
0.96181
0.951567
0.946215
0.947396
0.955547
0.969774
0.988138
1.0082
1.02756
1.04428
1.05712
1.06561
1.07026
1.07235
1.07365
1.07581
1.07986
1.086
1.0938
1.10232
1.11035
1.11676
1.12074
1.12184
1.1199
1.11511
1.10805
1.09964
1.09088
1.08226
1.07343
1.06322
1.05021
1.03341
1.01287
0.989959
0.967371
0.948655
0.937215
0.934955
0.941586
0.955087
0.972866
0.992524
1.01206
1.02989
1.04483
1.05631
1.06442
1.07006
1.07467
1.07959
1.08538
1.09133
1.09582
1.09691
1.09301
1.08331
1.06855
1.05149
1.03652
1.02763
1.02598
1.02947
1.03444
1.03763
1.03693
1.03154
1.02196
1.0098
0.997487
0.987577
0.982002
0.981547
0.985805
0.993584
1.00363
1.01509
1.02757
1.04056
1.05314
1.06418
1.07302
1.07961
1.08433
1.08759
1.08961
1.09042
1.09001
1.08845
1.08577
1.08197
1.07697
1.07074
1.06357
1.05603
1.04872
1.04173
1.03456
1.02642
1.0166
1.0046
0.990175
0.973529
0.955429
0.936977
0.919123
0.902484
0.887642
0.875725
0.868702
0.86903
0.878669
0.898179
0.926445
0.961004
0.99866
1.03599
1.06965
1.09688
1.11594
1.12639
1.12905
1.12554
1.11786
1.10783
1.09681
1.08561
1.07466
1.06426
1.05489
1.04737
1.04272
1.04184
1.04513
1.05226
1.06216
1.07327
1.08395
1.09292
1.09962
1.10426
1.10733
1.10926
1.11014
1.10967
1.10716
1.10169
1.09212
1.07726
1.05627
1.02919
0.99755
0.964679
0.935433
0.914799
0.905948
0.90894
0.921076
0.938543
0.958047
0.977339
0.995064
1.01044
1.02311
1.03302
1.0403
1.04518
1.04799
1.049
1.04835
1.04628
1.04355
1.04178
1.04316
1.04963
1.06169
1.07786
1.09509
1.11008
1.12049
1.12547
1.1253
1.12081
1.11272
1.1014
1.08706
1.07022
1.05197
1.03407
1.01881
1.00855
1.00525
1.0098
1.02153
1.03802
1.05576
1.0712
1.08169
1.08572
1.08268
1.07254
1.05577
1.03359
1.00831
0.983451
0.963025
0.950128
0.94569
0.948212
0.954594
0.96136
0.965792
0.966697
0.964705
0.96186
0.960446
0.961712
0.965336
0.970106
0.975248
0.981312
0.989763
1.00164
1.01653
1.03267
1.04773
1.05956
1.06673
1.06887
1.06679
1.06218
1.05703
1.05275
1.04963
1.04719
1.04488
1.04256
1.04054
1.03928
1.0391
1.03998
1.04153
1.04302
1.0437
1.04304
1.04107
1.03846
1.03636
1.03603
1.03838
1.04357
1.05108
1.0598
1.06829
1.07504
1.07878
1.079
1.07609
1.07132
1.06607
1.06105
1.05585
1.0491
1.03924
1.02538
1.0079
0.988799
0.971342
0.958924
0.953696
0.95591
0.964244
0.976607
0.990766
1.00474
1.01696
1.02633
1.03238
1.03576
1.03866
1.04431
1.05487
1.06948
1.0848
1.09725
1.10453
1.10574
1.10095
1.09095
1.07694
1.06039
1.04258
1.02452
1.00716
0.991927
0.980969
0.976494
0.979802
0.990688
1.00743
1.02732
1.04736
1.06481
1.07759
1.0844
1.08481
1.07931
1.06917
1.05624
1.04268
1.03076
1.02274
1.0207
1.0261
1.03919
1.05831
1.07997
1.09988
1.11433
1.12111
1.11954
1.11008
1.09414
1.07394
1.05221
1.03142
1.01303
0.997401
0.984415
0.974076
0.966755
0.963027
0.963411
0.968229
0.977436
0.990469
1.00626
1.02349
1.04108
1.05833
1.07477
1.08981
1.10271
1.11283
1.11976
1.12336
1.12373
1.12134
1.11719
1.11283
1.1098
1.10881
1.10925
1.10947
1.10761
1.10241
1.09361
1.08196
1.06902
1.05686
1.04741
1.04175
1.03975
1.04025
1.04184
1.04346
1.04454
1.04487
1.04429
1.04274
1.04039
1.038
1.03693
1.03874
1.04438
1.05367
1.06542
1.07806
1.09015
1.10065
1.10885
1.11421
1.11634
1.11491
1.10974
1.10091
1.08893
1.07498
1.0611
1.04992
1.04388
1.04429
1.05075
1.06134
1.07328
1.08354
1.08937
1.08877
1.08091
1.06649
1.04776
1.02827
1.01194
1.00199
1.00009
1.00635
1.01978
1.03854
1.06008
1.08142
1.09971
1.11286
1.11986
1.12072
1.11624
1.10774
1.09683
1.08525
1.07468
1.06652
1.06162
1.06015
1.0614
1.0639
1.06573
1.06511
1.06084
1.05251
1.04051
1.02584
1.00999
0.994814
0.982255
0.973962
0.970764
0.972471
0.978133
0.986486
0.996203
1.00592
1.01421
1.01971
1.0214
1.01911
1.01375
1.00724
1.00207
1.00055
1.00416
1.01299
1.02574
1.04016
1.05379
1.06457
1.07121
1.07344
1.07235
1.07035
1.06994
1.07195
1.07472
1.07546
1.07226
1.06498
1.05489
1.04398
1.03417
1.02658
1.02118
1.01708
1.01328
1.00931
1.00548
1.0025
1.00095
1.00049
0.999514
0.995987
0.989309
0.9818
0.977954
0.981279
0.991451
1.00482
1.01718
1.02579
1.02975
1.03001
1.02922
1.03128
1.0399
1.05676
1.08046
1.10738
1.13338
1.15505
1.17018
1.17784
1.17828
1.17274
1.16294
1.1506
1.13721
1.1239
1.11133
1.09954
1.08812
1.07654
1.06472
1.05337
1.044
1.03839
1.03772
1.04191
1.04971
1.05928
1.0688
1.07683
1.08247
1.08535
1.08567
1.08408
1.08125
1.0774
1.07207
1.06434
1.05339
1.03916
1.0228
1.00662
0.993541
0.98608
0.985227
0.989968
0.997689
1.00517
1.00964
1.00958
1.00508
0.997812
0.990673
0.986893
0.988788
0.99662
1.00844
1.02108
1.03177
1.03906
1.04314
1.04557
1.04865
1.05457
1.06447
1.07812
1.09419
1.11078
1.12588
1.13764
1.14455
1.14579
1.14149
1.13287
1.12188
1.11048
1.09974
1.08929
1.07774
1.06373
1.04705
1.02914
1.01281
1.00103
0.995566
0.996497
1.00262
1.01224
1.02377
1.03606
1.04857
1.06132
1.07453
1.08821
1.10205
1.11539
1.12741
1.13715
1.14368
1.1465
1.14579
1.14257
1.13839
1.13474
1.13234
1.13069
1.12836
1.12373
1.11581
1.10483
1.09235
1.08072
1.07207
1.06734
1.06606
1.0672
1.07006
1.07475
1.08209
1.09281
1.10687
1.12307
1.13924
1.15311
1.16302
1.16825
1.16899
1.16603
1.16051
1.15377
1.14708
1.14117
1.13582
1.12986
1.12186
1.11092
1.09692
1.08021
1.06117
1.04011
1.01753
0.994742
0.974158
0.958784
0.951025
0.95162
0.959639
0.973238
0.990225
1.00799
1.02356
1.03419
1.03831
1.03597
1.02865
1.01859
1.00798
0.998174
0.989411
0.981052
0.972244
0.962527
0.952128
0.941936
0.933271
0.927602
0.926226
0.92994
0.938913
0.952628
0.969924
0.989161
1.00859
1.02665
1.04209
1.05395
1.06151
1.06454
1.06328
1.05849
1.05127
1.04294
1.03492
1.02835
1.02366
1.0205
1.01807
1.01577
1.0138
1.0131
1.01485
1.01974
1.0276
1.03741
1.04766
1.05683
1.06386
1.0686
1.07181
1.07472
1.07809
1.08185
1.08531
1.08763
1.08818
1.08642
1.08193
1.07453
1.0644
1.05232
1.03975
1.0286
1.02082
1.0178
1.01987
1.02623
1.03512
1.04433
1.05171
1.05554
1.0548
1.04933
1.03977
1.02758
1.01473
1.00326
0.99468
0.989589
0.987539
0.987485
0.988483
0.990199
0.993081
0.99816
1.00659
1.01917
1.03585
1.05567
1.07692
1.0975
1.11528
1.12837
1.13515
1.13441
1.12545
1.10834
1.0843
1.05609
1.02819
1.00635
0.995913
0.999671
1.01628
1.04063
1.0658
1.08541
1.09537
1.0949
1.08679
1.07612
1.06745
1.06275
1.06162
1.06292
1.06532
1.06735
1.06749
1.06469
1.05855
1.0493
1.03751
1.02367
1.00813
0.991228
0.973662
0.956957
0.943715
0.937168
0.939952
0.952771
0.974017
1.00047
1.02844
1.05461
1.07637
1.09191
1.10034
1.10181
1.09772
1.0907
1.0838
1.07943
1.07841
1.0801
1.08328
1.0868
1.08992
1.09226
1.09387
1.09489
1.09534
1.09483
1.0928
1.08882
1.08288
1.07528
1.06651
1.05711
1.04781
1.03962
1.03385
1.03193
1.03497
1.04337
1.05642
1.07243
1.08907
1.10409
1.11597
1.12429
1.12962
1.13288
1.13475
1.13542
1.1347
1.1323
1.12809
1.12207
1.11448
1.10579
1.09665
1.08768
1.07915
1.07078
1.06201
1.0524
1.04209
1.03188
1.02323
1.01791
1.01734
1.02192
1.03065
1.04142
1.05192
1.06031
1.06549
1.06694
1.06436
1.05745
1.04588
1.02982
1.01037
0.989849
0.971275
0.957477
0.950283
0.950342
0.957309
0.970175
0.987649
1.00817
1.02968
1.04958
1.0653
1.07507
1.07819
1.075
1.06651
1.05409
1.03931
1.02374
1.00895
0.996245
0.986387
0.979369
0.974381
0.970229
0.96586
0.960912
0.955926
0.95203
0.950235
0.950775
0.953112
0.956596
0.961398
0.968994
0.981697
1.00121
1.02721
1.05708
1.08699
1.11328
1.13334
1.14574
1.15004
1.14658
1.13635
1.12097
1.10265
1.08393
1.06722
1.05417
1.04527
1.04012
1.03798
1.03826
1.04085
1.04602
1.05396
1.06431
1.07585
1.08666
1.09464
1.09803
1.09567
1.08752
1.07514
1.06184
1.05106
1.04373
1.03729
1.02789
1.01344
0.994934
0.975946
0.961605
0.95681
0.963977
0.98159
1.00473
1.0274
1.04473
1.05401
1.05468
1.04789
1.03599
1.02201
1.00892
0.998892
0.992998
0.991287
0.99319
0.997977
1.00506
1.01395
1.0241
1.03498
1.04638
1.05861
1.07226
1.08769
1.1045
1.12149
1.13704
1.14955
1.15781
1.16104
1.15883
1.15122
1.13865
1.12211
1.10321
1.08401
1.06674
1.05332
1.04498
1.04212
1.04473
1.05304
1.0674
1.0873
1.11054
1.13372
1.15345
1.16735
1.17441
1.17495
1.17025
1.16209
1.15206
1.14087
1.12804
1.11243
1.09313
1.07008
1.04417
1.01705
0.991004
0.96877
0.95312
0.946022
0.947734
0.956383
0.968522
0.980273
0.988493
0.991584
0.989683
0.984463
0.978662
0.975471
0.977653
0.986581
1.00163
1.02041
1.03985
1.05731
1.0714
1.08233
1.09162
1.10113
1.11167
1.12244
1.1318
1.13849
1.14244
1.14457
1.14626
1.14859
1.15186
1.15545
1.15798
1.15783
1.15372
1.1454
1.13402
1.12204
1.11237
1.10735
1.10769
1.11226
1.11844
1.12285
1.12223
1.11461
1.1004
1.08274
1.06642
1.05566
1.05246
1.05635
1.06516
1.07586
1.0855
1.09195
1.09449
1.09388
1.09188
1.09015
1.08921
1.08852
1.08747
1.08623
1.0857
1.08685
1.08999
1.09448
1.09912
1.10293
1.10557
1.10731
1.10866
1.10997
1.1112
1.11204
1.11212
1.11132
1.10973
1.10756
1.10489
1.10145
1.09671
1.09005
1.08115
1.07033
1.05858
1.04718
1.03739
1.03009
1.02569
1.02408
1.02479
1.02732
1.03135
1.03673
1.04323
1.05018
1.05644
1.06061
1.06163
1.05905
1.05306
1.04428
1.03346
1.02156
1.00977
0.999517
0.992157
0.988683
0.989589
0.994907
1.00419
1.01645
1.03015
1.04348
1.05472
1.06264
1.06672
1.06711
1.06445
1.05959
1.05339
1.04669
1.04038
1.03563
1.03348
1.03408
1.03623
1.0379
1.03768
1.03564
1.03303
1.03135
1.03163
1.03424
1.03898
1.04518
1.05192
1.05839
1.06404
1.0686
1.07192
1.07378
1.07383
1.07169
1.06711
1.0601
1.0511
1.04098
1.03079
1.02151
1.01367
1.00728
1.00203
0.997741
0.994521
0.992669
0.992238
0.992812
0.993537
0.993514
0.992226
0.989973
0.988087
0.98873
0.994148
1.0055
1.02198
1.04092
1.05887
1.07293
1.08153
1.08434
1.08184
1.07502
1.06521
1.05422
1.04421
1.03733
1.03513
1.03793
1.04461
1.05303
1.06088
1.06659
1.06991
1.07173
1.07348
1.07622
1.08012
1.08456
1.08863
1.09172
1.09383
1.09557
1.09783
1.10139
1.10653
1.11279
1.11909
1.12419
1.12721
1.12809
1.12749
1.12659
1.12647
1.12769
1.12993
1.13214
1.13292
1.13096
1.1253
1.11535
1.10102
1.08279
1.06185
1.04011
1.01988
1.00335
0.992057
0.986543
0.986526
0.991208
0.99975
1.01155
1.02617
1.0429
1.06052
1.0774
1.09195
1.10294
1.10955
1.11132
1.10828
1.10112
1.09136
1.08131
1.07343
1.06963
1.07043
1.07491
1.0814
1.08831
1.0947
1.10033
1.10546
1.11053
1.1159
1.12174
1.12796
1.13426
1.14023
1.14538
1.14911
1.15086
1.15004
1.14613
1.13874
1.12785
1.11394
1.09798
1.08125
1.065
1.05024
1.03769
1.02779
1.02075
1.0165
1.01484
1.01554
1.01837
1.02291
1.02846
1.03413
1.03934
1.04405
1.04874
1.05402
1.06028
1.06756
1.07577
1.08493
1.0951
1.10621
1.11778
1.12877
1.13773
1.14313
1.14374
1.13911
1.1299
1.11795
1.10606
1.0973
1.09416
1.09774
1.10748
1.12136
1.13665
1.15068
1.16142
1.16765
1.16889
1.16519
1.15699
1.14502
1.1303
1.11412
1.09784
1.08281
1.07016
1.06069
1.05483
1.05258
1.05351
1.05675
1.06107
1.0651
1.06756
1.06736
1.06367
1.05618
1.04529
1.03226
1.01886
1.00671
0.996647
0.988533
0.981688
0.975453
0.969603
0.964471
0.960877
0.959852
0.962244
0.968335
0.97772
0.989491
1.00247
1.01536
1.02683
1.0357
1.04117
1.04297
1.04133
1.03682
1.03002
1.02149
1.01194
1.00254
0.994995
0.990961
0.991199
0.995402
1.00254
1.01109
1.01903
1.02392
1.02354
1.01683
1.00446
0.988756
0.972723
0.958817
0.948129
0.94055
0.935602
0.933182
0.933611
0.937083
0.942959
0.949623
0.955171
0.95851
0.960073
0.961502
0.964565
0.970056
0.977643
0.98664
0.996777
1.00817
1.0208
1.03403
1.04666
1.05763
1.06661
1.07412
1.08112
1.08858
1.09711
1.10667
1.11669
1.12623
1.13438
1.14034
1.14353
1.14358
1.14044
1.13446
1.12636
1.117
1.10717
1.09727
1.0872
1.0764
1.06419
1.05035
1.03571
1.02221
1.01208
1.00689
1.00686
1.01099
1.01776
1.02578
1.03395
1.04133
1.04689
1.04967
1.04905
1.04508
1.03849
1.03034
1.02162
1.01306
1.00534
0.999455
0.996802
0.998773
1.00609
1.01815
1.03295
1.04761
1.05938
1.06669
1.06949
1.06892
1.0663
1.06207
1.05545
1.04499
1.02958
1.00926
0.985479
0.960685
0.937723
0.919339
0.907643
0.903635
0.906959
0.916211
0.929623
0.945647
0.963262
0.981897
1.00129
1.02119
1.04118
1.06068
1.07907
1.09587
1.1108
1.12361
1.13396
1.14151
1.14617
1.14827
1.14843
1.1472
1.14505
1.14235
1.13954
1.13716
1.13571
1.1355
1.1364
1.13772
1.13825
1.13656
1.13138
1.12188
1.10781
1.0898
1.06967
1.0505
1.0358
1.02778
1.02615
1.02858
1.03212
1.03441
1.03406
1.03043
1.02367
1.01481
1.00585
0.999263
0.99716
1.00047
1.00873
1.02042
1.03356
1.04622
1.05707
1.06568
1.0725
1.07841
1.08408
1.08949
1.09397
1.09675
1.09759
1.09726
1.09738
1.09974
1.1053
1.11355
1.12264
1.13023
1.13465
1.13549
1.13356
1.13036
1.12746
1.12608
1.12689
1.13006
1.13528
1.14186
1.1488
1.15511
1.16008
1.16352
1.16553
1.16606
1.16461
1.16032
1.15225
1.13989
1.12347
1.10424
1.08459
1.0676
1.05617
1.05198
1.05474
1.06237
1.072
1.08111
1.08832
1.09339
1.09674
1.09892
1.10026
1.1009
1.10102
1.10104
1.10153
1.1026
1.10353
1.10294
1.09954
1.09269
1.08248
1.06948
1.05458
