0.8
0.793271
0.770445
0.732688
0.681657
0.619519
0.549364
0.475208
0.401784
0.33416
0.277106
0.234349
0.207901
0.197782
0.202139
0.217749
0.240718
0.267118
0.293482
0.317096
0.801238
0.814788
0.806212
0.777503
0.73195
0.674043
0.609371
0.54439
0.485894
0.440383
0.413099
0.407084
0.4226
0.457061
0.505589
0.561906
0.619438
0.67232
0.715969
0.747383
0.800542
0.804429
0.795114
0.775424
0.749193
0.720823
0.694377
0.672672
0.656936
0.646923
0.64155
0.639515
0.639701
0.641473
0.644671
0.649429
0.655899
0.664039
0.673607
0.684188
0.800567
0.810815
0.817698
0.820813
0.81989
0.814863
0.80596
0.793799
0.779491
0.764441
0.750075
0.737591
0.727882
0.721386
0.718101
0.717722
0.719643
0.722996
0.726788
0.730021
0.800035
0.799529
0.796221
0.791464
0.786777
0.783087
0.780543
0.778456
0.775701
0.771049
0.763642
0.753275
0.740736
0.727771
0.716459
0.708465
0.704389
0.7037
0.705138
0.707389
0.800082
0.800779
0.79888
0.794987
0.789547
0.782669
0.774092
0.763451
0.750532
0.735569
0.719469
0.704031
0.691853
0.685807
0.688325
0.700549
0.721678
0.748963
0.778464
0.806209
0.800957
0.817696
0.828641
0.834666
0.83761
0.840059
0.844561
0.852958
0.865499
0.880662
0.895686
0.907551
0.913845
0.913204
0.905324
0.890803
0.871114
0.848612
0.826186
0.806773
0.799402
0.790956
0.787635
0.787744
0.789124
0.789596
0.787311
0.781122
0.771132
0.758849
0.746874
0.738139
0.735038
0.738599
0.748319
0.762565
0.779142
0.795712
0.810144
0.820602
0.800082
0.799391
0.793042
0.781574
0.76631
0.749472
0.733786
0.721468
0.713546
0.709956
0.710637
0.716078
0.726769
0.742245
0.760781
0.78017
0.79862
0.8152
0.829633
0.841744
0.80037
0.80753
0.813211
0.817778
0.821862
0.826091
0.830666
0.835161
0.838707
0.840269
0.839004
0.834593
0.827327
0.817928
0.807441
0.796749
0.786247
0.77558
0.763964
0.75104
0.797965
0.785397
0.776498
0.773222
0.774988
0.778796
0.780749
0.777983
0.769951
0.758397
0.746564
0.737877
0.7348
0.738318
0.747958
0.762081
0.778437
0.794845
0.809702
0.822165
0.831937
0.838975
0.843224
0.844645
0.843465
0.840155
0.835229
0.828978
0.821363
0.812183
0.801204
0.788492
0.774346
0.759321
0.743961
0.728835
0.714633
0.702355
0.693318
0.688843
0.689752
0.696131
0.707276
0.721933
0.738533
0.755401
0.770902
0.783815
0.793488
0.799761
0.802879
0.80326
0.801335
0.79763
0.792769
0.787381
0.781973
0.776829
0.772296
0.768936
0.767449
0.768506
0.772614
0.780114
0.790973
0.804685
0.82021
0.835803
0.84935
0.858787
0.862696
0.860628
0.853175
0.841729
0.828016
0.813554
0.799222
0.785342
0.772117
0.759805
0.748873
0.739773
0.733079
0.729718
0.730966
0.73771
0.749635
0.764997
0.781309
0.79621
0.80813
0.816383
0.821011
0.822469
0.821491
0.81891
0.815683
0.812799
0.81114
0.811293
0.813244
0.816311
0.819361
0.821202
0.820824
0.817496
0.810854
0.800918
0.788349
0.774618
0.761945
0.752715
0.748789
0.750958
0.758764
0.770932
0.785857
0.802034
0.818187
0.833178
0.845928
0.855489
0.861027
0.861922
0.857896
0.849273
0.836937
0.822311
0.806997
0.792271
0.778862
0.767209
0.757937
0.752094
0.750852
0.754739
0.763332
0.775158
0.787989
0.799332
0.807038
0.809757
0.807178
0.79988
0.789027
0.776128
0.762743
0.750435
0.740475
0.733632
0.72977
0.727925
0.726693
0.724931
0.722409
0.720038
0.719651
0.723246
0.732297
0.747082
0.766594
0.788939
0.81192
0.833511
0.852199
0.867144
0.877922
0.884408
0.886492
0.884298
0.878218
0.868986
0.857512
0.844764
0.83151
0.818307
0.805509
0.793384
0.782543
0.774287
0.770499
0.77263
0.780389
0.791412
0.80221
0.809665
0.811839
0.808187
0.799382
0.786936
0.772759
0.758794
0.746639
0.7373
0.731041
0.727632
0.726715
0.728109
0.731892
0.738143
0.746615
0.756815
0.768331
0.781175
0.795645
0.811818
0.828982
0.845395
0.858642
0.866299
0.866786
0.859984
0.847497
0.83218
0.81705
0.804209
0.794477
0.787733
0.783356
0.780531
0.7783
0.775647
0.771818
0.766513
0.760069
0.75346
0.748053
0.745149
0.745577
0.749639
0.757094
0.767357
0.779547
0.792581
0.805304
0.81665
0.825745
0.832024
0.835127
0.834949
0.831624
0.82573
0.81826
0.810624
0.804223
0.799819
0.797067
0.794704
0.791145
0.785241
0.776663
0.765849
0.753822
0.741821
0.731126
0.722948
0.718494
0.718886
0.725012
0.737292
0.755493
0.778574
0.80468
0.831358
0.855907
0.875825
0.889211
0.895099
0.893471
0.885218
0.871839
0.855133
0.836845
0.818387
0.800768
0.78462
0.770331
0.758269
0.748964
0.743137
0.741428
0.743832
0.749415
0.756472
0.763251
0.768489
0.771671
0.772985
0.773054
0.772638
0.772492
0.773278
0.775528
0.779631
0.785864
0.794354
0.804946
0.81709
0.829837
0.841947
0.852042
0.858892
0.861717
0.860483
0.855763
0.848533
0.839672
0.829733
0.818738
0.806314
0.792108
0.776087
0.758783
0.74133
0.725264
0.712225
0.703642
0.700489
0.703302
0.7122
0.726869
0.746476
0.769344
0.792889
0.813937
0.82952
0.837736
0.838145
0.831696
0.820492
0.807455
0.795909
0.788819
0.787987
0.793494
0.803674
0.815726
0.826566
0.833621
0.835465
0.831969
0.823971
0.813122
0.801624
0.791687
0.784891
0.781769
0.781886
0.784401
0.788477
0.793381
0.798372
0.802685
0.805524
0.8063
0.804667
0.800497
0.793961
0.785777
0.777259
0.77019
0.766429
0.767316
0.773114
0.782854
0.794693
0.806671
0.817257
0.82556
0.831299
0.834558
0.835504
0.834281
0.831093
0.826505
0.821492
0.817128
0.813991
0.811721
0.80913
0.804871
0.798132
0.788947
0.778443
0.76841
0.760711
0.75651
0.755868
0.75777
0.76058
0.762675
0.763199
0.762615
0.762471
0.764421
0.768939
0.775009
0.780704
0.784184
0.784258
0.780536
0.773301
0.763332
0.751816
0.740181
0.730067
0.723267
0.721498
0.726055
0.737411
0.754742
0.776098
0.798789
0.820123
0.837868
0.850616
0.857765
0.859448
0.856689
0.851397
0.845918
0.842105
0.840571
0.840744
0.84165
0.842501
0.842751
0.841786
0.838704
0.832613
0.823169
0.810901
0.79709
0.783337
0.771125
0.761528
0.755238
0.752597
0.753631
0.757871
0.764489
0.772421
0.780664
0.788436
0.795321
0.801243
0.806368
0.810709
0.813881
0.815004
0.813175
0.808102
0.800661
0.792928
0.787637
0.787274
0.793133
0.804687
0.819639
0.834623
0.846203
0.851739
0.849971
0.841009
0.826135
0.807473
0.787581
0.769148
0.754722
0.746263
0.744805
0.750143
0.760949
0.77516
0.790566
0.805208
0.817532
0.826441
0.83132
0.831952
0.828585
0.821733
0.812068
0.800223
0.786776
0.772205
0.757148
0.742558
0.729566
0.71912
0.711705
0.707311
0.705602
0.706164
0.708539
0.712261
0.716786
0.721483
0.725503
0.728157
0.729215
0.729287
0.72981
0.732625
0.739308
0.750589
0.766155
0.784953
0.805604
0.826786
0.847395
0.866534
0.883231
0.896346
0.90473
0.907335
0.903546
0.893167
0.876613
0.854972
0.830075
0.804726
0.782255
0.76556
0.756051
0.75351
0.756847
0.764825
0.776311
0.790005
0.804198
0.81692
0.826254
0.830675
0.82929
0.82192
0.809231
0.792621
0.774225
0.756672
0.742587
0.733935
0.731534
0.73491
0.74267
0.753091
0.764832
0.777381
0.791152
0.806955
0.825046
0.844364
0.86269
0.877528
0.887103
0.890731
0.88858
0.881127
0.868977
0.852806
0.833484
0.812169
0.790256
0.769318
0.751004
0.736935
0.72859
0.72698
0.731937
0.741771
0.753743
0.765048
0.773722
0.779069
0.781582
0.782725
0.784443
0.78827
0.79456
0.80232
0.80969
0.814635
0.81577
0.812832
0.806915
0.800216
0.795373
0.794447
0.798122
0.805348
0.813922
0.821338
0.826087
0.828212
0.828813
0.828699
0.827717
0.825498
0.822179
0.818451
0.814965
0.811864
0.80866
0.804404
0.7982
0.789842
0.780288
0.771482
0.765397
0.762812
0.763192
0.765256
0.767847
0.770221
0.772133
0.773556
0.774421
0.774493
0.773552
0.771599
0.769218
0.767528
0.768038
0.772117
0.780491
0.792633
0.80677
0.820249
0.830298
0.834724
0.832337
0.823211
0.808817
0.791848
0.775939
0.765102
0.762878
0.771476
0.791034
0.819312
0.852191
0.884721
0.912292
0.931508
0.940377
0.938409
0.926382
0.905995
0.879497
0.849377
0.817995
0.787528
0.759846
0.736307
0.717801
0.704834
0.697689
0.696393
0.700518
0.70924
0.721608
0.736926
0.754522
0.773495
0.792513
0.810037
0.824614
0.835138
0.84094
0.841912
0.838452
0.831399
0.82173
0.810377
0.797981
0.784957
0.771658
0.758568
0.746574
0.736752
0.730197
0.727693
0.729679
0.736286
0.747338
0.762395
0.780637
0.800893
0.821584
0.840874
0.856674
0.866935
0.870126
0.865719
0.854467
0.838277
0.819772
0.801554
0.785604
0.772994
0.764035
0.758703
0.75703
0.759088
0.764771
0.773591
0.784683
0.797044
0.809766
0.821959
0.832642
0.840726
0.845235
0.84576
0.842722
0.837444
0.831805
0.827301
0.824203
0.821486
0.817531
0.811169
0.802285
0.791739
0.780869
0.771026
0.763127
0.757616
0.754452
0.753267
0.753578
0.754873
0.756695
0.758774
0.761103
0.763989
0.767968
0.773604
0.78116
0.79021
0.799386
0.806798
0.81085
0.810897
0.807601
0.802564
0.797692
0.794572
0.794005
0.79596
0.799921
0.80531
0.811682
0.818802
0.826559
0.834822
0.843425
0.852266
0.861243
0.870231
0.878821
0.886056
0.890503
0.89069
0.885441
0.874205
0.857174
0.835246
0.809803
0.78248
0.754928
0.72881
0.706093
0.689437
0.681855
0.685373
0.699389
0.720128
0.74206
0.759928
0.770376
0.772538
0.767598
0.758296
0.748003
0.739844
0.735874
0.736705
0.741773
0.749692
0.758905
0.768168
0.77683
0.784895
0.792328
0.798614
0.802691
0.803432
0.800335
0.793908
0.785678
0.777744
0.772187
0.770497
0.773222
0.779825
0.788917
0.798702
0.80748
0.813975
0.817621
0.818504
0.817244
0.814827
0.812398
0.81096
0.811144
0.813063
0.816234
0.819641
0.821843
0.821349
0.817231
0.809589
0.799775
0.789731
0.781356
0.775556
0.772168
0.770381
0.769375
0.768579
0.767932
0.767797
0.768773
0.771424
0.775949
0.782045
0.788893
0.795321
0.79995
0.801441
0.798874
0.79184
0.780698
0.766499
0.750798
0.735516
0.722745
0.714464
0.712075
0.715976
0.725326
0.738171
0.751846
0.763713
0.77182
0.775295
0.774475
0.770562
0.765252
0.760343
0.757616
0.758631
0.764341
0.774651
0.788195
0.802705
0.815715
0.825307
0.830472
0.83119
0.828314
0.82327
0.817749
0.813312
0.810999
0.811038
0.812919
0.815557
0.817634
0.817961
0.815773
0.810996
0.804263
0.796781
0.789881
0.784554
0.781139
0.779411
0.778806
0.778693
0.778504
0.777772
0.775939
0.77251
0.767443
0.761443
0.756025
0.753128
0.754188
0.759583
0.768713
0.780306
0.792736
0.804162
0.812949
0.818098
0.819519
0.817983
0.814865
0.811807
0.810239
0.811086
0.814752
0.821079
0.829465
0.838999
0.848481
0.856612
0.862143
0.864043
0.861499
0.854138
0.842171
0.826243
0.807472
0.787327
0.76748
0.7496
0.735361
0.726306
0.723493
0.727189
0.736693
0.750216
0.765178
0.778721
0.788549
0.793634
0.794164
0.791328
0.786962
0.783066
0.781438
0.783243
0.788484
0.795953
0.803573
0.809165
0.811019
0.808416
0.801846
0.792826
0.783425
0.775572
0.77043
0.768177
0.768317
0.769921
0.772168
0.774604
0.777246
0.780472
0.784782
0.790702
0.798648
0.808571
0.819657
0.830316
0.838442
0.842032
0.839907
0.832109
0.820087
0.806453
0.794321
0.786589
0.785139
0.790147
0.800306
0.813307
0.826692
0.838637
0.848121
0.854709
0.858094
0.857863
0.853712
0.845645
0.834002
0.819372
0.802396
0.783702
0.764243
0.745687
0.730676
0.722517
0.724142
0.736456
