0.499897  -0.499953  0.499908
-0.333422  -0.333461  -0.499895
-0.499933  -0.333413  -0.333255
-0.33334  -0.499981  -0.333374
-0.16661  -0.499993  0.499851
-0.000128669  -0.333368  0.49993
-0.166535  -0.333358  -0.333167
9.79389e-05  -0.499867  -0.333433
0.166794  -0.499956  -0.499872
0.333476  -0.33349  -0.499902
0.166674  -0.333436  -0.333368
0.333413  0.499965  -0.333338
-0.499986  -0.166815  -0.499927
-0.333413  2.04137e-06  0.499912
-0.499955  -0.00012073  -0.333257
-0.333272  -0.166759  -0.333471
-0.16651  -0.166807  0.499994
0.000150722  0.000114631  0.499948
-0.166787  6.18991e-05  -0.333184
0.000172946  -0.166641  -0.333183
0.166766  -0.166814  0.499868
0.333227  8.95734e-05  0.49999
0.16672  -7.65465e-05  -0.333334
0.333288  -0.166666  -0.333175
-0.499968  0.166532  0.499858
-0.333396  0.333417  0.499923
0.499964  0.333394  -0.333393
-0.333209  0.166698  -0.333458
-0.166766  0.166735  -0.499906
-0.000120988  0.333395  0.49994
-0.166809  0.333315  -0.333383
-0.000109311  0.166698  -0.333473
0.166712  0.166572  0.499941
0.333206  0.33335  -0.499901
0.166527  0.333203  -0.333212
0.333217  0.16663  -0.333307
0.499971  -0.499915  -0.16676
-0.333257  -0.333304  -0.166571
-0.499883  -0.333247  -1.59599e-05
-0.333294  -0.499878  -0.000133877
-0.166522  -0.499863  -0.166662
-7.62603e-05  -0.333485  -0.16681
-0.166717  -0.333283  -8.10259e-05
5.56075e-05  -0.49992  9.31466e-05
0.16665  -0.499903  -0.166547
0.333267  -0.333196  -0.166762
0.166791  -0.333405  0.000146233
0.333193  -0.499838  -4.22055e-06
-0.49988  -0.166568  -0.166764
-0.3334  -4.16503e-05  -0.166821
0.499964  -7.63735e-05  0.000139855
-0.333199  -0.166662  0.000144987
-0.166511  -0.166556  -0.166651
-9.61853e-05  -1.36334e-05  -0.16675
-0.166504  0.000126211  -0.000165241
0.000110916  -0.166787  0.000129089
0.166511  -0.166506  -0.166788
0.333489  0.000177922  -0.166806
0.166647  0.000118616  0.000116413
0.333381  -0.166795  -0.00010456
-0.499941  0.16666  -0.16669
-0.333306  0.333281  -0.166529
-0.499999  0.333258  6.89031e-05
-0.333488  0.166652  -0.000124053
-0.166739  0.166634  -0.166507
-7.19953e-05  0.333232  -0.166807
-0.166781  0.333233  -0.000158321
-7.06518e-05  0.166542  -0.000159722
0.166622  0.166679  -0.166551
0.333234  0.333214  -0.166521
0.166628  0.333429  -4.05408e-05
0.333436  0.16661  6.46718e-05
-0.499931  -0.499899  0.166813
-0.333367  -0.333229  0.166619
-0.499992  -0.333481  0.33341
-0.333337  0.499937  0.333467
-0.166646  0.49998  0.16652
2.79242e-05  -0.333267  0.166553
-0.166633  -0.333155  0.333389
-2.17397e-05  0.499899  0.333426
0.166619  -0.499983  0.166676
0.33341  -0.333394  0.166777
0.166637  -0.333168  0.333365
0.333279  0.499953  0.33329
-0.499937  -0.16655  0.166633
-0.333365  -6.66114e-05  0.166727
0.49993  0.000111266  0.333195
-0.333384  -0.166707  0.333418
-0.166666  -0.166517  0.16675
-0.000115607  -5.15994e-05  0.166806
-0.166524  5.76221e-05  0.333311
-1.99661e-05  -0.166712  0.333408
0.166585  -0.166584  0.166727
0.333449  -0.000151974  0.166837
0.166568  6.77599e-05  0.333441
0.333366  -0.16681  0.333195
0.499922  0.166611  0.166797
-0.333384  0.333384  0.166577
0.499862  0.333204  0.333215
-0.333222  0.166579  0.33332
-0.166587  0.166541  0.166532
-0.000114461  0.333345  0.166644
-0.166542  0.333421  0.333214
1.39633e-05  0.16669  0.333219
0.166679  0.166748  0.166777
0.333283  0.333268  0.166791
0.166643  0.333347  0.333223
0.333269  0.166786  0.33343
