-7.85046
-7.83801
-7.79754
-7.72002
-7.62901
-7.5253
-7.41237
-7.29314
-7.17964
-7.07624
-6.98967
-6.92595
-6.88716
-6.87205
-6.8802
-6.90499
-6.9399
-6.97906
-7.01836
-7.05223
-7.07959
-7.09839
-7.10931
-7.11169
-7.1062
-7.09531
-7.06541
-7.01102
-6.9354
-6.84819
-6.76108
-6.681
-6.61991
-6.5837
-6.57873
-6.60615
-6.65544
-6.71767
-6.78441
-6.84717
-6.90156
-6.93714
-6.95751
-6.96384
-6.95425
-6.93121
-6.89944
-6.86704
-6.83243
-6.80123
-6.77193
-6.74772
-6.72671
-6.70714
-6.68996
-6.67906
-6.67788
-6.68363
-6.69889
-6.71961
-6.74978
-6.78186
-6.8131
-6.8407
-6.86477
-6.88065
-6.88795
-6.88488
-6.87535
-6.86157
-6.84509
-6.82685
-6.81196
-6.79675
-6.78371
-6.77142
-6.76111
-6.75052
-6.74201
-6.73664
-6.73285
-6.73451
-6.73929
-6.74773
-6.76016
-6.77103
-6.78507
-6.79695
-6.80289
-6.80364
-6.79706
-6.78227
-6.76612
-6.74612
-6.7266
-6.7069
-6.68832
-6.67367
-6.66741
-6.66577
-6.66852
-6.6711
-6.67343
-6.67195
-6.66782
-6.65966
-6.64778
-6.63376
-6.61827
-6.6018
-6.58277
-6.5659
-6.55291
-6.54538
-6.54785
-6.55645
-6.5779
-6.60279
-6.63067
-6.65878
-6.68105
-6.69885
-6.71715
-6.72742
-6.73719
-6.7451
-6.7583
-6.77263
-6.79042
-6.81229
-6.83293
-6.84916
-6.85726
-6.85363
-6.84243
-6.82251
-6.79482
-6.76351
-6.73228
-6.7059
-6.6844
-6.66795
-6.65751
-6.6511
-6.64763
-6.64436
-6.63757
-6.63094
-6.62383
-6.61529
-6.60736
-6.60036
-6.5988
-6.60335
-6.61029
-6.62162
-6.63337
-6.64844
-6.66275
-6.67608
-6.68672
-6.69205
-6.69602
-6.69688
-6.69238
-6.68538
-6.67392
-6.65824
-6.64165
-6.62379
-6.60786
-6.59784
-6.59702
-6.60348
-6.62155
-6.64687
-6.67355
-6.70047
-6.72447
-6.7417
-6.75097
-6.75511
-6.75623
-6.75411
-6.74847
-6.73868
-6.73112
-6.72363
-6.71639
-6.71462
-6.71441
-6.71754
-6.72237
-6.73399
-6.74917
-6.76622
-6.78272
-6.79972
-6.80754
-6.80923
-6.80204
-6.79062
-6.77402
-6.75658
-6.74
-6.7264
-6.71664
-6.71313
-6.71497
-6.71784
-6.72101
-6.71975
-6.71572
-6.70135
-6.68188
-6.65734
-6.62802
-6.59796
-6.56972
-6.54577
-6.52798
-6.52209
-6.5298
-6.54939
-6.57979
-6.61662
-6.65398
-6.69047
-6.71935
-6.73687
-6.74297
-6.73855
-6.7207
-6.69428
-6.65905
-6.62062
-6.58154
-6.54806
-6.52626
-6.52025
-6.53212
-6.55972
-6.59969
-6.64341
-6.6814
-6.71052
-6.72595
-6.73175
-6.73283
-6.72929
-6.72365
-6.71747
-6.71593
-6.71462
-6.71425
-6.71873
-6.71952
-6.72221
-6.72426
-6.72449
-6.72396
-6.72297
-6.71911
-6.71461
-6.71035
-6.70651
-6.70865
-6.71527
-6.72899
-6.74129
-6.75456
-6.76525
-6.77334
-6.7783
-6.77481
-6.76614
-6.75018
-6.72874
-6.70761
-6.68468
-6.6633
-6.64594
-6.63664
-6.63467
-6.63892
-6.64763
-6.65591
-6.66329
-6.66959
-6.67546
-6.68468
-6.69448
-6.70796
-6.723
-6.73743
-6.74958
-6.75405
-6.75416
-6.74921
-6.73691
-6.72372
-6.70969
-6.69474
-6.67761
-6.66197
-6.64388
-6.62861
-6.61256
-6.60233
-6.59593
-6.59592
-6.59575
-6.59969
-6.60608
-6.61427
-6.62394
-6.6362
-6.653
-6.67122
-6.69241
-6.70986
-6.72138
-6.72456
-6.71496
-6.69985
-6.6826
-6.66965
-6.66456
-6.66903
-6.68187
-6.70726
-6.73627
-6.76594
-6.79288
-6.81006
-6.81776
-6.81859
-6.81262
-6.8002
-6.78409
-6.76649
-6.74189
-6.71767
-6.69082
-6.66612
-6.64383
-6.62113
-6.60572
-6.59438
-6.58586
-6.58147
-6.57781
-6.57651
-6.57885
-6.58633
-6.59699
-6.61226
-6.63383
-6.6583
-6.68342
-6.70493
-6.72539
-6.73941
-6.74957
-6.75073
-6.74902
-6.7432
-6.7346
-6.72494
-6.7141
-6.70429
-6.69863
-6.69561
-6.69484
-6.69898
-6.70346
-6.71
-6.71485
-6.71287
-6.7082
-6.70263
-6.70141
-6.70264
-6.70948
-6.72455
-6.74216
-6.75914
-6.76998
-6.77876
-6.77665
-6.76147
-6.74015
-6.715
-6.68553
-6.65997
-6.63647
-6.61263
-6.59416
-6.58139
-6.57802
-6.57849
-6.58608
-6.59427
-6.60755
-6.61844
-6.62894
-6.63948
-6.64942
-6.65709
-6.66729
-6.67586
-6.68745
-6.69751
-6.71029
-6.71974
-6.73086
-6.73709
-6.74118
-6.73922
-6.73544
-6.72699
-6.71364
-6.70027
-6.68577
-6.67642
-6.66934
-6.66462
-6.66422
-6.6661
-6.66957
-6.67531
-6.68428
-6.69477
-6.70431
-6.71045
-6.71368
-6.70819
-6.6969
-6.68039
-6.66662
-6.65246
-6.6408
-6.63623
-6.63932
-6.64855
-6.66446
-6.67993
-6.69546
-6.7081
-6.71717
-6.71752
-6.71165
-6.70098
-6.68392
-6.66376
-6.64279
-6.62483
-6.60818
-6.59971
-6.59536
-6.60066
-6.61187
-6.62941
-6.6567
-6.68919
-6.72609
-6.7635
-6.79748
-6.82232
-6.83691
-6.83719
-6.82579
-6.80203
-6.76998
-6.7305
-6.68798
-6.65106
-6.62208
-6.60538
-6.60164
-6.60976
-6.62493
-6.64379
-6.66173
-6.67654
-6.68513
-6.68727
-6.69084
-6.69529
-6.6985
-6.70433
-6.70861
-6.71207
-6.71176
-6.71396
-6.7144
-6.7194
-6.72689
-6.73499
-6.74704
-6.76017
-6.77332
-6.78173
-6.78556
-6.78842
-6.78055
-6.7684
-6.7514
-6.73058
-6.70949
-6.69057
-6.67783
-6.66894
-6.66464
-6.65988
-6.65553
-6.64424
-6.62778
-6.60713
-6.58126
-6.55957
-6.54396
-6.53354
-6.53168
-6.53705
-6.55035
-6.5684
-6.58743
-6.61277
-6.63803
-6.66575
-6.69375
-6.72266
-6.75061
-6.77784
-6.80457
-6.82263
-6.83331
-6.83497
-6.82987
-6.82105
-6.80597
-6.79203
-6.78002
-6.76826
-6.75427
-6.74213
-6.72794
-6.70975
-6.69031
-6.67067
-6.65349
-6.63881
-6.62919
-6.62488
-6.62193
-6.62374
-6.62424
-6.62707
-6.63089
-6.63669
-6.64166
-6.64937
-6.65956
-6.66489
-6.6704
-6.67498
-6.67935
-6.68129
-6.68227
-6.68232
-6.68006
-6.67931
-6.68402
-6.69181
-6.70105
-6.70863
-6.71452
-6.71571
-6.71168
-6.70509
-6.69938
-6.69918
-6.70111
-6.70476
-6.71293
-6.72477
-6.73748
-6.75132
-6.76294
-6.77231
-6.77719
-6.77843
-6.77893
-6.77455
-6.76726
-6.7607
-6.75839
-6.75383
-6.74434
