2.85
2.84778
2.84006
2.82631
2.80557
2.7764
2.73684
2.68444
2.61647
2.53039
2.42447
2.29877
2.15638
2.00429
1.85326
1.71585
1.60333
1.52267
1.47536
1.4581
1.46463
1.4875
1.51934
1.55378
1.58584
1.61229
1.63164
1.64404
1.65097
1.65455
1.65679
1.65885
1.66068
1.66117
1.65845
1.65041
1.6354
1.61303
1.58476
1.5538
1.5241
1.49891
1.47977
1.46665
1.45895
1.45637
1.45918
1.46762
1.48117
1.49831
1.51665
1.53347
1.54637
1.5536
1.55428
1.54859
1.53793
1.52483
1.51235
1.50291
1.49757
1.49609
1.49781
1.50212
1.50857
1.51651
1.52478
1.53183
1.53621
1.53729
1.53574
1.53354
1.53318
1.53649
1.54388
1.55425
1.56555
1.57559
1.58292
1.58739
1.58992
1.59181
1.59359
1.59466
1.59379
1.59044
1.58542
1.58042
1.57692
1.57568
1.57678
1.57988
1.58439
1.58955
1.59431
1.59754
1.59824
1.5957
1.5895
1.5796
2.84894
2.81722
2.76332
2.688
2.59442
2.48969
2.38553
2.2963
2.23537
2.21166
2.2252
2.26516
2.31601
2.36525
2.40566
2.43394
2.4495
2.45362
2.44894
2.43945
2.42996
2.42391
2.42109
2.41829
2.41311
2.40667
2.40317
2.4075
2.42293
2.44987
2.48565
2.52537
2.56295
2.59221
2.60811
2.60766
2.59118
2.56331
2.53229
2.50624
2.48767
2.47221
2.45381
2.43021
2.40415
2.38135
2.36742
2.36506
2.37306
2.38728
2.40262
2.4154
2.42508
2.43382
2.44366
2.45304
2.45621
2.44648
2.42061
2.38189
2.34102
2.3127
2.30508
2.31133
2.31789
2.31962
2.32321
2.33794
2.36526
2.39792
2.4277
2.4515
2.47134
2.4902
2.50813
2.52134
2.52479
2.51572
2.49533
2.46845
2.442
2.42266
2.41509
2.42057
2.43639
2.45617
2.47119
2.47246
2.45378
2.41469
2.36227
2.30945
2.27001
2.25276
2.25877
2.2828
2.31662
2.35225
2.3837
2.40716
2.85049
2.85485
2.85188
2.85057
2.85603
2.86721
2.87967
2.89006
2.89817
2.90581
2.91353
2.91795
2.91285
2.89441
2.86531
2.83353
2.80647
2.78685
2.77439
2.76874
2.76858
2.76935
2.76407
2.74664
2.71619
2.67933
2.64845
2.63535
2.64362
2.666
2.68963
2.70477
2.70956
2.7076
2.70293
2.69799
2.6946
2.69448
2.69831
2.70434
2.70848
2.70711
2.7002
2.69077
2.68245
2.67883
2.68471
2.70323
2.7314
2.76232
2.79184
2.82005
2.8476
2.87237
2.88981
2.89551
2.88761
2.86774
2.84074
2.81301
2.79012
2.77497
2.76721
2.76397
2.76141
2.75698
2.75068
2.74363
2.73642
2.72891
2.72008
2.70786
2.69036
2.66869
2.64791
2.6345
2.63264
2.6422
2.65946
2.67983
2.70084
2.72313
2.74779
2.7723
2.79005
2.79459
2.78381
2.75967
2.72693
2.69337
2.66773
2.65458
2.65299
2.66194
2.68523
2.72755
2.78474
2.84268
2.88761
2.91304
2.84979
2.83898
2.81579
2.78424
2.74919
2.71583
2.68859
2.67148
2.66879
2.68271
2.7101
2.74315
2.77294
2.79202
2.79541
2.78136
2.75246
2.716
2.68203
2.65914
2.65006
2.65072
2.65391
2.65393
2.6484
2.63792
2.62484
2.61232
2.60326
2.59942
2.60092
2.6062
2.61238
2.61697
2.62065
2.62895
2.64882
2.68124
2.71838
2.74864
2.76283
2.75663
2.73073
2.69157
2.65143
2.62335
2.61156
2.60922
2.60775
2.60423
2.59962
2.5942
2.5866
2.57529
2.55991
2.54212
2.52583
2.51573
2.51475
2.52293
2.53882
2.5606
2.58545
2.60862
2.62444
2.62843
2.61808
2.59271
2.55421
2.50837
2.46519
2.43568
2.42705
2.44043
2.47229
2.51669
2.56604
2.61141
2.64448
2.65982
2.65579
2.634
2.5985
2.55601
2.51646
2.49153
2.4904
2.51467
2.55688
2.60371
2.64125
2.6597
2.65691
2.63926
2.61856
2.60566
2.60473
2.61313
2.62661
2.64358
2.85113
2.87405
2.88952
2.88712
2.85994
2.8105
2.75094
2.69728
2.66139
2.64777
2.6566
2.68568
2.72873
2.7746
2.80982
2.82376
2.81396
2.78873
2.76305
2.74669
2.73791
2.73117
2.72455
2.7186
2.71335
2.70809
2.70174
2.69345
2.68408
2.67721
2.67676
2.68279
2.69115
2.6985
2.70474
2.71142
2.71962
2.72982
2.742
2.75493
2.76561
2.77011
2.76537
2.75056
2.72789
2.70247
2.68007
2.66414
2.65442
2.6483
2.64349
2.63997
2.63883
2.64006
2.64266
2.64664
2.65323
2.66235
2.67186
2.68028
2.68998
2.7067
2.7344
2.76922
2.79964
2.8142
2.80915
2.78899
2.76021
2.726
2.6885
2.65417
2.63351
2.63445
2.65585
2.68717
2.71335
2.72041
2.69901
2.64687
2.57167
2.49222
2.43229
2.40702
2.41698
2.45624
2.51898
2.5957
2.6711
2.7314
2.77038
2.78723
2.78275
2.75933
2.7223
2.67903
2.63685
2.60148
2.57629
2.56337
2.86784
2.89689
2.93614
2.98359
3.03744
3.09343
3.14286
3.17674
3.19369
3.20136
3.20742
3.21036
3.20374
3.18526
3.15895
3.13224
3.11272
3.10444
3.10561
3.10918
3.10667
3.09175
3.06141
3.01619
2.96131
2.90705
2.86433
2.83916
2.83166
2.83786
2.8521
2.86989
2.89
2.91363
2.94176
2.97256
3.00026
3.01667
3.01545
2.9977
2.97491
2.9651
2.98093
3.01982
3.0678
3.11168
3.14588
3.17101
3.18916
3.20122
3.20666
3.20473
3.19572
3.18177
3.16644
3.15338
3.14453
3.13862
3.13111
3.11628
3.09076
3.05659
3.02154
2.99554
2.98446
2.98576
2.99082
2.99165
2.98513
2.97202
2.95361
2.92994
2.90158
2.87116
2.84308
2.82175
2.81051
2.81197
2.82739
2.85406
2.88434
2.90893
2.92278
2.92978
2.94224
2.97196
3.01904
3.07106
3.11163
3.12814
3.11504
3.07542
3.02076
2.96699
2.92722
2.90654
2.90256
2.90869
2.91631
2.91682
2.90465
2.87997
2.84861
2.81811
2.79329
2.77563
2.76735
2.77414
2.80221
2.85248
2.91799
2.98746
3.05078
3.10263
3.14236
3.17114
3.189
3.19499
3.18902
3.17279
3.14923
3.12151
3.09302
3.06789
3.05052
3.04385
3.04766
3.05857
3.07224
3.08493
3.09412
3.0988
3.09968
3.09812
3.0938
3.08394
3.06564
3.03913
3.00735
2.97413
2.9435
2.92064
2.91053
2.91296
2.91814
2.91024
2.87742
2.81911
2.74498
2.66897
2.60506
2.56567
2.55959
2.58907
2.64717
2.71829
2.78549
2.8394
2.88
2.91091
2.93391
2.94827
2.95375
2.95289
2.94967
2.94687
2.94556
2.94665
2.95138
2.95999
2.97139
2.98473
3.00041
3.01951
3.04229
3.06768
3.09328
3.11555
3.12996
3.13201
3.11877
3.09068
3.05288
3.0146
2.98563
2.97136
2.96998
2.97419
2.97546
2.96744
2.9478
2.91868
2.88575
2.85578
2.83342
2.81877
2.80752
2.79479
2.77953
2.766
2.7609
2.76877
2.79028
2.82476
2.87181
2.92875
2.98804
3.03961
3.07575
3.09323
3.09236
3.07564
3.04733
3.01341
2.98093
2.95629
2.94305
2.93977
2.94075
2.93972
2.9333
2.92093
2.90272
2.87865
2.85
2.82043
2.79527
2.7802
2.78033
2.79708
2.824
2.84914
2.86359
2.86639
2.86288
2.86081
2.8672
2.88552
2.91313
2.94184
2.96261
2.97122
2.97084
2.96963
2.97492
2.98832
3.00624
3.02359
3.03527
3.03496
3.01624
2.97798
2.92849
2.88316
2.85605
2.85238
2.86859
2.89696
2.92782
2.95098
2.95851
2.94847
2.92543
2.89729
2.87344
2.86472
2.87999
2.92031
2.9779
3.04018
3.09379
3.12594
3.1254
3.08568
3.01073
2.91951
2.84111
2.79751
2.79137
2.81274
2.8507
2.89627
2.94098
2.97715
2.99974
3.00782
3.00362
2.98927
2.96471
2.92946
2.88626
2.84289
2.80957
2.79329
2.79467
2.81018
2.83474
2.86145
2.88102
2.88444
2.86753
2.83465
2.79934
2.77798
2.7791
2.7995
2.83011
2.86256
2.89214
2.91859
2.94503
2.97446
3.00582
3.03359
3.05039
3.04998
3.03021
2.99551
2.95685
2.92718
2.91417
2.91649
2.92669
2.93673
2.94286
2.94653
2.95197
2.96236
2.97743
2.99358
3.00587
3.0104
3.00549
2.99221
2.97393
2.9549
2.93804
2.92489
2.91811
2.92143
2.93613
2.96041
2.99379
3.03805
3.09038
3.13856
3.16714
3.16675
3.13722
3.08499
3.01956
2.95172
2.89296
2.85374
2.83905
2.84562
2.86415
2.88489
2.90175
2.91396
2.9258
2.94461
2.97643
3.02194
3.0756
3.12788
3.16948
3.19516
3.20478
3.20091
3.18563
3.1585
3.11641
3.05546
2.9757
2.88953
2.82524
2.80827
2.8353
2.88271
2.9281
2.95343
2.94783
2.9136
2.86318
2.80982
2.76159
2.72229
2.69528
2.68492
2.69416
2.72141
2.76158
2.8116
2.87301
2.9477
3.03177
3.11405
3.17992
3.21644
3.21613
3.17908
3.11452
3.04114
2.98248
2.95447
2.95379
2.96444
2.97424
2.97954
2.98002
2.97422
2.96013
2.93861
2.91556
2.90102
2.90578
2.93621
2.98978
3.05529
3.11799
3.16512
3.18817
3.18254
3.14736
3.08675
3.00979
2.9282
2.85574
2.80766
2.79339
2.80814
2.83623
2.86246
2.87922
2.8873
2.89477
2.91352
2.95157
3.0062
3.06538
3.11588
3.14927
3.16204
3.15388
3.12706
3.08624
3.03832
2.99246
2.95882
2.94515
2.95316
2.97711
3.00647
3.03067
3.04332
3.04419
3.03818
3.03141
3.02624
3.01924
3.00384
2.97503
2.93187
2.87769
2.82031
2.77306
2.75004
2.7543
2.77548
2.80326
2.83461
2.86833
2.90137
2.93077
2.95656
2.98101
3.00477
3.02453
3.03487
3.03162
3.01464
2.98851
2.95923
2.92932
2.89768
2.86561
2.84011
2.82977
2.83859
2.86444
2.90027
2.93587
2.95964
2.96116
2.93584
2.89082
2.84415
2.81329
2.80488
2.81824
2.85171
2.90144
2.9594
3.01706
3.06962
3.11546
3.15297
3.17991
3.19524
3.20135
3.20315
3.20462
3.2064
3.20577
3.19871
3.18207
3.15523
3.12126
3.08747
3.0624
3.04984
3.04689
3.04879
3.05294
3.05754
3.05976
3.0564
3.04577
3.02915
3.00987
2.98927
2.96275
2.92202
2.86431
2.80066
2.75411
2.74388
2.76913
2.81295
2.85936
2.90052
2.93319
2.95505
2.96495
2.965
2.96019
2.9543
2.94747
2.94018
2.93781
2.94898
2.97927
3.02773
3.08829
3.15333
3.21549
3.26734
3.3009
3.30953
3.29076
3.24747
3.18568
3.11116
3.02722
2.9356
2.84107
2.75685
2.70315
2.69435
2.72617
2.7787
2.83594
2.89541
2.95807
3.01784
3.06333
3.08617
3.08698
3.07331
3.05129
3.02024
2.97723
2.92404
2.86765
2.81644
2.77966
2.76646
2.77808
2.80379
2.82904
2.8452
2.8514
2.85188
2.85335
2.86265
2.88255
2.90747
2.92489
2.92426
2.90448
2.87425
2.84622
2.82895
2.82447
2.83474
2.86518
2.9143
2.96702
3.00627
3.02261
3.01207
2.97196
2.90133
2.80502
2.69844
2.60711
2.55398
2.54267
2.55858
2.58595
2.61963
2.66298
2.71793
2.77908
2.83953
2.89851
2.95703
3.00992
3.04802
3.06466
3.05768
3.02937
2.98766
2.94613
2.91948
2.91526
2.9282
2.94372
2.94738
2.93168
2.89752
2.85273
2.80967
2.78113
2.77473
2.78987
2.81994
2.85594
2.88875
2.91116
2.92008
2.91698
2.90669
2.89601
2.89228
2.90112
2.92355
2.95463
2.98547
3.00736
3.01486
3.00626
2.98237
2.94544
2.89846
2.8453
2.79147
2.7444
2.71204
2.70011
2.70998
2.73803
2.77685
2.81769
2.85268
2.87708
2.8915
2.90157
2.91306
2.92599
2.9343
2.93293
2.92548
2.92252
2.93099
2.94819
2.96762
2.98813
3.01545
3.05241
3.09012
3.11365
3.11371
3.09036
3.04975
3.001
2.9553
2.92434
2.91628
2.93193
2.96535
3.00783
3.05166
3.09129
3.12339
3.14608
3.15737
3.15428
3.13453
3.09958
3.05582
3.01291
2.98107
2.96798
2.97591
3.00021
3.0307
3.05432
3.05863
3.03665
2.9918
2.93812
2.89198
2.86108
2.84328
2.83501
2.83763
2.85556
2.88991
2.93578
2.98536
3.03191
3.07085
3.0987
3.11237
3.10954
3.08956
3.05416
3.00793
2.95891
2.91809
2.89581
2.89595
2.91354
2.93951
2.96734
2.99464
3.01969
3.03843
3.04493
3.03414
3.00495
2.96199
2.91598
2.88121
2.86821
2.8765
2.89561
2.91243
2.91777
2.90982
2.89491
2.88465
2.88846
2.90713
2.93406
2.96158
2.98336
2.99431
2.99384
2.99
2.9955
3.0157
3.04334
3.06581
3.07469
3.06902
3.05344
3.03475
3.01969
3.01224
3.00933
3.00235
2.98603
2.96452
2.94919
2.94972
2.96647
2.9944
3.03113
3.07564
3.12254
3.16295
3.18887
3.19509
3.17925
3.14274
3.09248
3.03969
2.9937
2.95482
2.91556
2.86996
2.82019
2.77164
2.72502
2.67915
2.63905
2.61641
2.62028
2.64847
2.68894
2.72846
2.75983
2.78418
2.80906
2.84333
2.89198
2.95375
3.02202
3.08739
3.14063
3.17506
3.18734
3.17724
3.14787
3.10548
3.05818
3.01367
2.97776
2.95315
2.93923
2.93339
2.93308
2.93773
2.95016
2.97494
3.0122
3.05283
3.08123
3.08406
3.05786
3.00967
2.94944
2.88301
2.81409
2.75039
2.70285
2.67873
2.67586
2.68306
2.68606
2.67812
2.67123
2.69005
2.73989
2.79751
2.84141
2.86803
2.88429
2.8969
2.90768
2.91454
2.91498
2.90877
2.89831
2.88749
2.88
2.87733
2.87791
2.87946
2.88315
2.89355
2.91195
2.93184
2.94426
2.94566
2.93968
2.93411
2.93652
2.95156
2.98132
3.02541
3.0796
3.13608
3.18598
3.22223
3.24123
3.24345
3.23305
3.2164
3.19836
3.17877
3.15263
3.11504
3.06577
3.00956
2.95423
2.90899
2.88287
2.8808
2.8992
2.92551
2.94488
2.94847
2.93605
2.9131
2.88715
2.86469
2.84945
2.8417
2.83877
2.83715
2.83559
2.83749
2.84875
2.87089
2.89602
2.91157
2.90977
2.89141
2.86313
2.83433
2.82001
2.84277
2.90724
2.97943
3.02456
3.03654
3.02726
3.01118
2.99815
2.99207
2.99294
2.99915
3.00845
3.01724
3.02031
3.01278
2.99301
2.96339
2.92892
2.89592
2.87166
2.86127
2.86211
2.86318
2.85129
2.81838
2.767
2.71163
2.67253
2.66444
2.6908
2.74462
2.81089
2.8739
2.92593
2.96778
3.0018
3.02735
3.0426
3.04833
3.04877
3.04921
3.05303
3.06013
3.06756
3.07156
3.07067
3.06843
3.07248
3.08991
3.12233
3.16493
3.20888
3.24495
3.26615
3.26907
3.25384
3.22302
3.17984
3.12681
3.06492
2.99599
2.92658
2.86816
2.83062
2.81584
2.82063
2.84375
2.88416
2.93564
2.98886
3.03504
3.06816
3.08752
3.09716
3.10245
