0.8
0.791703
0.767314
0.728154
0.675899
0.612805
0.542055
0.46775
0.394677
0.327907
0.272139
0.230955
0.206172
0.197611
0.203255
0.219781
0.244563
0.271163
0.29727
0.32029
0.338475
0.350928
0.357493
0.35861
0.35518
0.876686
0.855457
0.818769
0.769869
0.71324
0.654746
0.601363
0.560207
0.536931
0.534266
0.55125
0.583674
0.62537
0.669859
0.71148
0.747529
0.771795
0.785028
0.787206
0.779498
0.764026
0.743525
0.720796
0.698204
0.677303
0.709613
0.692828
0.677955
0.665344
0.655615
0.649646
0.648427
0.652697
0.662653
0.677758
0.696792
0.717963
0.739218
0.758482
0.773882
0.784417
0.788333
0.78645
0.779664
0.769482
0.757588
0.745441
0.734062
0.723992
0.715368
0.750491
0.743616
0.736985
0.731098
0.726657
0.724343
0.724591
0.727561
0.733185
0.741039
0.750225
0.759372
0.766857
0.771253
0.771533
0.767069
0.758531
0.746767
0.733162
0.719316
0.706704
0.696392
0.688936
0.68448
0.682873
0.765314
0.767034
0.767939
0.767382
0.764847
0.760049
0.752993
0.743865
0.733104
0.721265
0.709225
0.69819
0.689753
0.685596
0.687024
0.694486
0.707276
0.723647
0.741368
0.758382
0.773231
0.785311
0.794706
0.801982
0.808066
0.814203
0.821709
0.831695
0.844415
0.858781
0.872535
0.882923
0.887674
0.885689
0.877145
0.863215
0.845621
0.826257
0.80695
0.789366
0.774816
0.764068
0.757107
0.753046
0.750514
0.74812
0.744885
0.740465
0.735083
0.729385
0.724316
0.720944
0.720123
0.722296
0.727351
0.734685
0.743385
0.752565
0.761459
0.769483
0.776143
0.780995
0.783642
0.783778
0.781212
0.775902
0.768044
0.758025
0.746529
0.734628
0.724008
0.716901
0.71549
0.721092
0.73335
0.750232
0.768879
0.786608
0.801529
0.8128
0.820268
0.82411
0.824645
0.822367
0.817962
0.8123
0.80639
0.801183
0.797436
0.79561
0.795905
0.798421
0.803366
0.810899
0.820804
0.832169
0.843387
0.852561
0.857992
0.858683
0.854536
0.846277
0.835209
0.822933
0.811233
0.801956
0.796531
0.79527
0.797142
0.800135
0.802025
0.800974
0.795913
0.786548
0.773138
0.756348
0.737234
0.717194
0.697938
0.681542
0.670325
0.6664
0.671112
0.684385
0.704653
0.729199
0.754756
0.778216
0.797036
0.809366
0.814077
0.810696
0.799448
0.7814
0.758346
0.73273
0.707542
0.686087
0.671768
0.667547
0.675035
0.693428
0.719212
0.747277
0.772599
0.791797
0.803598
0.808547
0.808405
0.805396
0.801637
0.798597
0.79692
0.796479
0.79688
0.797707
0.798667
0.799597
0.800318
0.800471
0.799688
0.797732
0.794723
0.791292
0.788456
0.787408
0.78905
0.79368
0.800887
0.809735
0.819008
0.827433
0.833683
0.836558
0.835096
0.829102
0.819108
0.806108
0.791376
0.776306
0.762485
0.751557
0.744924
0.743184
0.745797
0.751168
0.757336
0.762905
0.767536
0.771882
0.777164
0.78435
0.793548
0.803795
0.813414
0.820648
0.824277
0.82392
0.819968
0.813285
0.804706
0.794918
0.784304
0.773098
0.761598
0.750181
0.739352
0.729735
0.72205
0.716918
0.714753
0.715506
0.718565
0.723036
0.728285
0.734301
0.741823
0.75173
0.76409
0.77757
0.78963
0.797524
0.79943
0.795187
0.786414
0.775998
0.767363
0.76354
0.766305
0.775946
0.791356
0.810263
0.829612
0.846273
0.857941
0.863723
0.864063
0.860084
0.852886
0.843006
0.830624
0.815951
0.799588
0.782552
0.766088
0.751232
0.738684
0.728625
0.720848
0.714952
0.710515
0.70743
0.705915
0.70661
0.710302
0.717625
0.728671
0.742835
0.758929
0.775462
0.79088
0.803872
0.813433
0.819123
0.820977
0.81941
0.8151
0.808932
0.801847
0.794832
0.788728
0.784309
0.782075
0.782211
0.784324
0.787526
0.790586
0.792307
0.792071
0.790038
0.787401
0.785944
0.787409
0.792834
0.802016
0.813538
0.825072
0.834027
0.838156
0.836097
0.827704
0.813929
0.79651
0.777515
0.758746
0.741569
0.726974
0.715744
0.708525
0.705627
0.706804
0.711217
0.717755
0.725314
0.733005
0.740223
0.746596
0.752145
0.757262
0.762548
0.768478
0.775127
0.782264
0.789491
0.796439
0.802773
0.808001
0.811375
0.812009
0.809275
0.803213
0.794745
0.785402
0.776813
0.770145
0.765857
0.763791
0.763527
0.764779
0.767524
0.771777
0.77733
0.783457
0.788951
0.792395
0.792604
0.788951
0.781637
0.771711
0.760804
0.750934
0.744026
0.741413
0.743685
0.750486
0.760661
0.772485
0.783914
0.792985
0.798167
0.798616
0.794276
0.785863
0.774493
0.761484
0.748156
0.735753
0.725511
0.718571
0.715889
0.718126
0.725601
0.738374
0.756131
0.778011
0.802391
0.826895
0.848686
0.865031
0.87389
0.87429
0.866262
0.85064
0.828842
0.802956
0.775903
0.751294
0.732625
0.722142
0.720294
0.725923
0.736682
0.749469
0.761211
0.770007
0.775519
0.778674
0.780835
0.782943
0.785296
0.787677
0.78966
0.790892
0.791327
0.791288
0.791583
0.793403
0.797747
0.804874
0.813991
0.823606
0.832151
0.838407
0.841606
0.841356
0.837405
0.829737
0.818836
0.805823
0.792408
0.780443
0.771308
0.765379
0.761862
0.759118
0.755138
0.748263
0.737719
0.723957
0.708649
0.694195
0.682925
0.67641
0.67517
0.678963
0.687185
0.699001
0.713411
0.729444
0.746279
0.763466
0.781057
0.799251
0.817884
0.836038
0.85213
0.864383
0.871504
0.873259
0.870295
0.863979
0.855872
0.847229
0.838789
0.830734
0.822699
0.813962
0.80385
0.792156
0.779415
0.766752
0.75552
0.746805
0.741041
0.737953
0.736848
0.736975
0.73774
0.738983
0.740879
0.74367
0.747414
0.751902
0.756753
0.761599
0.766138
0.770056
0.772966
0.774474
0.774479
0.773436
0.77236
0.772506
0.774781
0.779328
0.78527
0.790967
0.794679
0.795256
0.792788
0.788613
0.784804
0.78316
0.784449
0.788392
0.794271
0.801305
0.808909
0.816624
0.823939
0.830187
0.834519
0.836205
0.835027
0.831675
0.827683
0.824606
0.822629
0.820024
0.814124
