-3.51472
-3.51475
-3.51475
-3.51475
-3.51369
-3.51037
-3.50524
-3.50176
-3.4986
-3.49633
-3.49573
-3.49543
-3.49421
-3.49481
-3.49586
-3.49691
-3.49736
-3.49827
-3.49948
-3.50054
-3.5007
-3.50251
-3.50191
-3.50177
-3.50222
-3.50237
-3.50252
-3.50237
-3.50146
-3.50176
-3.50207
-3.50101
-3.50056
-3.50056
-3.50026
-3.50041
-3.50056
-3.50056
-3.50101
-3.50086
-3.50116
-3.50207
-3.50116
-3.50131
-3.50222
-3.50282
-3.50282
-3.50252
-3.50192
-3.50131
-3.50086
-3.50071
-3.50026
-3.49981
-3.49996
-3.50056
-3.49966
-3.49996
-3.49935
-3.4995
-3.49935
-3.49965
-3.49995
-3.5001
-3.49965
-3.49905
-3.4986
-3.49769
-3.49678
-3.49739
-3.49769
-3.49739
-3.49663
-3.49557
-3.49466
-3.49482
-3.49558
-3.49588
-3.49527
-3.49558
-3.49663
-3.49648
-3.49437
-3.49542
-3.49497
-3.49467
-3.49512
-3.49527
-3.49512
-3.49648
-3.49618
-3.49633
-3.49587
-3.49542
-3.49557
-3.49603
-3.49527
-3.49527
-3.49452
-3.49512
-2.21218
-2.21264
-2.21143
-2.21203
-2.21142
-2.21157
-2.21081
-2.21155
-2.21125
-2.2117
-2.21155
-2.21187
-2.21217
-2.21278
-2.21278
-2.21172
-2.21081
-2.21036
-2.2099
-2.21126
-2.21201
-2.21337
-2.21337
-2.21277
-2.21141
-2.21156
-2.21246
-2.21216
-2.21291
-2.21322
-2.21307
-2.21337
-2.21323
-2.21519
-2.21444
-2.21429
-2.21474
-2.21519
-2.21564
-2.21639
-2.21549
-2.21519
-2.21534
-2.21413
-2.21428
-2.21443
-2.21488
-2.21488
-2.21639
-2.21715
-2.21745
-2.21761
-2.21715
-2.2173
-2.21715
-2.21776
-2.21791
-2.21777
-2.21746
-2.21685
-2.21594
-2.21593
-2.21579
-2.21535
-2.21505
-2.21474
-2.21443
-2.21458
-2.21353
-2.21263
-2.21157
-2.21172
-2.21187
-2.21172
-2.21036
-2.21022
-2.21143
-2.21233
-2.21127
-2.21082
-2.21232
-2.21413
-2.21443
-2.21383
-2.21489
-2.2155
-2.21536
-2.21446
-2.214
-2.2137
-2.21384
-2.21323
-2.21307
-2.21232
-2.21232
-2.21127
-2.21036
-2.21052
-2.21128
-2.21037
-1.78133
-1.78268
-1.78298
-1.78162
-1.78207
-1.78162
-1.78162
-1.78132
-1.78132
-1.78192
-1.78223
-1.78208
-1.78072
-1.78012
-1.78056
-1.78011
-1.78116
-1.78041
-1.77996
-1.78086
-1.78087
-1.78163
-1.78118
-1.78133
-1.78102
-1.78132
-1.78207
-1.78252
-1.78313
-1.78328
-1.78299
-1.78375
-1.78405
-1.7848
-1.78495
-1.7854
-1.7857
-1.7857
-1.78494
-1.78389
-1.78314
-1.78374
-1.78329
-1.78268
-1.78268
-1.78253
-1.78388
-1.78358
-1.78359
-1.78374
-1.78449
-1.78449
-1.78404
-1.78525
-1.78555
-1.78525
-1.78419
-1.7854
-1.78555
-1.78539
-1.7857
-1.78554
-1.78388
-1.78373
-1.78479
-1.78495
-1.78434
-1.78374
-1.78343
-1.78344
-1.78268
-1.78299
-1.78329
-1.78313
-1.78358
-1.78433
-1.78358
-1.78328
-1.78298
-1.78328
-1.78374
-1.78283
-1.78389
-1.78405
-1.7845
-1.78451
-1.78496
-1.78511
-1.78525
-1.78585
-1.78676
-1.78751
-1.78691
-1.7863
-1.7863
-1.78675
-1.78646
-1.78768
-1.78723
-1.78707
-1.85614
-1.85614
-1.85629
-1.85659
-1.85734
-1.85794
-1.85673
-1.85658
-1.85643
-1.85658
-1.85568
-1.85599
-1.85493
-1.85448
-1.85554
-1.85478
-1.85493
-1.85432
-1.85401
-1.85507
-1.85477
-1.85568
-1.85599
-1.85675
-1.85705
-1.8575
-1.8569
-1.85689
-1.85659
-1.85614
-1.85614
-1.85569
-1.85448
-1.85448
-1.85478
-1.85553
-1.85432
-1.85342
-1.85313
-1.85283
-1.85404
-1.85419
-1.85403
-1.85357
-1.85311
-1.85265
-1.85281
-1.85251
-1.85221
-1.8507
-1.85055
-1.84949
-1.8504
-1.85161
-1.85191
-1.85251
-1.85342
-1.85251
-1.85311
-1.85387
-1.85508
-1.85448
-1.85403
-1.85342
-1.85162
-1.85131
-1.85252
-1.85313
-1.85237
-1.85191
-1.85221
-1.85205
-1.8525
-1.85115
-1.85115
-1.85115
-1.85025
-1.84995
-1.85041
-1.85147
-1.85253
-1.85117
-1.85086
-1.85297
-1.85281
-1.85266
-1.85311
-1.85145
-1.85131
-1.85222
-1.85147
-1.85178
-1.85222
-1.85282
-1.85236
-1.8516
-1.85145
-1.85191
-1.85145
-1.85175
-1.66547
-1.66578
-1.66457
-1.66594
-1.66533
-1.66593
-1.66501
-1.66486
-1.66546
-1.66667
-1.66576
-1.66637
-1.66683
-1.66729
-1.66715
-1.667
-1.66654
-1.66608
-1.66697
-1.66728
-1.66834
-1.66774
-1.66758
-1.66789
-1.66758
-1.66728
-1.66668
-1.66743
-1.66773
-1.66834
-1.6703
-1.66939
-1.66939
-1.66788
-1.66758
-1.66697
-1.66667
-1.66622
-1.66727
-1.66713
-1.66517
-1.66638
-1.66623
-1.66577
-1.66577
-1.66698
-1.66682
-1.66803
-1.66803
-1.66713
-1.66577
-1.66546
-1.66471
-1.66577
-1.66411
-1.66456
-1.6638
-1.66456
-1.66502
-1.66471
-1.66547
-1.66577
-1.66698
-1.66729
-1.66548
-1.66639
-1.66774
-1.66804
-1.6688
-1.66804
-1.66758
-1.66742
-1.66832
-1.66772
-1.66758
-1.6691
-1.6685
-1.66896
-1.66745
-1.6676
-1.66577
-1.66561
-1.66454
-1.66409
-1.66364
-1.66486
-1.66547
-1.66502
-1.66473
-1.66458
-1.66428
-1.66382
-1.66322
-1.66397
-1.66487
-1.66442
-1.66471
-1.66501
-1.66441
-1.6632
-1.37922
-1.37817
-1.37892
-1.37922
-1.37832
-1.37832
-1.37878
-1.37939
-1.37923
-1.38073
-1.38028
-1.37938
-1.37817
-1.37756
-1.37635
-1.37619
-1.37634
-1.37771
-1.37831
-1.37832
-1.37772
-1.37727
-1.37878
-1.37757
-1.37771
-1.37861
-1.37876
-1.37724
-1.37755
-1.37861
-1.37952
-1.38058
-1.38073
-1.38072
-1.38118
-1.38103
-1.3824
-1.38225
-1.38225
-1.38134
-1.38087
-1.38026
-1.38087
-1.38072
-1.38164
-1.38149
-1.38103
-1.38058
-1.38133
-1.38133
-1.38103
-1.38043
-1.38118
-1.38224
-1.38118
-1.37997
-1.37982
-1.37997
-1.38013
-1.38013
-1.38013
-1.38043
-1.37936
-1.37951
-1.37966
-1.37982
-1.37892
-1.37922
-1.38028
-1.37922
-1.37968
-1.37983
-1.37937
-1.37907
-1.37755
-1.37785
-1.37755
-1.3777
-1.37861
-1.37937
-1.37847
-1.37787
-1.37711
-1.3768
-1.37619
-1.37634
-1.37665
-1.37606
-1.37637
-1.37471
-1.37561
-1.37606
-1.37681
-1.37785
-1.37695
-1.37831
-1.37861
-1.37922
-1.37847
-1.37969
-1.37908
-1.37893
-1.37983
-1.37983
-1.37952
-1.3771
-1.37876
-1.37951
-1.38011
-1.38072
-1.38209
-1.38134
-1.38119
-1.38089
-1.37923
-1.37877
-1.37908
-1.38028
-1.38149
-1.38209
-1.38209
-1.38043
-1.38163
-1.38359
-1.38344
-1.38238
-1.38359
-1.38405
-1.3836
-1.383
-1.38239
-1.38421
-1.38526
-1.38723
-1.38693
-1.38602
-1.38602
-1.38466
-1.38481
-1.38511
-1.38526
-1.3848
-1.38465
-1.38451
-1.38346
-1.38498
-1.38407
-1.38528
-1.38497
-1.38481
-1.3851
-1.38479
-1.38585
-1.38555
-1.38481
-1.38406
-1.38346
-1.38361
-1.38376
-1.38376
-1.38285
-1.38315
-1.38406
-1.38526
-1.38541
-1.38571
-1.38556
-1.38692
-1.38601
-1.38601
-1.38662
-1.38601
-1.38616
-1.38722
-1.38662
-1.3848
-1.38465
-1.3836
-1.38315
-1.38255
-1.38346
-1.38451
-1.38481
-1.38495
-1.38389
-1.38329
-1.38329
-1.38405
-1.383
-1.38361
-1.383
-1.3833
-1.38193
-1.38193
-1.38299
-1.3836
-1.38345
-1.38224
-1.38224
-1.3836
-1.38314
-1.38254
-1.38238
-1.38193
-1.38148
-1.38103
-1.38043
-1.37998
-1.38074
-1.38074
-1.38104
-1.38164
-1.38179
-1.38209
-1.38178
-1.38117
-1.38148
-1.38209
-1.38239
-1.38255
-1.38285
-1.38285
-1.38255
-1.3827
-1.3827
-1.3833
-1.38239
-1.38314
-1.3839
-1.3839
-1.38391
-1.38391
-1.38346
-1.38376
-1.3833
-1.38103
-1.38012
-1.38058
-1.38058
-1.38074
-1.38059
-1.38059
-1.38058
-1.38163
-1.38103
-1.38133
-1.38134
-1.38074
-1.38074
-1.38196
-1.38211
-1.38135
-1.38194
-1.38224
-1.38208
-1.38269
-1.38194
-1.38225
-1.3821
-1.38271
-1.38347
-1.38286
-1.3821
-1.38195
-1.38254
-1.38163
-1.38193
-1.38224
-1.38255
-1.38165
-1.38135
-1.38136
-1.38288
-1.38424
-1.38347
-1.38269
-1.38162
-1.38071
-1.38223
-1.38193
-1.38209
-1.38225
-1.38119
-1.3815
-1.38255
-1.38361
-1.38346
-1.38255
-1.38285
-1.3827
-1.38255
-1.3833
-1.38329
-1.38269
-1.38164
-1.38134
-1.3821
-1.38331
-1.38286
-1.38257
-1.38226
-1.3818
-1.38088
-1.38057
-1.38012
-1.38043
-1.38134
-1.3815
-1.38119
-1.38119
-1.38119
-1.38194
-1.3818
-1.3812
-1.3809
-1.38045
-1.38075
-1.38029
-1.38043
-1.38058
-1.38103
-1.38043
-1.38134
-1.38195
-1.3818
-1.38149
-1.38179
-1.38164
-1.38164
-1.38149
-1.37983
-1.37968
-1.37923
-1.37983
-1.37968
-1.37937
-1.37922
-1.37998
-1.38043
-1.38118
-1.38073
-1.38073
-1.38088
-1.38149
-1.3818
-1.38166
-1.38091
-1.38151
-1.38181
-1.38044
-1.38013
-1.37967
-1.37997
-1.37936
-1.37906
-1.38103
-1.38119
-1.38134
-1.38104
-1.3818
-1.38164
-1.38209
-1.38179
-1.38119
-1.3821
-1.38316
-1.38347
-1.38286
-1.38225
-1.38316
-1.38376
-1.38377
-1.38211
-1.38211
-1.38211
-1.38118
-1.38071
-1.38087
-1.37983
-1.37999
-1.38061
-1.38031
-1.3794
-1.37939
-1.37863
-1.37802
-1.37877
-1.37922
-1.37998
-1.38012
-1.38118
-1.38254
-1.38285
-1.38224
-1.38148
-1.38194
-1.38194
-1.38271
-1.38227
-1.38152
-1.38122
-1.38136
-1.38181
-1.38149
-1.38072
-1.38178
-1.38119
-1.38135
-1.3812
-1.38059
-1.37999
-1.37969
-1.37863
-1.37893
-1.37998
-1.38118
-1.38057
-1.38178
-1.38118
-1.38013
-1.38165
-1.38165
-1.38165
-1.38211
-1.3815
-1.38286
-1.38376
-1.3836
-1.38329
-1.38238
-1.38298
-1.38148
-1.38164
-1.38104
-1.3818
-1.38089
-1.38057
-1.37921
-1.38042
-1.37982
-1.37983
-1.38029
-1.37968
-1.37893
-1.37832
-1.37907
-1.37892
-1.38012
-1.38132
-1.38041
-1.37935
-1.37996
-1.38042
-1.38043
-1.38119
-1.38195
-1.38179
-1.38073
-1.37967
-1.37937
-1.37877
-1.37938
-1.37984
-1.38059
-1.37968
-1.37952
-1.37831
-1.37815
-1.37786
-1.37786
-1.37817
-1.37802
-1.37802
-1.37726
-1.37696
-1.37696
-1.3762
-1.37484
-1.37485
-1.37621
-1.37621
-1.37787
-1.37847
-1.37847
-1.37908
-1.37832
-1.37786
-1.37771
-1.37816
-1.37861
-1.37861
-1.37862
-1.37757
-1.37637
-1.37667
-1.37758
-1.37893
-1.37846
-1.37831
-1.3777
-1.37846
-1.37816
-1.37953
-1.37893
-1.37969
-1.37938
-1.37954
-1.37984
-1.38075
-1.38225
-1.3818
-1.38164
-1.38043
-1.38028
-1.38074
-1.37983
-1.37999
-1.38104
-1.3818
-1.38285
-1.383
-1.38285
-1.38361
-1.38361
-1.38331
-1.38286
-1.38452
-1.38528
-1.38558
-1.38618
-1.38709
-1.38664
-1.3868
-1.3871
-1.38664
-1.38557
-1.38616
-1.38767
-1.38738
-1.38649
-1.38604
-1.38604
-1.38634
-1.38589
-1.38725
-1.38664
-1.38497
-1.38618
-1.38679
-1.38588
-1.38587
-1.38557
-1.38542
-1.38482
-1.38528
-1.38558
-1.38559
-1.38544
-1.38529
-1.38454
-1.38469
-1.38393
-1.38362
-1.38453
-1.38378
-1.38393
-1.38196
-1.38119
-1.38224
-1.38285
-1.38226
-1.38287
-1.38302
-1.38242
-1.38227
-1.38122
-1.38031
-1.37986
-1.37985
-1.37894
-1.37849
-1.37955
-1.3797
-1.37985
-1.3806
-1.38089
-1.38119
-1.3821
-1.38165
-1.38257
-1.38333
-1.38318
-1.38257
-1.38377
-1.38482
-1.38437
-1.38422
-1.38332
-1.38423
-1.38272
-1.38347
-1.38422
-1.38452
-1.38286
-1.3821
-1.3827
-1.38331
-1.38347
-1.38423
-1.38303
-1.38258
-1.38152
-1.38228
-1.37926
-1.37895
-1.37999
-1.37937
-1.37906
-1.38044
-1.3803
-1.38075
-1.37969
-1.37788
-1.37728
-1.37804
-1.37985
-1.38
-1.37985
-1.37955
-1.3794
-1.37971
-1.38001
-1.38091
-1.3809
-1.38044
-1.38119
-1.38028
-1.38014
-1.38
-1.37986
-1.3791
-1.37924
-1.38029
-1.38059
-1.38179
-1.38164
-1.38074
-1.38105
-1.3806
-1.38
-1.3803
-1.38091
-1.3803
-1.38075
-1.38165
-1.38074
-1.38074
-1.38014
-1.38029
-1.38166
-1.38227
-1.38287
-1.38287
-1.38272
-1.38212
-1.38166
-1.3812
-1.3806
-1.38029
-1.37863
-1.37772
-1.37817
-1.37833
-1.37864
-1.37925
-1.37864
-1.3797
-1.37955
-1.37954
-1.37939
-1.37834
-1.37834
-1.3797
-1.37954
-1.38029
-1.3809
-1.38075
-1.38166
-1.38226
-1.3818
-1.38135
-1.38046
-1.38046
-1.38061
-1.38061
-1.38121
-1.37999
-1.38134
-1.38149
-1.38148
-1.38164
-1.3821
-1.38195
-1.38105
-1.3809
-1.38135
-1.3809
-1.38045
-1.37879
-1.37879
-1.37757
-1.37741
-1.3771
-1.37755
-1.37816
-1.37937
-1.37998
-1.38014
-1.37879
-1.38106
-1.38182
-1.38226
-1.38286
-1.38346
-1.38346
-1.38452
-1.38362
-1.38271
-1.38225
-1.38225
-1.38317
-1.38287
-1.38362
-1.38348
-1.38317
-1.38272
-1.38423
-1.38453
-1.38362
-1.38332
-1.38271
-1.38225
-1.38239
-1.383
-1.38361
-1.38332
-1.38513
-1.38468
-1.38332
-1.38332
-1.38469
-1.38469
-1.38438
-1.38468
-1.38422
-1.38436
-1.38421
-1.38452
-1.38453
-1.38439
-1.38333
-1.38257
-1.38211
-1.38376
-1.38422
-1.38452
-1.38408
-1.38302
-1.38212
-1.38303
-1.38333
-1.38347
-1.38392
-1.38407
-1.38453
-1.38439
-1.38469
-1.3862
-1.3862
-1.38589
-1.38498
-1.38468
-1.38544
-1.38605
-1.38695
-1.38589
-1.38528
-1.38603
-1.38619
-1.38543
-1.38392
-1.38377
-1.38423
-1.38469
-1.385
-1.3847
-1.38424
-1.38303
-1.38363
-1.38241
-1.38226
-1.38151
-1.38016
-1.38001
-1.38031
-1.37925
-1.3791
-1.37743
-1.37758
-1.37727
-1.37651
-1.37652
-1.37698
-1.37729
-1.37774
-1.37789
-1.37803
-1.37817
-1.37818
-1.37742
-1.37773
-1.37834
-1.37925
-1.37941
-1.37971
-1.38001
-1.37895
-1.37939
-1.37939
-1.37924
-1.37969
-1.38045
-1.3809
-1.3812
-1.38136
-1.38166
-1.38165
-1.38075
-1.38105
-1.38046
-1.38168
-1.38032
-1.37926
-1.3788
-1.3791
-1.37864
-1.37909
-1.37878
-1.37908
-1.37848
-1.37834
-1.37759
-1.3785
-1.37744
-1.37606
-1.37591
-1.37728
-1.37654
-1.37714
-1.37698
-1.37728
-1.37818
-1.37939
-1.38015
-1.37985
-1.38105
-1.38196
-1.38241
-1.38301
-1.38347
-1.38453
-1.38453
-1.38498
-1.38422
-1.38362
-1.38423
-1.38424
-1.38408
-1.38363
-1.38317
-1.38392
-1.38331
-1.38346
-1.38241
-1.38241
-1.38257
-1.38152
-1.38092
-1.38167
-1.38182
-1.38137
-1.38167
-1.38121
-1.38198
-1.38122
-1.38153
-1.38137
-1.38076
-1.3797
-1.37834
-1.37833
-1.3794
-1.38031
-1.38047
-1.37912
-1.38017
-1.38062
-1.38032
-1.37986
-1.38167
-1.38122
-1.38107
-1.38031
-1.38092
-1.38152
-1.38091
-1.38137
-1.38107
-1.38063
-1.38094
-1.37988
-1.38078
-1.38017
-1.38047
-1.38046
-1.37955
-1.38017
-1.37959
-1.3802
-1.38018
-1.37942
-1.37926
-1.37911
-1.3788
-1.37911
-1.38001
-1.38017
-1.38108
-1.38138
-1.38229
-1.38319
-1.38289
-1.38319
-1.38333
-1.38288
-1.38182
-1.38289
-1.38244
-1.38275
-1.38154
-1.38138
-1.38137
-1.38015
-1.38106
-1.38061
-1.38001
-1.37882
-1.37942
-1.38002
-1.38002
-1.37942
-1.37987
-1.38108
-1.38228
-1.38228
-1.38137
-1.38047
-1.38062
-1.37941
-1.37927
-1.37941
-1.37971
-1.37986
-1.38001
-1.3788
-1.37986
-1.38017
-1.38078
-1.38124
-1.38124
-1.38305
-1.38335
-1.3838
-1.38305
-1.3835
-1.38411
-1.38501
-1.3856
-1.38651
-1.38652
-1.38742
-1.38712
-1.38712
-1.38577
-1.38592
-1.38532
-1.38457
-1.38396
-1.3838
-1.38425
