           1   -0.663608   -0.663608           0
           2   -0.668168   -0.665888     0.00228
           3   -0.664864   -0.665547  0.00135989
           4   -0.662904   -0.664886  0.00116668
           5   -0.663992   -0.664707 0.000921222
           6   -0.665824   -0.664893 0.000774863
           7   -0.664608   -0.664853 0.000656146
           8     -0.6634   -0.664671 0.000596543
           9   -0.664584   -0.664661 0.000526191
          10    -0.66444   -0.664639 0.000471159
          11   -0.663112     -0.6645 0.000448224
          12   -0.663984   -0.664457 0.000411427
          13   -0.665512   -0.664538 0.000387056
          14   -0.665728   -0.664623 0.000368279
          15    -0.66308   -0.664521 0.000357957
          16   -0.663688   -0.664469 0.000338857
          17   -0.663712   -0.664424 0.000321396
          18   -0.661784   -0.664277 0.000336644
          19   -0.665272    -0.66433 0.000322708
          20   -0.666328    -0.66443  0.00032204
          21   -0.664696   -0.664442 0.000306584
          22   -0.663504     -0.6644 0.000295411
          23   -0.665816   -0.664461 0.000288914
          24   -0.663928   -0.664439 0.000277505
          25   -0.666808   -0.664534 0.000282538
          26   -0.665616   -0.664575 0.000274627
          27   -0.658208    -0.66434 0.000354187
          28    -0.66584   -0.664393 0.000345484
          29   -0.664824   -0.664408 0.000333689
          30   -0.663408   -0.664375 0.000324093
          31   -0.660624   -0.664254 0.000336003
          32    -0.66564   -0.664297 0.000328206
          33   -0.662736    -0.66425 0.000321602
          34   -0.667136   -0.664335 0.000323343
          35   -0.665928    -0.66438 0.000317252
          36   -0.661816   -0.664309 0.000316434
          37    -0.66584    -0.66435 0.000310532
          38    -0.66368   -0.664333 0.000302764
          39   -0.662256   -0.664279 0.000299667
          40   -0.663904    -0.66427  0.00029223
          41   -0.665464   -0.664299 0.000286498
          42   -0.664552   -0.664305 0.000279658
          43   -0.667512    -0.66438 0.000283077
          44   -0.662968   -0.664348 0.000278424
          45   -0.660384    -0.66426 0.000286064
          46   -0.664632   -0.664268 0.000279894
          47   -0.663384   -0.664249 0.000274518
          48   -0.665968   -0.664285 0.000271114
          49   -0.665704   -0.664314 0.000267099
          50   -0.669024   -0.664408 0.000278142
          51   -0.663648   -0.664393 0.000273041
          52   -0.663808   -0.664382 0.000267975
          53   -0.664128   -0.664377 0.000262914
          54   -0.662728   -0.664346   0.0002598
          55   -0.668792   -0.664427 0.000267535
          56   -0.662208   -0.664388 0.000265686
          57     -0.6638   -0.664377 0.000261187
          58   -0.662448   -0.664344 0.000258791
          59   -0.663976   -0.664338 0.000254443
          60   -0.664552   -0.664341 0.000250192
          61      -0.663   -0.664319 0.000247037
          62    -0.66368   -0.664309 0.000243238
          63   -0.666384   -0.664342 0.000241602
          64   -0.666328   -0.664373 0.000239813
          65   -0.662448   -0.664343 0.000237945
          66   -0.660024   -0.664278  0.00024328
          67   -0.665776     -0.6643 0.000240662
          68   -0.662272    -0.66427 0.000238966
          69   -0.667024    -0.66431 0.000238834
          70   -0.664344   -0.664311 0.000235398
          71     -0.6618   -0.664275 0.000234738
          72    -0.66344   -0.664264 0.000231746
          73   -0.663936   -0.664259 0.000228593
          74    -0.66476   -0.664266 0.000225585
          75      -0.663   -0.664249 0.000223196
          76   -0.665904   -0.664271 0.000221313
          77   -0.664232   -0.664271  0.00021842
          78   -0.664344   -0.664271 0.000215604
          79   -0.665472   -0.664287 0.000213399
          80   -0.665256   -0.664299 0.000211063
          81    -0.66448   -0.664301 0.000208453
          82   -0.662888   -0.664284 0.000206615
          83     -0.6666   -0.664312 0.000206009
          84   -0.660912   -0.664271 0.000207527
          85   -0.664464   -0.664274 0.000205083
          86    -0.66352   -0.664265 0.000202874
          87   -0.663784   -0.664259 0.000200605
          88   -0.663944   -0.664256 0.000198344
          89   -0.664024   -0.664253  0.00019612
          90   -0.662232   -0.664231 0.000195225
          91   -0.662392    -0.66421 0.000194122
          92   -0.665256   -0.664222 0.000192336
          93   -0.663696   -0.664216 0.000190341
          94    -0.66628   -0.664238 0.000189581
          95   -0.662056   -0.664215 0.000188976
          96    -0.66096   -0.664181 0.000190046
          97   -0.662736   -0.664166 0.000188666
          98    -0.66676   -0.664193 0.000188597
          99   -0.667744   -0.664229 0.000190097
         100   -0.666008   -0.664246 0.000189026
