           1    -0.46324    -0.46324           0
           2   -0.461392   -0.462316    0.000924
           3   -0.460544   -0.461725 0.000795914
           4   -0.457544    -0.46068  0.00118721
           5   -0.460504   -0.460645  0.00092028
           6   -0.463848   -0.461179 0.000921751
           7   -0.462552   -0.461375 0.000803346
           8   -0.462232   -0.461482  0.00070392
           9   -0.462728    -0.46162 0.000636049
          10   -0.463856   -0.461844 0.000611248
          11   -0.461312   -0.461796 0.000555006
          12      -0.463   -0.461896 0.000516494
          13   -0.462248   -0.461923 0.000475876
          14   -0.461896   -0.461921  0.00044058
          15   -0.461024   -0.461861 0.000414495
          16   -0.462144   -0.461879 0.000388127
          17    -0.46196   -0.461884 0.000364613
          18   -0.462432   -0.461914 0.000345107
          19   -0.463008   -0.461972 0.000331476
          20   -0.459992   -0.461873 0.000329678
          21   -0.459928    -0.46178 0.000326975
          22   -0.461032   -0.461746 0.000313608
          23   -0.465152   -0.461894 0.000334253
          24   -0.463952    -0.46198  0.00033131
          25   -0.464384   -0.462076 0.000332011
          26   -0.465336   -0.462202 0.000342742
          27   -0.459336   -0.462095 0.000346459
          28   -0.459752   -0.462012 0.000344187
          29   -0.462432   -0.462026 0.000332423
          30    -0.46116   -0.461997 0.000322446
          31   -0.461448    -0.46198 0.000312374
          32   -0.465176    -0.46208 0.000318522
          33   -0.463328   -0.462117 0.000311029
          34    -0.46016    -0.46206 0.000307185
          35   -0.462376   -0.462069 0.000298416
          36   -0.461952   -0.462066 0.000290026
          37   -0.460664   -0.462028 0.000284611
          38    -0.46512   -0.462109 0.000288725
          39   -0.461248   -0.462087  0.00028209
          40   -0.460712   -0.462053 0.000277088
          41   -0.462592   -0.462066 0.000270565
          42   -0.461488   -0.462052 0.000264403
          43   -0.465816    -0.46214 0.000272616
          44   -0.458144   -0.462049 0.000281402
          45   -0.461552   -0.462038 0.000275299
          46   -0.463576   -0.462071 0.000271317
          47   -0.460864   -0.462045 0.000266721
          48   -0.461728   -0.462039 0.000261189
          49   -0.462896   -0.462056   0.0002564
          50   -0.462952   -0.462074 0.000251858
          51    -0.46284   -0.462089 0.000247326
          52    -0.46376   -0.462121 0.000244642
          53    -0.45872   -0.462057 0.000248415
          54    -0.45992   -0.462018 0.000246964
          55   -0.463128   -0.462038 0.000243271
          56   -0.462384   -0.462044 0.000238967
          57    -0.46368   -0.462073 0.000236486
          58   -0.460432   -0.462044 0.000234088
          59   -0.461184    -0.46203 0.000230548
          60   -0.460896   -0.462011 0.000227459
          61   -0.462864   -0.462025 0.000224136
          62    -0.46448   -0.462065 0.000224019
          63   -0.461016   -0.462048 0.000221062
          64    -0.46288   -0.462061 0.000217968
          65   -0.464264   -0.462095 0.000217249
          66   -0.460616   -0.462072 0.000215102
          67   -0.458888   -0.462025 0.000217133
          68    -0.46356   -0.462047 0.000215104
          69   -0.462688   -0.462057 0.000212167
          70    -0.46064   -0.462036 0.000210091
          71    -0.46204   -0.462037 0.000207111
          72    -0.46164   -0.462031 0.000204288
          73   -0.460864   -0.462015 0.000202103
          74    -0.46264   -0.462023 0.000199532
          75   -0.463392   -0.462042 0.000197698
          76   -0.463312   -0.462058 0.000195794
          77   -0.459448   -0.462025 0.000196186
          78   -0.464248   -0.462053 0.000195741
          79    -0.46428   -0.462081 0.000195293
          80   -0.461392   -0.462073 0.000193029
          81   -0.462888   -0.462083 0.000190896
          82   -0.460904   -0.462068 0.000189101
          83   -0.460512    -0.46205 0.000187747
          84   -0.461112   -0.462038 0.000185834
          85   -0.464656   -0.462069 0.000186199
          86    -0.45984   -0.462043 0.000185838
          87    -0.46416   -0.462068 0.000185294
          88   -0.460296   -0.462047 0.000184279
          89   -0.464832   -0.462079 0.000184864
          90    -0.46256   -0.462084 0.000182876
          91   -0.462024   -0.462083 0.000180857
          92   -0.461248   -0.462074  0.00017911
          93   -0.462416   -0.462078 0.000177212
          94    -0.46344   -0.462093 0.000175914
          95   -0.464216   -0.462115 0.000175482
          96   -0.461184   -0.462105 0.000173915
          97   -0.461048   -0.462094 0.000172458
          98   -0.461312   -0.462086 0.000170875
          99   -0.461112   -0.462076 0.000169427
         100   -0.462296   -0.462079 0.000167738
