           1   -0.964832   -0.964832           0
           2   -0.979712   -0.972272     0.00744
           3   -0.977016   -0.973853  0.00457732
           4   -0.970736   -0.973074  0.00332915
           5   -0.970928   -0.972645  0.00261423
           6   -0.965936   -0.971527  0.00240963
           7   -0.968464   -0.971089  0.00208298
           8   -0.977216   -0.971855  0.00195976
           9    -0.97716   -0.972444  0.00182609
          10     -0.9672    -0.97192  0.00171544
          11   -0.979112   -0.972574   0.0016838
          12     -0.9716   -0.972493  0.00153923
          13   -0.971688   -0.972431  0.00141724
          14   -0.966776   -0.972027  0.00137287
          15   -0.974584   -0.972197  0.00128939
          16   -0.974608   -0.972348  0.00121549
          17   -0.974576   -0.972479  0.00114925
          18   -0.975016    -0.97262  0.00109265
          19   -0.981976   -0.973112  0.00114486
          20   -0.980512   -0.973482  0.00114739
          21   -0.976376    -0.97362  0.00110005
          22   -0.979288   -0.973878  0.00108003
          23   -0.977448   -0.974033  0.00104362
          24   -0.970056   -0.973867  0.00101284
          25   -0.971848   -0.973787  0.00097483
          26   -0.974408    -0.97381 0.000936891
          27   -0.974856   -0.973849 0.000902355
          28   -0.964872   -0.973529 0.000926757
          29   -0.974488   -0.973562  0.00089484
          30   -0.984336   -0.973921 0.000936131
          31   -0.976464   -0.974003 0.000909139
          32     -0.9816    -0.97424 0.000911723
          33   -0.983064   -0.974508 0.000923232
          34   -0.976688   -0.974572 0.000897959
          35   -0.962192   -0.974218 0.000940938
          36   -0.973152   -0.974188 0.000914906
          37   -0.977664   -0.974282  0.00089478
          38   -0.973928   -0.974273 0.000870965
          39   -0.969816   -0.974159 0.000856002
          40   -0.972416   -0.974115 0.000835464
          41   -0.974488   -0.974124 0.000814883
          42   -0.975904   -0.974167 0.000796372
          43   -0.972416   -0.974126 0.000778697
          44   -0.972328   -0.974085  0.00076189
          45   -0.977288   -0.974156  0.00074816
          46   -0.970248   -0.974071 0.000736631
          47    -0.97892   -0.974174 0.000728133
          48   -0.977224   -0.974238 0.000715628
          49   -0.965344   -0.974056 0.000723993
          50   -0.969624   -0.973968 0.000714883
          51   -0.974296   -0.973974 0.000700755
          52   -0.975296      -0.974 0.000687617
          53   -0.973176   -0.973984 0.000674697
          54   -0.976496   -0.974031 0.000663717
          55    -0.97148   -0.973984 0.000653186
          56   -0.970504   -0.973922  0.00064442
          57   -0.972584   -0.973899 0.000633448
          58   -0.970416   -0.973839 0.000625321
          59     -0.9752   -0.973862 0.000615064
          60   -0.975712   -0.973893 0.000605512
          61   -0.968072   -0.973797 0.000603099
          62   -0.965544   -0.973664 0.000608041
          63    -0.97388   -0.973667 0.000598322
          64   -0.975472   -0.973696 0.000589573
          65    -0.97404   -0.973701 0.000580456
          66   -0.972664   -0.973685  0.00057181
          67   -0.981584   -0.973803 0.000575417
          68    -0.97672   -0.973846 0.000568513
          69   -0.980384   -0.973941 0.000568169
          70      -0.976    -0.97397 0.000560766
          71   -0.972376   -0.973948 0.000553267
          72   -0.968704   -0.973875 0.000550369
          73   -0.977912    -0.97393 0.000545587
          74   -0.973968   -0.973931 0.000538164
          75   -0.981736   -0.974035 0.000541044
          76   -0.970864   -0.973993 0.000535505
          77   -0.968616   -0.973923 0.000533098
          78   -0.971664   -0.973894 0.000527016
          79   -0.973384   -0.973888 0.000520342
          80     -0.9758   -0.973912 0.000514352
          81   -0.976528   -0.973944 0.000508988
          82   -0.976712   -0.973978 0.000503875
          83   -0.969272   -0.973921 0.000500985
          84   -0.972968    -0.97391 0.000495115
          85    -0.97812   -0.973959 0.000491757
          86   -0.983992   -0.974076  0.00049981
          87   -0.976144     -0.9741 0.000494604
          88   -0.976752    -0.97413 0.000489879
          89   -0.970928   -0.974094 0.000485678
          90   -0.971536   -0.974065 0.000481091
          91   -0.976744   -0.974095 0.000476685
          92   -0.969016    -0.97404 0.000474696
          93   -0.979504   -0.974098 0.000473226
          94   -0.969376   -0.974048 0.000470852
          95    -0.97704    -0.97408 0.000466933
          96    -0.98396   -0.974183 0.000473367
          97    -0.97548   -0.974196 0.000468653
          98   -0.963064   -0.974082 0.000477552
          99   -0.980192   -0.974144 0.000476715
         100   -0.973664   -0.974139 0.000471948
