          20     0.33579    0.348503   0.0123244
          20    0.291504     0.34446  0.00745339
          20    0.371141    0.355993  0.00903146
          20    0.395244    0.365035  0.00960346
          20    0.434953    0.382024  0.00909196
          20    0.361472    0.378267  0.00847544
          20    0.432694    0.395161  0.00745191
          20    0.418088    0.397346  0.00842449
          20    0.378969    0.418181   0.0076935
          20    0.413311    0.403224  0.00506755
          20    0.429246    0.424302  0.00590196
          20     0.35562    0.428241    0.005678
          20    0.350415    0.412074   0.0110774
          20    0.416958    0.429279   0.0052647
          20    0.455649    0.430924  0.00816983
          20    0.364997    0.427823  0.00704121
          20    0.474406    0.434669    0.006754
          20    0.435625    0.424448  0.00706789
          20    0.420471    0.430819  0.00651274
          20    0.378693    0.426444   0.0057086
          20    0.473476    0.432576    0.006319
          20    0.456277    0.430664   0.0053774
          20    0.451979    0.444007  0.00363714
          20     0.44628    0.432865  0.00423101
          20    0.472226    0.432625  0.00604628
          20    0.465497     0.43155  0.00509329
          20    0.422476    0.437754  0.00500839
          20    0.413989    0.435942  0.00564874
          20     0.44363    0.439135    0.004494
          20    0.447334    0.439267  0.00405606
          20    0.454331     0.43737  0.00386189
          20    0.425247    0.439063  0.00452759
          20    0.436851    0.436343  0.00400736
          20    0.425487    0.437024  0.00349226
          20    0.467645    0.437511  0.00378234
          20    0.458095    0.439637   0.0042519
          20    0.417858    0.440726   0.0035083
          20     0.43154    0.433405  0.00295946
          20    0.457897    0.436626  0.00379101
          20    0.410071    0.436788   0.0042968
          20    0.463157     0.43522  0.00430269
          20    0.467329    0.432209  0.00416048
          20    0.432547    0.429991  0.00289322
          20    0.398374     0.43287  0.00372998
          20    0.447575    0.435172  0.00301701
          20    0.403345    0.425303  0.00285262
          20    0.420267    0.424132  0.00293609
          20    0.408632    0.425102  0.00327416
          20     0.42321    0.426205  0.00280392
          20    0.436291    0.427822  0.00251111
          20    0.416232    0.420141  0.00255751
          20    0.429261    0.420506  0.00204054
          20    0.411795    0.413638  0.00309223
          20    0.424889    0.416818  0.00335502
          20    0.384594    0.409233  0.00221059
          20    0.424914    0.410188  0.00290716
          20    0.405673    0.405812  0.00175164
          20    0.389722     0.40227  0.00198843
          20    0.405092    0.404569  0.00226751
          20    0.394018    0.398855   0.0019135
          20    0.400497    0.395254  0.00273953
          20    0.397143    0.392808  0.00267997
          20    0.391743    0.391072  0.00186646
          20    0.394171    0.391375  0.00302523
          20    0.382716    0.390951  0.00180335
          20    0.395208    0.383321  0.00191676
          20    0.386489    0.381387  0.00206409
          20    0.378442    0.383179  0.00189659
          20    0.361097    0.376935  0.00204678
          20    0.383484    0.373151  0.00188498
          20    0.377056    0.371634  0.00164139
          20    0.373823    0.368952  0.00242457
          20    0.384202    0.367429  0.00220508
          20    0.368568    0.361806  0.00184266
          20    0.369401    0.360334  0.00133025
          20     0.35775     0.36122  0.00127214
          20    0.360566    0.353704  0.00171475
          20    0.353488    0.350735  0.00166333
          20    0.355674    0.349095  0.00176959
          20    0.337597    0.345958   0.0013162
          20    0.350367    0.347297  0.00209649
          20    0.340244    0.342309  0.00174093
          20    0.336128    0.340293  0.00131512
          20    0.344328    0.338035  0.00179388
          20    0.322614    0.336011  0.00165299
          20    0.327424    0.334454  0.00148342
          20    0.334506    0.327764  0.00128828
          20    0.329883    0.325625  0.00130127
          20    0.330725    0.323141  0.00144491
          20    0.315703    0.320257  0.00146322
          20    0.311161    0.318401  0.00159795
          20    0.317323    0.314589  0.00105283
          20    0.310455    0.311152  0.00119311
          20    0.309006    0.310993  0.00111102
          20    0.309845    0.308186  0.00122634
          20    0.302558    0.305169  0.00120333
          20    0.303842    0.305294  0.00131554
          20    0.304341    0.301173  0.00135909
          20    0.292939    0.296907  0.00108212
          20    0.291099    0.296896  0.00129624
          20    0.294509    0.292868  0.00110701
          20    0.280241     0.29013  0.00112752
          20    0.282324    0.289195 0.000813098
          20    0.284268    0.286332 0.000996391
          20    0.278505    0.284897  0.00118178
          20    0.288146      0.2826 0.000952361
          20    0.278192    0.279779 0.000867495
          20    0.286982     0.27545  0.00114917
          20    0.272876      0.2749  0.00116039
          20    0.274026    0.272646  0.00108043
          20    0.277428    0.270453   0.0012942
          20    0.263148    0.267345 0.000887695
          20    0.262693    0.266056 0.000920662
          20    0.264373    0.263749  0.00151524
          20    0.265086    0.261254  0.00128191
          20    0.264665    0.257972 0.000937231
          20    0.251862    0.255958 0.000630203
          20    0.251176    0.253852  0.00100787
          20    0.258108    0.253406 0.000894839
          20    0.257899    0.251807   0.0011573
          20    0.245032    0.248685 0.000876751
          20    0.247257     0.24718 0.000948006
          20    0.239698    0.244541  0.00100287
          20    0.244105     0.24387 0.000761976
          20    0.247804    0.241864  0.00106069
          20    0.236352    0.239012 0.000794493
          20    0.234104     0.23624  0.00085365
          20    0.226506    0.236932 0.000975713
          20     0.24258    0.234917  0.00126171
          20    0.232628    0.232002 0.000869522
          20    0.233328    0.230018 0.000664195
          20    0.233242    0.226769  0.00102328
          20    0.220646    0.226324 0.000828304
          20    0.222822    0.224352 0.000865114
          20    0.220664    0.222472 0.000798699
          20     0.22218    0.220479 0.000623004
          20    0.216323    0.219677  0.00104914
          20    0.219042    0.217196  0.00063701
          20     0.21133     0.21618 0.000977534
          20    0.217117    0.215764 0.000659697
          20    0.214507    0.212382  0.00073461
          20    0.210147    0.211426 0.000631153
          20    0.206388    0.208617 0.000579889
          20    0.211826    0.207657 0.000566655
          20    0.210958    0.207168 0.000675861
          20    0.201693    0.204428 0.000888982
          20    0.199578    0.202495 0.000802157
          20    0.199657    0.202751 0.000499495
          20     0.20601    0.200308  0.00102445
          20    0.202227    0.197319 0.000671474
          20    0.201363    0.197396 0.000531532
