          20    -0.24104  -0.0310406    0.104647
          20   -0.487176   -0.049964    0.119437
          20   -0.107904   0.0599954   0.0879748
          20     0.25964  -0.0194558   0.0628735
          20    0.234884    0.034975   0.0673445
          20    0.383444  -0.0230002   0.0810308
          20   -0.133576   -0.035405   0.0523382
          20   -0.084268   -0.100767    0.060108
          20    0.225916  -0.0120114   0.0427651
          20   -0.141476   0.0130544   0.0443523
          20     -0.0205  -0.0296262   0.0477132
          20     0.35658   0.0933122   0.0316401
          20   -0.057592  -0.0038872   0.0384363
          20   -0.113932      0.0495   0.0312929
          20    0.161064   -0.025367   0.0303534
          20      0.0603   0.0135614   0.0277189
          20    0.211264  -0.0076746   0.0245802
          20    0.075836   0.0478944   0.0285858
          20   -0.054448   0.0388682   0.0240495
          20    0.063496  -0.0186528   0.0242822
          20      0.0059  -0.0019192   0.0214998
          20   -0.040036   0.0389922   0.0218956
          20   -0.213932   0.0213964    0.023429
          20    0.120988   0.0236648   0.0173116
          20   -0.074752   -0.012113   0.0156532
          20    -0.02618  -0.0170658   0.0171014
          20    0.032964   0.0037706   0.0138858
          20    0.041228   0.0087156   0.0141619
          20    0.015944   0.0222282   0.0188187
          20     0.06322   0.0052404  0.00839293
          20    0.013592    0.011861   0.0105622
          20    0.067816  -0.0063564   0.0138738
          20    0.021844  -0.0064784   0.0108086
          20   -0.035536  -0.0028072   0.0119506
          20    0.099908   0.0132394  0.00930402
          20   -0.025924   0.0090594   0.0121606
          20    0.055368   0.0251144   0.0103563
          20    -0.04528  -0.0027316   0.0098248
          20    0.033328   0.0088542   0.0085384
          20   -0.017092   0.0091852  0.00910827
          20    0.021656  -0.0018222  0.00667388
          20    0.016944   0.0021242  0.00851651
          20     0.05752   0.0001636  0.00928762
          20   -0.016452  -0.0039466  0.00739254
          20    0.020888  -0.0078508  0.00769534
          20    0.054812  -0.0040192    0.010245
          20   -0.024452  -0.0122194  0.00831052
          20   -0.015832  -0.0031738  0.00503625
          20   -0.012952  -0.0149764  0.00859214
          20     0.05468    0.002462    0.006443
          20    0.020568   -0.006299   0.0062242
          20    0.020544   0.0101794  0.00475256
          20     0.01012   0.0088402  0.00540431
          20   -0.014812   0.0087352  0.00752914
          20    0.040976  -0.0089948  0.00723646
          20     0.04414  -0.0024798  0.00565212
          20   -0.004088  -0.0069914  0.00510094
          20   -0.003628   0.0067074  0.00467386
          20   -0.049052  -0.0043442  0.00561631
          20    0.021736  -0.0076068  0.00442573
          20    0.015432   0.0017182  0.00609207
          20     0.00736  -0.0094614  0.00423183
          20   -0.006676   0.0003178  0.00280039
          20    0.006108   -0.001935  0.00445488
          20   -0.036544  -0.0016534  0.00521713
          20     0.01342   0.0036556  0.00426855
          20    0.040312   0.0033802  0.00457523
          20   -0.008784  -0.0065814   0.0031904
          20    0.000484   -0.000426  0.00473332
          20    0.022644   -0.003566  0.00386392
          20    -0.00112  -0.0021826  0.00358715
          20    0.021408  -0.0018024   0.0040219
          20      0.0274  -0.0013022  0.00380133
          20    -0.00356  -0.0063244   0.0031125
          20    -0.00278   -0.004785  0.00372585
          20   -0.041052   -0.000627   0.0031927
          20   -0.015596   0.0024776  0.00323923
          20   -0.005236  -0.0005262  0.00348394
          20   -0.010096  -0.0051686  0.00356374
          20   -0.006104   0.0014254  0.00345274
          20   -0.003452  -0.0027536  0.00277818
          20   -0.004384   0.0003934   0.0023222
          20   -0.003328  -0.0026158  0.00320933
          20    0.001824  -0.0011192  0.00342708
          20   -0.003912    0.001743  0.00179661
          20    0.000764  -0.0029008  0.00295776
          20   -0.029056  -0.0043442  0.00289863
          20    0.004136   0.0010318  0.00287792
          20    0.013536   0.0030606  0.00247377
          20     0.01644   0.0031344  0.00313743
          20    0.006916   -0.001132  0.00238165
          20    0.025044   0.0030642  0.00342513
          20     -0.0027   0.0048472  0.00281353
          20   -0.009624   0.0013366  0.00272628
          20    0.011716    1.82e-05  0.00201552
          20    0.004788  -0.0020432  0.00163654
          20   -0.002052  -0.0050934  0.00199168
          20    0.007924  -0.0019198  0.00212379
          20    0.004248   -0.000141  0.00221995
          20    0.010864  -0.0010986  0.00271308
          20    0.018172  -0.0009754  0.00207565
          20   -0.010308  -0.0008946  0.00283015
          20     0.00032  -0.0014042  0.00178278
          20   -0.014004   0.0013458  0.00205207
          20   -0.005568    0.000833  0.00249638
          20    0.003928   0.0015798  0.00216744
          20    0.005152   0.0014272  0.00252071
          20   -0.002428  -0.0003386  0.00213053
          20   -0.003928   0.0025708  0.00197337
          20   -0.006864   0.0012548  0.00171727
          20   -0.019128    8.72e-05  0.00195713
          20     0.01076     0.00498  0.00201678
          20   -0.013984   -0.000593  0.00214382
          20   -0.002292  -0.0028836  0.00225551
          20    0.000284    0.001364  0.00187646
          20     0.00396   0.0023846  0.00259135
          20   -0.009464    4.14e-05  0.00239498
          20    0.003088  -0.0006534  0.00188103
          20   -0.008484    0.000823  0.00157459
          20   -0.010728    -4.8e-05  0.00215942
          20   -0.014712   0.0001672  0.00217781
          20      0.0175   -3.66e-05  0.00235547
          20    -0.01836  -0.0026828  0.00197512
          20   -0.009404  -0.0002294  0.00249673
          20   -0.000732   0.0013834  0.00205504
          20   -0.004056  -0.0022296  0.00211572
          20   -0.005188  -0.0025764  0.00217988
          20   -0.005052   0.0021488  0.00153835
          20    0.004608  -0.0015448  0.00151102
          20   -0.011856   -0.003718  0.00188359
          20   -0.003892  -0.0008122  0.00156431
          20   -0.001988  -0.0027822  0.00206931
          20   -0.010264   -0.002582  0.00216682
          20    0.008064   0.0002524  0.00198327
          20    0.006308   -0.000205  0.00142428
          20    0.014756   0.0034116  0.00149347
          20    -0.00822   0.0025298   0.0022483
          20    0.005412   -1.66e-05  0.00112621
          20    0.003204   -0.003718  0.00176282
          20   -0.003944   0.0004876  0.00154547
          20     0.01058  -0.0012762  0.00182729
          20   -0.004988    0.000404  0.00142487
          20    0.001248  -0.0025924  0.00137556
          20   -0.007244   0.0026166  0.00199748
          20   -0.005872   0.0010084   0.0015436
          20   -0.007284    1.86e-05  0.00141514
          20     0.01888    0.001199  0.00168185
          20   -0.002536  -0.0010434  0.00124453
          20    0.015516  -0.0008544  0.00189256
          20   -0.001556  -0.0002122  0.00123245
          20    -0.00306   -0.001168  0.00178699
          20    -0.24104  -0.0310406    0.104647
          20   -0.487176   -0.049964    0.119437
          20   -0.107904   0.0599954   0.0879748
          20     0.25964  -0.0194558   0.0628735
