           1   -0.461192   -0.461192           0
           2   -0.464248    -0.46272    0.001528
           3    -0.46072   -0.462053  0.00110576
           4   -0.459008   -0.461292  0.00109132
           5    -0.46132   -0.461298 0.000845352
           6   -0.461648   -0.461356 0.000692693
           7   -0.462936   -0.461582 0.000627438
           8      -0.462   -0.461634 0.000545887
           9   -0.464104   -0.461908 0.000554159
          10   -0.461888   -0.461906 0.000495659
          11   -0.462088   -0.461923 0.000448644
          12    -0.46088   -0.461836 0.000418674
          13   -0.463928   -0.461997 0.000417393
          14   -0.465048   -0.462215 0.000443648
          15   -0.463904   -0.462327 0.000428091
          16   -0.463448   -0.462398  0.00040652
          17    -0.46184   -0.462365 0.000383265
          18   -0.463816   -0.462445 0.000370231
          19   -0.460296   -0.462332 0.000368021
          20    -0.46184   -0.462308 0.000350002
          21   -0.462928   -0.462337 0.000334226
          22   -0.462336   -0.462337 0.000318672
          23   -0.461512   -0.462301 0.000306608
          24   -0.462648   -0.462316  0.00029391
          25   -0.463608   -0.462367 0.000286609
          26   -0.460816   -0.462308 0.000281755
          27   -0.462992   -0.462333 0.000272301
          28   -0.463664   -0.462381 0.000266667
          29   -0.460392   -0.462312 0.000266287
          30   -0.461632   -0.462289 0.000258255
          31   -0.462376   -0.462292 0.000249801
          32   -0.463112   -0.462318 0.000243222
          33   -0.464088   -0.462371 0.000241763
          34   -0.463056   -0.462392 0.000235407
          35   -0.462664   -0.462399 0.000228715
          36   -0.464408   -0.462455 0.000229167
          37   -0.461128   -0.462419 0.000225755
          38   -0.462144   -0.462412 0.000219853
          39   -0.461144   -0.462379 0.000216596
          40    -0.46304   -0.462396 0.000211756
          41    -0.46132    -0.46237 0.000208188
          42   -0.462656   -0.462377 0.000203285
          43    -0.46412   -0.462417 0.000202599
          44   -0.463416    -0.46244 0.000199239
          45   -0.459872   -0.462383 0.000202948
          46   -0.462336   -0.462382  0.00019849
          47   -0.462984   -0.462395 0.000194643
          48   -0.461376   -0.462373 0.000191723
          49   -0.459728   -0.462319 0.000195376
          50   -0.462184   -0.462317 0.000191448
          51   -0.460432    -0.46228  0.00019126
          52   -0.461464   -0.462264 0.000188201
          53   -0.462032    -0.46226 0.000184668
          54   -0.458776   -0.462195 0.000192356
          55   -0.463776   -0.462224 0.000191001
          56   -0.462992   -0.462238 0.000188061
          57   -0.464384   -0.462275 0.000188531
          58   -0.459992   -0.462236 0.000189388
          59   -0.460968   -0.462214 0.000187387
          60   -0.460456   -0.462185 0.000186554
          61   -0.464632   -0.462225 0.000187804
          62   -0.461424   -0.462212 0.000185201
          63   -0.464224   -0.462244 0.000185014
          64   -0.461616   -0.462234 0.000182365
          65   -0.462592    -0.46224 0.000179622
          66   -0.460752   -0.462217  0.00017831
          67     -0.4614   -0.462205 0.000176052
          68   -0.463424   -0.462223 0.000174367
          69   -0.461792   -0.462217 0.000171935
          70   -0.461464   -0.462206 0.000169802
          71   -0.461616   -0.462198 0.000167599
          72   -0.463088    -0.46221 0.000165717
          73   -0.462712   -0.462217 0.000163576
          74   -0.463944    -0.46224 0.000163029
          75   -0.461664   -0.462233 0.000161024
          76   -0.464672   -0.462265 0.000162101
          77   -0.460368    -0.46224 0.000161867
          78   -0.462456   -0.462243 0.000159802
          79   -0.459344   -0.462206 0.000161978
          80    -0.46288   -0.462215 0.000160162
          81    -0.46316   -0.462226 0.000158602
          82   -0.463248   -0.462239 0.000157151
          83   -0.461368   -0.462228   0.0001556
          84   -0.461304   -0.462217  0.00015413
          85   -0.467032   -0.462274 0.000162498
          86   -0.460584   -0.462254 0.000161795
          87    -0.46104    -0.46224 0.000160532
          88   -0.461704   -0.462234 0.000158815
          89   -0.463776   -0.462252 0.000157973
          90   -0.462184   -0.462251 0.000156209
          91   -0.462016   -0.462248 0.000154505
          92    -0.46192   -0.462245 0.000152858
          93   -0.461456   -0.462236 0.000151443
          94   -0.463376   -0.462248 0.000150313
          95   -0.462488   -0.462251 0.000148744
          96   -0.459488   -0.462222 0.000149973
          97   -0.461704   -0.462217 0.000148515
          98   -0.460944   -0.462204 0.000147565
          99   -0.460912   -0.462191 0.000146648
         100   -0.461592   -0.462185 0.000145297
