           1    0.207578    0.207578           0
           2    0.196018    0.201798   0.0057799
           3    0.204602    0.202733  0.00346538
           4      0.1975    0.201424  0.00277776
           5     0.19655     0.20045  0.00236218
           6    0.199886    0.200356    0.001931
           7    0.193176     0.19933  0.00192752
           8    0.196446     0.19897  0.00170777
           9    0.196025    0.198642  0.00154122
          10    0.195211    0.198299  0.00142057
          11    0.200022    0.198456  0.00129445
          12    0.192982       0.198  0.00126665
          13    0.196259    0.197866  0.00117282
          14    0.197173    0.197816  0.00108694
          15    0.200729    0.198011  0.00103036
          16    0.201023    0.198199 0.000982031
          17    0.195638    0.198048  0.00093468
          18    0.200102    0.198162  0.00088858
          19    0.194187    0.197953 0.000866164
          20    0.196166    0.197864 0.000826561
          21    0.192533     0.19761 0.000826183
          22    0.191924    0.197351 0.000829051
          23    0.196735    0.197325 0.000792639
          24    0.198956    0.197393 0.000761933
          25    0.195809    0.197329  0.00073356
          26    0.198808    0.197386 0.000707071
          27    0.196112    0.197339 0.000682014
          28    0.198408    0.197377 0.000658314
          29    0.193818    0.197254 0.000646955
          30    0.194151    0.197151 0.000633523
          31    0.201061    0.197277 0.000625595
          32    0.196211    0.197244 0.000606646
          33    0.197987    0.197266 0.000588407
          34    0.197195    0.197264 0.000570842
          35    0.190419    0.197069 0.000587782
          36    0.200145    0.197154 0.000577578
          37    0.195596    0.197112 0.000563327
          38    0.192079     0.19698 0.000564076
          39     0.19962    0.197047 0.000553576
          40    0.196964    0.197045 0.000539563
          41    0.198838    0.197089 0.000528053
          42    0.196496    0.197075  0.00051552
          43     0.20568    0.197275 0.000541708
          44    0.190258    0.197115 0.000552757
          45     0.19436    0.197054 0.000543792
          46    0.198052    0.197076 0.000532281
          47    0.196669    0.197067 0.000520905
          48    0.197504    0.197076 0.000510019
          49    0.195711    0.197048 0.000500278
          50    0.197616     0.19706 0.000490302
          51    0.197118    0.197061 0.000480594
          52    0.198265    0.197084  0.00047183
          53    0.198204    0.197105 0.000463324
          54    0.193201    0.197033 0.000460375
          55    0.195222       0.197 0.000453125
          56     0.19104    0.196894 0.000457511
          57    0.195704    0.196873 0.000449897
          58     0.19874    0.196905 0.000443243
          59    0.199424    0.196948 0.000437753
          60    0.197561    0.196958 0.000430517
          61    0.197736    0.196971 0.000423593
          62    0.197943    0.196986 0.000416999
          63    0.198745    0.197014 0.000411276
          64    0.192783    0.196948 0.000410161
          65    0.197028    0.196949 0.000403803
          66    0.197369    0.196956 0.000397689
          67    0.195067    0.196927 0.000392721
          68    0.192661    0.196865 0.000391955
          69    0.201184    0.196927 0.000391273
          70    0.197897    0.196941 0.000385891
          71    0.200431     0.19699  0.00038358
          72    0.193577    0.196943 0.000381175
          73    0.199032    0.196972 0.000377005
          74    0.196202    0.196961 0.000372021
          75    0.194309    0.196926 0.000368726
          76    0.192791    0.196871 0.000367887
          77    0.193422    0.196827 0.000365831
          78    0.197289    0.196833 0.000361159
          79    0.194379    0.196801 0.000357908
          80    0.197136    0.196806 0.000353431
          81    0.190631    0.196729 0.000357267
          82    0.199772    0.196767 0.000354829
          83    0.192685    0.196717 0.000353961
          84    0.195359    0.196701 0.000350096
          85    0.196106    0.196694 0.000346023
          86    0.196136    0.196688 0.000342038
          87    0.197954    0.196702 0.000338397
          88    0.198792    0.196726 0.000335371
          89    0.196854    0.196727 0.000331584
          90    0.196496    0.196725 0.000327889
          91    0.200245    0.196764 0.000326566
          92     0.19769    0.196774 0.000323153
          93     0.20023    0.196811 0.000321812
          94    0.198658     0.19683 0.000318976
          95    0.196839    0.196831   0.0003156
          96    0.192181    0.196782 0.000316029
          97    0.198152    0.196796 0.000313073
          98    0.194069    0.196768 0.000311109
          99    0.193958     0.19674 0.000309257
         100    0.194836    0.196721  0.00030674
