          20     90.3553     90.4828     0.18672
          20     86.5124     87.0746     0.23474
          20     84.8794     83.6647    0.217103
          20     78.2749     79.9913    0.246724
          20     77.9879     76.7165    0.261791
          20     71.9746     72.9482    0.243642
          20     71.5185      70.036    0.200715
          20     67.5552     66.6621    0.288549
          20     62.4693     63.4136    0.228656
          20     61.1256      59.626    0.315977
          20      58.388     57.0839    0.330516
          20     51.8059     53.4938    0.235697
          20     52.4729     50.2877    0.282489
          20     47.8593     47.9982     0.22345
          20      45.222     45.4695    0.216685
          20     40.2099     42.7276     0.29451
          20     39.7876     40.6789    0.231539
          20     37.7707     37.9945    0.166478
          20     34.8533     35.7969       0.192
          20     34.2709     34.0217     0.16318
          20     33.1287      31.956    0.182126
          20     29.4001     30.1885    0.123494
          20     28.9185     28.5477    0.157842
          20     26.8401     26.9426    0.143932
          20     25.0289       25.72    0.170013
          20     24.4259     23.9086    0.121521
          20     21.8747     22.9402    0.106994
          20      21.517        21.7    0.154385
          20      19.059     20.5181    0.130157
          20      19.209      19.578    0.106138
          20     18.6522      18.507   0.0578028
          20     17.8404     17.7997   0.0804288
          20     16.9587     16.9696   0.0671787
          20     16.1251     16.1461   0.0501689
          20      14.618     15.1691   0.0560472
          20      14.739     14.8066   0.0426137
          20     13.6529     13.9681   0.0436864
          20     13.3324      13.461   0.0593172
          20      12.974     12.9193     0.05653
          20     12.1987     12.3752   0.0592669
          20     11.7706     11.8079   0.0427236
          20     11.3417     11.3842   0.0467795
          20      10.872     10.9313   0.0359805
          20     10.2591     10.6112   0.0333407
          20      10.352     10.1494   0.0472503
          20      9.9513     9.82702   0.0296772
          20     9.36555     9.49507   0.0387642
          20      9.0129     9.12439   0.0397257
          20      8.6437     8.79498   0.0250081
          20      8.4283     8.51912   0.0411934
          20     8.09682     8.24371   0.0312625
          20      7.8702     7.96314   0.0199865
          20     7.96641     7.69197   0.0278077
          20      7.4685     7.45102   0.0220476
          20     7.29056     7.19345   0.0197881
          20     7.10331     6.98778   0.0242366
          20     6.85111     6.80439   0.0257399
          20     6.58288     6.60663   0.0210752
          20     6.49565     6.42427   0.0174036
          20      6.2799     6.23484   0.0211164
          20     6.06997      6.0669   0.0151269
          20     5.80746     5.88632   0.0171543
          20     5.62317     5.72357    0.022048
          20     5.61546     5.60148   0.0207033
          20     5.46694     5.44145   0.0146446
          20     5.25838     5.31708   0.0131387
          20     5.30982     5.18033   0.0197152
          20      5.1115     5.04244   0.0124834
          20      5.0428     4.92564   0.0155639
          20     4.78391     4.79355   0.0127927
          20     4.73882     4.67139     0.01399
          20     4.46826     4.56328    0.015397
          20     4.49961     4.47741  0.00957111
          20     4.40447     4.35423   0.0118646
          20     4.29169     4.26526   0.0116394
          20     4.10278     4.19163  0.00995248
          20     4.05351     4.08632   0.0105918
          20     4.07477     3.99141  0.00954024
          20     3.87348      3.9028  0.00884457
          20      3.8572     3.83409   0.0111465
          20     3.78833     3.77015  0.00994088
          20     3.64966     3.68253   0.0057244
          20     3.64418      3.6054   0.0114635
          20     3.52732     3.52254   0.0080837
          20     3.42939     3.47719   0.0113017
          20     3.38071     3.38857  0.00720369
          20      3.3137      3.3352  0.00947087
          20     3.29227      3.2751  0.00638672
          20     3.22306     3.19957  0.00783115
          20     3.10125     3.14843  0.00661639
          20     3.08918     3.09365  0.00814623
          20     3.04042      3.0311   0.0078317
          20     3.03705     2.98282  0.00519372
          20     2.95779     2.93394  0.00660835
          20     2.95661     2.88948  0.00624737
          20     2.84834     2.83441  0.00557555
          20     2.76589     2.78157  0.00499742
          20     2.70695     2.74348  0.00572659
          20     2.70757     2.69951  0.00523304
          20     2.58361     2.64094  0.00552023
          20     2.61935     2.60852  0.00470948
          20     2.56108      2.5686  0.00566732
          20     2.52267     2.52014  0.00506218
          20     2.47708     2.47713  0.00514201
          20     2.43208     2.44434  0.00449381
          20     2.38685     2.41123  0.00466492
          20     2.36906     2.36784  0.00434271
          20     2.33214     2.33133  0.00527549
          20     2.29179     2.30214  0.00509906
          20     2.25975     2.26457  0.00395195
          20     2.24384     2.23801  0.00472218
          20     2.17356     2.19575  0.00406259
          20     2.18692     2.17034  0.00360759
          20     2.14466     2.13523  0.00412839
          20     2.11808     2.11583  0.00322567
          20     2.09856     2.08665  0.00393645
          20     2.04846      2.0551  0.00401997
          20     1.99846     2.02467  0.00347806
          20     1.97105     1.99491  0.00317552
          20     1.97731     1.97025   0.0034849
          20     1.93673     1.94375   0.0028895
          20     1.90839     1.91665  0.00282621
          20     1.89133      1.8968  0.00251948
          20     1.87943     1.87747  0.00375913
          20     1.84585     1.84783  0.00415527
          20     1.82171     1.82671  0.00328234
          20     1.79342     1.80294  0.00291583
          20     1.76229     1.78178  0.00304544
          20     1.74686     1.75037  0.00324931
          20      1.7746     1.73603  0.00366212
          20     1.70766     1.71865  0.00352034
          20     1.70434     1.69497  0.00221324
          20     1.66625     1.67757  0.00225125
          20     1.65787     1.65861  0.00218669
          20     1.62018     1.63268  0.00279422
          20     1.61355     1.62029  0.00223935
          20     1.59856     1.60223  0.00238422
          20     1.58474     1.58479  0.00267536
          20     1.58849     1.56702  0.00316124
          20     1.56285     1.54707  0.00307414
          20     1.54514     1.53021  0.00255004
          20     1.50884     1.51027   0.0025293
          20     1.51406     1.49213  0.00276194
          20     1.49266     1.47825  0.00276099
          20     1.47785     1.46687  0.00208919
          20     1.46625     1.44946   0.0023003
          20     1.42432     1.43243  0.00208854
          20      1.4395     1.42103  0.00255283
          20      1.4062     1.40439  0.00185127
          20     1.38796     1.39214  0.00222577
          20      1.3745      1.3758  0.00211305
