0.699907
0.672188
0.672188
0.5774
0.548592
0.57013
0.568152
0.430609
0.430609
0.32829
0.32829
0.236583
0.236583
0.236583
0.228411
0.228411
0.228411
0.228411
0.228411
0.228411
0.228411
0.228411
0.228411
0.228411
0.228411
0.228411
0.228411
0.228411
0.228411
0.228411
0.228411
0.138878
0.138878
0.138878
0.138878
0.138878
0.103648
0.103648
0.103648
0.103648
0.0615108
0.0615108
0.0615108
0.0615108
0.0615108
0.0615108
0.0615108
0.0615108
0.0615108
0.0615108
0.0551857
0.00150335
0.00150335
0.00150335
0.00150335
0.00150335
0.00150335
0.00304448
0.00304448
0.00304448
0.00304448
0.00304448
0.00304448
-0.0314171
-0.0314171
-0.0314171
-0.0314171
-0.0314171
-0.0314171
-0.0314171
-0.0314171
-0.0314171
-0.0314171
-0.0314171
-0.0314171
-0.0314171
-0.0342483
-0.0342483
-0.115531
-0.115268
-0.115268
-0.115268
-0.115268
-0.115268
-0.115268
-0.115268
-0.115268
-0.137719
-0.152298
-0.152298
-0.158753
-0.218242
-0.22273
-0.243552
-0.243552
-0.243552
-0.243552
-0.243552
-0.243552
-0.243552
-0.289972
-0.289972
-0.289972
-0.289972
-0.289972
-0.289972
-0.289972
-0.289972
-0.327156
-0.327156
-0.327156
-0.339741
-0.354743
-0.354743
-0.354743
-0.354743
-0.354743
-0.378086
-0.378086
-0.378086
-0.378086
-0.378086
-0.378086
-0.378086
-0.378086
-0.378086
-0.38608
-0.38608
-0.388755
-0.397047
-0.397047
-0.397047
-0.416474
-0.416474
-0.416474
-0.416474
-0.416474
-0.416474
-0.416474
-0.416474
-0.416474
-0.416474
-0.416474
-0.416474
-0.416474
-0.419082
-0.419082
-0.423444
-0.423444
-0.434347
-0.434347
-0.434347
-0.434703
-0.434703
-0.435967
-0.435967
-0.435942
-0.442032
-0.442032
-0.442032
-0.442032
-0.444334
-0.444334
-0.444334
-0.444334
-0.444334
-0.444334
-0.444334
-0.444334
-0.444334
-0.444334
-0.444334
-0.444334
-0.444334
-0.44451
-0.44451
-0.449331
-0.449331
-0.455101
-0.455101
-0.455101
-0.455101
-0.455101
-0.455101
-0.455101
-0.455101
-0.459181
-0.459181
-0.459181
-0.459181
-0.459181
-0.459181
-0.459181
-0.459181
-0.459181
-0.459181
-0.459181
-0.459181
-0.459181
-0.459181
-0.459181
-0.459181
-0.459181
-0.459181
-0.459181
-0.459181
-0.459181
-0.459181
-0.459181
-0.459181
-0.459181
-0.459181
-0.459181
-0.459181
-0.459181
-0.459181
-0.459181
-0.459181
-0.459181
-0.459181
-0.459181
-0.459181
-0.459181
-0.459181
-0.459181
-0.459181
-0.459181
-0.459181
-0.459181
-0.459181
-0.459181
-0.459181
-0.459181
-0.459181
-0.459181
-0.459181
-0.459181
-0.459181
-0.459181
-0.459181
-0.459181
-0.459181
-0.459181
-0.459181
-0.459181
-0.459181
-0.459181
-0.459181
-0.459181
-0.459181
-0.459181
-0.459181
-0.459181
-0.459181
-0.459181
-0.459181
-0.459181
-0.459181
-0.459181
-0.459181
-0.459181
-0.459181
-0.459181
-0.459181
-0.459181
-0.459181
-0.459181
-0.459181
-0.459181
-0.459181
-0.459181
-0.459181
-0.459181
-0.459181
-0.459181
-0.459181
-0.459181
-0.459181
-0.459181
-0.459181
-0.459181
-0.459181
-0.459181
-0.459181
-0.459181
-0.459181
-0.459181
-0.459181
-0.459181
-0.459181
-0.459181
-0.459181
-0.459181
-0.459181
-0.459181
-0.459181
-0.459181
-0.459181
-0.459181
-0.459181
