1.2
1.18991
1.15567
1.09903
1.02249
0.929279
0.824046
0.712812
0.602676
0.50124
0.415659
0.351524
0.311852
0.296674
0.303209
0.326623
0.361077
0.400677
0.440224
0.475645
0.504127
0.524135
0.535284
0.538117
0.533887
0.524387
0.511706
0.498078
0.485708
0.47664
0.472664
0.475153
0.485023
0.502525
0.527206
0.557842
0.592487
0.628766
0.66402
0.695761
0.721875
0.740866
0.751884
0.75486
0.750344
0.73949
0.723878
0.705222
0.685242
0.665475
1.19878
1.17044
1.134
1.09026
1.04062
0.987182
0.932783
0.880942
0.835563
0.80027
0.777849
0.769458
0.77425
0.789509
0.811183
0.83498
0.857395
0.876172
0.890368
0.89989
0.905171
0.906847
0.905699
0.902462
0.898009
0.89331
0.889232
0.886579
0.885902
0.887449
0.891141
0.896648
0.903591
0.911718
0.920904
0.930905
0.941201
0.950813
0.958217
0.961688
0.959731
0.951453
0.936917
0.917118
0.893941
0.869767
0.847098
0.828159
0.814433
0.806544
1.19997
1.19726
1.18844
1.1727
1.14968
1.11949
1.08266
1.04029
0.994397
0.948007
0.905347
0.871544
0.851663
0.849382
0.865941
0.899694
0.946767
1.0022
1.06101
1.11884
1.17218
1.21839
1.25564
1.28284
1.29951
1.30565
1.30173
1.28869
1.26803
1.24172
1.21225
1.18235
1.1547
1.1319
1.11635
1.10927
1.10961
1.11419
1.11911
1.12157
1.12043
1.11587
1.10869
1.09987
1.09026
1.08068
1.07205
1.06546
1.0618
1.06091
1.19998
1.19749
1.18862
1.17392
1.15593
1.13849
1.12587
1.12138
1.12641
1.13987
1.15868
1.17881
1.19654
1.20947
1.21684
1.21922
1.21779
1.21347
1.20637
1.19631
1.18338
1.1685
1.15337
1.13987
1.12954
1.12335
1.12183
1.12504
1.13255
1.14344
1.1566
1.171
1.18581
1.20015
1.21281
1.22244
1.22789
1.22887
1.226
1.22087
1.21543
1.21146
1.21015
1.21194
1.21683
1.2244
1.23386
1.2439
1.25321
1.26073
1.20017
1.20429
1.20848
1.21282
1.21688
1.21991
1.22125
1.22049
1.21739
1.21186
1.20394
1.19388
1.1824
1.17049
1.15909
1.14882
1.13991
1.13225
1.12541
1.11877
1.11166
1.10362
1.09435
1.08398
1.07301
1.0625
1.05423
1.05038
1.05247
1.06008
1.07076
1.08117
1.08858
1.09174
1.09089
1.08739
1.08288
1.07859
1.07524
1.07326
1.07341
1.07691
1.08492
1.09773
1.11424
1.13221
1.14886
1.16153
1.16815
1.16783
1.19951
1.18853
1.17614
1.1661
1.16137
1.16359
1.17259
1.18637
1.20183
1.21588
1.22642
1.23295
1.23647
1.23904
1.24264
1.24827
1.25547
1.26271
1.26807
1.26988
1.26707
1.25942
1.24753
1.23262
1.21611
1.19921
1.1826
1.16653
1.15115
1.13674
1.12388
1.11343
1.1064
1.10362
1.10542
1.11156
1.12116
1.13278
1.14465
1.15506
1.16297
1.16838
1.17236
1.1766
1.18239
1.1901
1.19899
1.20745
1.21396
1.21765
1.19995
1.19927
1.19817
1.19729
1.19675
1.19622
1.19516
1.19296
1.18906
1.18283
1.17375
1.16138
1.14598
1.12875
1.11152
1.09646
1.08546
1.07977
1.07989
1.08554
1.09602
1.11027
1.1269
1.14415
1.16023
1.17363
1.18359
1.19005
1.193
1.19224
1.18726
1.17783
1.1643
1.14771
1.12973
1.11263
1.09905
1.09157
1.09229
1.10201
1.12
1.14411
1.17112
1.19729
1.21918
1.23402
1.24008
1.23697
1.22558
1.20824
1.19893
1.17885
1.16051
1.14406
1.12874
1.1146
1.10334
1.09733
1.09789
1.104
1.11301
1.12245
1.13116
1.1393
1.1474
1.15566
1.16373
1.17116
1.17791
1.1846
1.19229
1.20172
1.21255
1.22313
1.23088
1.23337
1.22938
1.21962
1.20687
1.19461
1.18557
1.18057
1.17894
1.17918
1.17935
1.17763
1.17287
1.16484
1.15427
1.14254
1.13124
1.12181
1.11551
1.11312
1.11482
1.11984
1.12668
1.13324
1.13752
1.13828
1.19973
1.19281
1.18273
1.17138
1.16059
1.15247
1.14944
1.1539
1.16688
1.18692
1.21034
1.23297
1.25215
1.26724
1.27891
1.28754
1.29213
1.29054
1.28068
1.26188
1.23572
1.2056
1.17583
1.1506
1.13303
1.12453
1.12456
1.13091
1.14072
1.15175
1.16311
1.17551
1.19041
1.20899
1.23115
1.25548
1.27985
1.30185
1.31904
1.32894
1.3294
1.31915
1.29865
1.27099
1.2418
1.21745
1.20216
1.19591
1.1953
1.196
1.19985
1.19638
1.19129
1.18626
1.18284
1.18163
1.18191
1.18175
1.17877
1.17125
1.159
1.1435
1.12747
1.11396
1.10553
1.10378
1.10934
1.12216
1.1415
1.16551
1.19116
1.21498
1.23416
1.24743
1.25501
1.25838
1.25955
1.26059
1.26306
1.2677
1.2743
1.28182
1.28864
1.29275
1.29211
1.28512
1.271
1.25016
1.22421
1.19559
1.16729
1.14196
1.12154
1.10683
1.09735
1.09175
1.08849
1.08652
1.08573
1.08693
