-6.65033
-6.65046
-6.64819
-6.62941
-6.61548
-6.60641
-6.59929
-6.59248
-6.58762
-6.5847
-6.58179
-6.57952
-6.5779
-6.57596
-6.57499
-6.57532
-6.575
-6.57435
-6.57436
-6.57306
-6.57274
-6.57242
-6.57339
-6.57371
-6.57306
-6.57241
-6.57306
-6.57371
-6.57532
-6.57403
-6.57338
-6.57241
-6.57402
-6.57435
-6.57565
-6.57629
-6.57824
-6.57921
-6.57824
-6.57954
-6.58148
-6.58148
-6.58019
-6.58148
-6.58213
-6.58504
-6.58472
-6.58666
-6.58536
-6.58439
-6.03134
-6.02972
-6.02551
-6.02713
-6.02777
-6.02551
-6.02518
-6.02356
-6.02064
-6.02193
-6.02129
-6.02064
-6.02032
-6.02097
-6.02
-6.02033
-6.01936
-6.02097
-6.02227
-6.02097
-6.02
-6.02
-6.02032
-6.02162
-6.02194
-6.02259
-6.02421
-6.02485
-6.0255
-6.02485
-6.02485
-6.0242
-6.0242
-6.02259
-6.02388
-6.02356
-6.02162
-6.02097
-6.02065
-6.02
-6.02033
-6.02065
-6.02259
-6.02065
-6.02129
-6.02291
-6.02259
-6.02226
-6.02226
-6.02388
-5.62684
-5.62587
-5.62555
-5.62393
-5.62328
-5.62555
-5.62555
-5.62458
-5.62425
-5.62295
-5.6223
-5.62101
-5.61938
-5.62003
-5.62003
-5.62165
-5.62101
-5.62199
-5.62425
-5.62458
-5.62491
-5.62685
-5.62847
-5.62652
-5.62588
-5.62847
-5.62911
-5.62847
-5.62652
-5.62458
-5.62522
-5.62619
-5.62652
-5.62522
-5.6249
-5.6249
-5.62361
-5.62458
-5.6249
-5.62652
-5.6262
-5.6249
-5.62555
-5.62587
-5.6249
-5.62522
-5.62393
-5.62425
-5.62522
-5.62587
-5.48923
-5.48728
-5.48534
-5.48469
-5.48436
-5.4863
-5.48695
-5.48436
-5.4863
-5.48566
-5.48501
-5.48728
-5.48631
-5.48696
-5.48857
-5.48728
-5.48825
-5.48695
-5.48663
-5.4876
-5.48792
-5.49181
-5.4944
-5.49213
-5.49181
-5.49343
-5.49278
-5.49408
-5.49149
-5.49116
-5.48987
-5.48922
-5.48663
-5.48696
-5.48728
-5.48696
-5.48858
-5.48664
-5.48664
-5.48923
-5.48761
-5.48728
-5.48663
-5.48696
-5.48793
-5.48923
-5.48987
-5.48955
-5.4902
-5.4889
-5.55187
-5.55089
-5.55154
-5.55251
-5.55284
-5.55478
-5.55284
-5.55348
-5.55413
-5.55543
-5.55445
-5.55445
-5.55445
-5.55316
-5.55413
-5.55413
-5.55348
-5.55348
-5.55251
-5.55348
-5.55251
-5.55316
-5.55348
-5.55575
-5.55413
-5.55348
-5.55251
-5.55218
-5.55121
-5.55154
-5.55089
-5.55024
-5.54992
-5.55186
-5.55316
-5.55478
-5.55283
-5.55218
-5.5538
-5.55283
-5.55477
-5.55315
-5.5525
-5.55315
-5.55218
-5.55251
-5.55316
-5.55672
-5.55445
-5.55477
-5.51565
-5.51597
-5.51532
-5.51402
-5.51434
-5.51435
-5.51435
-5.51532
-5.51532
-5.515
-5.51694
-5.51953
-5.5218
-5.52471
-5.52438
-5.52179
-5.51888
-5.51985
-5.5205
-5.51985
-5.5205
-5.52211
-5.52146
-5.51952
-5.5179
-5.51855
-5.51823
-5.5179
-5.51726
-5.51855
-5.51726
-5.51531
-5.51467
-5.51402
-5.5124
-5.51499
-5.5137
-5.51467
-5.51305
-5.51305
-5.51241
-5.51435
-5.51499
-5.51597
-5.51499
-5.5137
-5.5137
-5.51143
-5.51046
-5.51078
-5.53108
-5.53205
-5.53173
-5.53432
-5.53432
-5.53659
-5.53691
-5.53626
-5.53529
-5.53303
-5.52947
-5.52947
-5.52946
-5.52978
-5.53011
-5.53043
-5.53237
-5.5314
-5.53043
-5.5314
-5.53237
-5.53367
-5.5327
-5.53432
-5.53432
-5.534
-5.5327
-5.534
-5.53368
-5.53529
-5.53562
-5.53497
-5.534
-5.53594
-5.53335
-5.534
-5.53237
-5.53108
-5.53172
-5.53173
-5.52914
-5.53011
-5.53076
-5.52979
-5.53012
-5.52882
-5.52882
-5.52947
-5.53238
-5.53464
-5.52352
-5.52255
-5.5206
-5.52287
-5.52223
-5.52255
-5.52287
-5.52481
-5.52514
-5.52611
-5.52643
-5.52578
-5.52449
-5.52287
-5.52514
-5.52287
-5.52125
-5.52125
-5.52125
-5.5193
-5.51866
-5.51736
-5.51736
-5.51866
-5.52093
-5.52222
-5.52416
-5.52287
-5.52157
-5.5206
-5.52448
-5.52351
-5.52513
-5.52319
-5.52319
-5.5219
-5.52125
-5.51995
-5.51865
-5.51703
-5.51898
-5.5206
-5.52027
-5.51995
-5.51995
-5.5206
-5.5193
-5.51995
-5.52028
-5.51963
-5.45561
-5.45658
-5.45561
-5.45723
-5.45755
-5.4569
-5.45755
-5.4582
-5.45787
-5.45691
-5.45626
-5.45626
-5.45756
-5.45821
-5.45918
-5.45983
-5.45886
-5.45821
-5.45789
-5.45821
-5.45627
-5.45756
-5.45691
-5.45691
-5.45723
-5.45853
-5.45626
-5.45529
-5.454
-5.45626
-5.45723
-5.45885
-5.45853
-5.45755
-5.4595
-5.45885
-5.45885
-5.45724
-5.45886
-5.45951
-5.4621
-5.46404
-5.46242
-5.46144
-5.45788
-5.45561
-5.45496
-5.45496
-5.45658
-5.45594
-5.44921
-5.44985
-5.4505
-5.45341
-5.45309
-5.45309
-5.45439
-5.45212
-5.45212
-5.4531
-5.45471
-5.45504
-5.45439
-5.45341
-5.45438
-5.456
-5.4547
-5.45406
-5.45211
-5.45147
-5.45244
-5.45179
-5.45147
-5.45018
-5.4505
-5.45049
-5.44985
-5.45081
-5.45276
-5.45179
-5.45179
-5.45308
-5.45276
-5.45438
-5.45665
-5.45665
-5.45632
-5.456
-5.45632
-5.45502
-5.45566
-5.45437
-5.45307
-5.45113
-5.45016
-5.44919
-5.44951
-5.45113
-5.44886
-5.44983
