-7.85033
-7.84036
-7.80385
-7.72844
-7.63797
-7.53569
-7.42333
-7.3053
-7.1903
-7.08594
-6.99745
-6.93104
-6.88975
-6.87263
-6.8782
-6.90194
-6.93607
-6.97503
-7.01458
-7.04871
-7.07687
-7.09655
-7.10867
-7.11183
-7.10695
-7.0968
-7.08477
-7.07178
-7.06103
-7.05067
-7.04604
-7.04756
-7.05905
-7.07687
-7.10285
-7.13414
-7.17073
-7.20798
-7.24226
-7.2753
-7.30335
-7.32235
-7.33207
-7.33634
-7.33247
-7.32453
-7.30859
-7.29188
-7.2706
-7.24986
-7.23011
-7.20016
-7.15951
-7.11739
-7.0684
-7.01269
-6.95796
-6.9045
-6.8562
-6.8222
-6.79914
-6.7901
-6.79457
-6.81048
-6.83118
-6.85531
-6.87675
-6.89715
-6.91264
-6.92086
-6.92517
-6.92685
-6.92602
-6.92408
-6.91995
-6.9159
-6.91344
-6.91143
-6.9114
-6.9123
-6.91599
-6.92085
-6.9278
-6.9343
-6.94479
-6.95446
-6.96282
-6.97178
-6.97886
-6.98169
-6.98006
-6.9721
-6.95951
-6.93777
-6.91524
-6.89268
-6.86969
-6.85042
-6.8367
-6.83043
-6.82681
-6.82313
-6.81399
-6.79663
-6.77296
-6.74504
-6.70821
-6.66487
-6.61865
-6.57096
-6.52765
-6.49255
-6.47105
-6.46941
-6.48597
-6.52135
-6.56778
-6.62418
-6.68527
-6.74342
-6.79708
-6.84524
-6.88411
-6.90936
-6.92539
-6.93411
-6.93084
-6.91715
-6.89455
-6.8663
-6.83747
-6.80854
-6.78122
-6.75712
-6.74125
-6.73417
-6.73322
-6.73876
-6.74402
-6.7481
-6.74663
-6.74077
-6.73424
-6.72574
-6.71516
-6.70591
-6.69598
-6.68972
-6.68702
-6.68678
-6.68921
-6.68478
-6.67396
-6.65861
-6.64029
-6.62479
-6.61281
-6.60573
-6.61271
-6.62553
-6.64369
-6.66609
-6.68285
-6.69642
-6.70541
-6.7065
-6.70604
-6.70042
-6.693
-6.68391
-6.6713
-6.66031
-6.64777
-6.63201
-6.62135
-6.61678
-6.61461
-6.61912
-6.62404
-6.63461
-6.64647
-6.66022
-6.67244
-6.68711
-6.7001
-6.7094
-6.71647
-6.71551
-6.71263
-6.71009
-6.70304
-6.69874
-6.69679
-6.6989
-6.70476
-6.71363
-6.72373
-6.73345
-6.74341
-6.74963
-6.75203
-6.75518
-6.76003
-6.76533
-6.76971
-6.77469
-6.77409
-6.77397
-6.77152
-6.76729
-6.75839
-6.74833
-6.73685
-6.72365
-6.71322
-6.70295
-6.69339
-6.68573
-6.67791
-6.67225
-6.66417
-6.65677
-6.64783
-6.63973
-6.62714
-6.61597
-6.60674
-6.60256
-6.60368
-6.61161
-6.62165
-6.63141
-6.6385
-6.64361
-6.64405
-6.64217
-6.63571
-6.63077
-6.62904
-6.62609
-6.62818
-6.63006
-6.63743
-6.65089
-6.66642
-6.68472
-6.70201
-6.71825
-6.7226
-6.72261
-6.71516
-6.7045
-6.69146
-6.68012
-6.67571
-6.67794
-6.68694
-6.70169
-6.71715
-6.73088
-6.74337
-6.75248
-6.75827
-6.76375
-6.76703
-6.77006
-6.77434
-6.78256
-6.78857
-6.78972
-6.78756
-6.78154
-6.76899
-6.75214
-6.73401
-6.71776
-6.70083
-6.68444
-6.66841
-6.65529
-6.64113
-6.62875
-6.62107
-6.61764
-6.61782
-6.62655
-6.63485
-6.64745
-6.6577
-6.66811
-6.67537
-6.68272
-6.68736
-6.69257
-6.69738
-6.70379
-6.71269
-6.71889
-6.72443
-6.72843
-6.73104
-6.73132
-6.7299
-6.73161
-6.73107
-6.73281
-6.73207
-6.72923
-6.72435
-6.71586
-6.70322
-6.69085
-6.67544
-6.65853
-6.64163
-6.62689
-6.61783
-6.61117
-6.61032
-6.61694
-6.6284
-6.64394
-6.65961
-6.67848
-6.69455
-6.70763
-6.71629
-6.72405
-6.72668
-6.72753
-6.72288
-6.7128
-6.6983
-6.68365
-6.66308
-6.64663
-6.63143
-6.62265
-6.62402
-6.63374
-6.64913
-6.67422
-6.70188
-6.72708
-6.7493
-6.76284
-6.7689
-6.76643
-6.75796
-6.74288
-6.72245
-6.7014
-6.68111
-6.66694
-6.65096
-6.63715
-6.62621
-6.62214
-6.62303
-6.63011
-6.63944
-6.64823
-6.65565
-6.66217
-6.67253
-6.67853
-6.68498
-6.69241
-6.69916
-6.70391
-6.71095
-6.71908
-6.72991
-6.74179
-6.7518
-6.75559
-6.75354
-6.74249
-6.72844
-6.71521
-6.71005
-6.70408
-6.70407
-6.70237
-6.70254
-6.69953
-6.69411
-6.68479
-6.67292
-6.65957
-6.65021
-6.6424
-6.63578
-6.63307
-6.63477
-6.64044
-6.64599
-6.65319
-6.6578
-6.65791
-6.65534
-6.6494
-6.63834
-6.62861
-6.61814
-6.60937
-6.60699
-6.61209
-6.62475
-6.64382
-6.6666
-6.68923
-6.70971
-6.72545
-6.73809
-6.74737
-6.75099
-6.74875
-6.73857
-6.72009
-6.69199
-6.66316
-6.63274
-6.60751
-6.59026
-6.58306
-6.58082
-6.5862
-6.59472
-6.60801
-6.62034
-6.63436
-6.64894
-6.66654
-6.69065
-6.71433
-6.7387
-6.75909
-6.77789
-6.78845
-6.7915
-6.78319
-6.76107
-6.73244
-6.69968
-6.67305
-6.65713
-6.65087
-6.65188
-6.65195
-6.64906
-6.64623
-6.64179
-6.63967
-6.63593
-6.63472
-6.6363
-6.63388
-6.63089
-6.62435
-6.61371
-6.59854
-6.58186
-6.56737
-6.55991
-6.55978
-6.56404
-6.57622
-6.59361
-6.61698
-6.6436
-6.66677
-6.68563
-6.69761
-6.70551
-6.70887
-6.70939
-6.7114
-6.71582
-6.71949
-6.72608
-6.7349
-6.7414
-6.74713
-6.74876
-6.74176
-6.72732
-6.70616
-6.68052
-6.65061
-6.62295
-6.59633
-6.57461
-6.55797
-6.54751
-6.54094
-6.538
-6.53765
-6.53459
-6.53677
