0.8
0.793271
0.770445
0.732688
0.681657
0.619519
0.549364
0.475208
0.401784
0.33416
0.277106
0.234349
0.207901
0.197782
0.202139
0.217749
0.240718
0.267118
0.293482
0.317096
0.336085
0.349423
0.356856
0.358745
0.355925
0.349591
0.341138
0.332052
0.323805
0.31776
0.315109
0.316769
0.323349
0.335017
0.351471
0.371895
0.394992
0.419177
0.44268
0.46384
0.48125
0.493911
0.501256
0.50324
0.500229
0.492994
0.482585
0.470148
0.456828
0.44365
0.799184
0.780293
0.756
0.726843
0.693748
0.658121
0.621856
0.587295
0.557042
0.533513
0.518566
0.512972
0.516167
0.526339
0.540789
0.556654
0.571596
0.584115
0.593579
0.599926
0.603447
0.604564
0.603799
0.601642
0.598672
0.59554
0.592821
0.591052
0.590601
0.591632
0.594094
0.597765
0.602394
0.607812
0.613936
0.620603
0.627467
0.633875
0.638811
0.641125
0.63982
0.634302
0.624611
0.611412
0.595961
0.579844
0.564732
0.552106
0.542956
0.537696
0.799979
0.798172
0.792295
0.781799
0.766451
0.746327
0.721772
0.693527
0.662931
0.632004
0.603565
0.58103
0.567775
0.566255
0.577294
0.599796
0.631178
0.668131
0.707343
0.745895
0.781452
0.81226
0.837094
0.855225
0.866341
0.870432
0.86782
0.859125
0.845351
0.827816
0.808164
0.78823
0.7698
0.754603
0.744234
0.739513
0.73974
0.74279
0.746074
0.747716
0.746952
0.743911
0.739127
0.733244
0.726843
0.720455
0.714698
0.71031
0.707866
0.707275
0.799985
0.798328
0.792411
0.782614
0.770617
0.75899
0.750577
0.747584
0.750937
0.759916
0.772452
0.785876
0.797696
0.806311
0.811227
0.812816
0.811863
0.808978
0.804249
0.797541
0.788917
0.779
0.768912
0.759917
0.753026
0.7489
0.747886
0.750029
0.755034
0.762294
0.771064
0.780667
0.790539
0.8001
0.808543
0.814958
0.818595
0.819246
0.817332
0.813912
0.810288
0.807643
0.806769
0.807959
0.811218
0.816267
0.822572
0.829266
0.835476
0.840485
0.800111
0.802859
0.805656
0.808547
0.811252
0.813275
0.814169
0.813658
0.811591
0.807909
0.802625
0.795919
0.788268
0.780327
0.772729
0.765882
0.759941
0.754831
0.750271
0.745847
0.74111
0.735745
0.729569
0.722653
0.715343
0.708331
0.702823
0.700255
0.701646
0.706718
0.713841
0.720778
0.725718
0.727829
0.727262
0.724927
0.721918
0.719061
0.716826
0.715504
0.715605
0.71794
0.723282
0.731822
0.742825
0.754805
0.765904
0.774352
0.778767
0.778555
0.799673
0.792353
0.784093
0.777398
0.774246
0.775729
0.781728
0.790916
0.801217
0.810584
0.817616
0.821966
0.824314
0.826026
0.828429
0.83218
0.836978
0.841806
0.845383
0.846584
0.844713
0.839617
0.831687
0.821744
0.810738
0.799472
0.788402
0.77769
0.767433
0.757824
0.749252
0.742288
0.737603
0.735746
0.736944
0.74104
0.747438
0.755186
0.763099
0.770042
0.77531
0.778917
0.781574
0.784401
0.788257
0.793398
0.799326
0.804969
0.809309
0.811766
0.799967
0.799513
0.79878
0.798196
0.797835
0.797482
0.796774
0.79531
0.792705
0.788553
0.782502
0.774253
0.763987
0.752499
0.741014
0.730973
0.723637
0.719847
0.719924
0.723693
0.730681
0.74018
0.75127
0.76277
0.773487
0.782419
0.78906
0.793367
0.795336
0.794825
0.791507
0.785221
0.776198
0.765137
0.753153
0.741756
0.732701
0.727714
0.728194
0.734674
0.746665
0.762742
0.780746
0.798192
0.812788
0.822679
0.826719
0.824644
0.817056
0.805493
0.799288
0.785901
0.773672
0.76271
0.752492
0.74307
0.735558
0.731553
0.731925
0.736
0.742007
0.748297
0.754107
0.759535
0.764933
0.770439
0.775821
0.780773
0.785275
0.789736
0.794861
0.801149
0.808366
0.815422
0.820585
0.822248
0.819585
0.813081
0.804582
0.796407
0.790378
0.787044
0.785962
0.786123
0.786237
0.785087
0.781913
0.776563
0.769513
0.761692
0.754157
0.74787
0.74367
0.742081
0.743214
0.746562
0.751121
0.755492
0.758345
0.758853
0.799817
0.79521
0.788488
0.780923
0.773727
0.768313
0.766294
0.769264
0.777918
0.791277
0.806891
0.821977
0.834765
0.84483
0.852609
0.858362
0.861417
0.860359
0.853784
0.841254
0.823816
0.803731
0.783889
0.767067
0.755352
0.749687
0.749709
0.75394
0.760481
0.767834
0.775406
0.783671
0.79361
0.805991
0.820766
0.836988
0.853232
0.867902
0.879357
0.885961
0.886265
0.879432
0.865769
0.847329
0.827865
0.811631
0.801443
0.797271
0.796866
0.797336
0.799899
0.797586
0.794192
0.790841
0.788559
0.787754
0.78794
0.787835
0.785844
0.780833
0.772665
0.762335
0.751646
0.74264
0.737018
0.735852
0.739558
0.748108
0.761001
0.777008
0.794105
0.809986
0.822775
0.83162
0.836675
0.838918
0.839698
0.840391
0.842042
0.845136
0.849531
0.854544
0.859091
0.861836
0.861406
0.856746
0.847332
0.83344
0.816138
0.797062
0.778191
0.761306
0.747693
0.737889
0.731565
0.727831
0.72566
0.724344
0.723819
0.724621
