-6.72247   0   1.18121   0   -5.54126   0   0.787471   0   
-6.69896   0.0235072   1.15757   0.0236393   -5.54139   0.000132146   0.771711   0.0157596   
-6.67973   0.023537   1.13848   0.0234653   -5.54125   0.000161331   0.758986   0.0156435   
-6.66505   0.0221901   1.12404   0.0219979   -5.54102   0.000260171   0.749357   0.0146653   
-6.67499   0.0198513   1.13404   0.0197613   -5.54094   0.000215666   0.756029   0.0131742   
-6.68278   0.0179832   1.14178   0.0178922   -5.541   0.000185181   0.761184   0.0119281   
-6.68566   0.0154704   1.14395   0.0152772   -5.54171   0.000729547   0.762634   0.0101848   
-6.69184   0.0147548   1.15009   0.0145847   -5.54175   0.000633296   0.766726   0.00972316   
-6.68977   0.0131772   1.14815   0.0130081   -5.54162   0.00057484   0.765432   0.0086721   
-6.69615   0.0134046   1.15468   0.0133437   -5.54147   0.000535031   0.769787   0.00889577   
-6.69309   0.0125053   1.15159   0.0124603   -5.5415   0.000485151   0.767724   0.00830686   
-6.69582   0.0117385   1.15416   0.0116617   -5.54167   0.000471718   0.769438   0.00777447   
-6.69193   0.0114771   1.15038   0.0113718   -5.54155   0.000448995   0.766922   0.0075812   
-6.69599   0.0113716   1.15448   0.0112989   -5.5415   0.000418779   0.769656   0.00753261   
-6.69614   0.0105875   1.15473   0.0105216   -5.54141   0.000401153   0.769819   0.00701437   
-6.69295   0.0104042   1.15173   0.0102876   -5.54121   0.000422211   0.767823   0.00685838   
-6.69549   0.0100975   1.15422   0.00997897   -5.54126   0.000399705   0.769482   0.00665265   
-6.69692   0.00962769   1.15543   0.00948588   -5.54149   0.00043881   0.77029   0.00632392   
-6.69983   0.00955856   1.1582   0.00938962   -5.54162   0.000437042   0.772134   0.00625975   
-6.69656   0.00963765   1.15486   0.00951274   -5.5417   0.000421178   0.769909   0.00634183   
-6.69422   0.00946088   1.15253   0.00934324   -5.54169   0.000400752   0.768356   0.00622883   
-6.69545   0.00910368   1.15377   0.00899342   -5.54168   0.000382156   0.769179   0.00599562   
-6.69497   0.00871195   1.15331   0.00860559   -5.54166   0.000365791   0.768875   0.00573706   
-6.6969   0.00856049   1.15521   0.00845593   -5.54168   0.000351023   0.770143   0.00563729   
-6.6947   0.00849943   1.15303   0.00839982   -5.54167   0.000336856   0.768686   0.00559988   
-6.69641   0.00834333   1.15476   0.00825379   -5.54165   0.000324238   0.76984   0.00550253   
-6.69728   0.00807509   1.1556   0.00798668   -5.54168   0.000313055   0.770401   0.00532445   
-6.69855   0.00788349   1.15691   0.00780607   -5.54164   0.000304362   0.771271   0.00520405   
-6.69795   0.00762973   1.15624   0.00756197   -5.54172   0.000304505   0.770823   0.00504132   
-6.69701   0.00743115   1.15524   0.00737248   -5.54177   0.000298006   0.770163   0.00491499   
-6.69903   0.00746556   1.1572   0.00739523   -5.54183   0.000294105   0.77147   0.00493015   
-6.69983   0.00727245   1.15799   0.00720345   -5.54184   0.000285019   0.771994   0.0048023   
-6.69953   0.00705505   1.15765   0.00699003   -5.54188   0.00027901   0.771767   0.00466002   
-6.70024   0.00688145   1.15829   0.00681128   -5.54195   0.000280866   0.772192   0.00454085   
-6.69915   0.00676998   1.15714   0.00671344   -5.54202   0.000280146   0.771424   0.00447563   
-6.69869   0.00659539   1.15668   0.00654047   -5.54201   0.000272257   0.771118   0.00436032   
-6.70022   0.00659524   1.15815   0.00652994   -5.54207   0.000271094   0.772101   0.00435329   
-6.70033   0.00642017   1.15822   0.0063562   -5.5421   0.00026559   0.77215   0.00423747   
-6.70024   0.00625402   1.15816   0.00619143   -5.54208   0.000259695   0.772105   0.00412762   
-6.69974   0.00611613   1.15763   0.00605732   -5.5421   0.000254208   0.771756   0.00403821   
-6.69711   0.00651894   1.15502   0.00646232   -5.54209   0.000248144   0.77001   0.00430821   
-6.69661   0.00638105   1.15447   0.00632997   -5.54214   0.000247038   0.769648   0.00421998   
-6.69868   0.00656512   1.15651   0.00650855   -5.54217   0.000243004   0.771007   0.00433903   
-6.70001   0.00655074   1.15782   0.00649284   -5.54219   0.000238146   0.771882   0.00432856   
-6.69982   0.00640646   1.15767   0.00634864   -5.54214   0.000237381   0.771783   0.00423242   
-6.69871   0.00636227   1.15661   0.00629991   -5.5421   0.000235378   0.771073   0.00419994   
-6.69934   0.00625691   1.15723   0.00619515   -5.54212   0.000230554   0.771483   0.0041301   
-6.69817   0.00623529   1.15609   0.00616941   -5.54208   0.000228381   0.770729   0.00411294   
-6.69798   0.00610982   1.15593   0.00604446   -5.54205   0.000225561   0.770618   0.00402964   
-6.69822   0.00599141   1.15617   0.00592749   -5.54205   0.000221009   0.770783   0.00395166   
-6.69886   0.00590709   1.15681   0.00584466   -5.54205   0.000216636   0.771206   0.00389644   
-6.69959   0.00583831   1.15749   0.00577124   -5.5421   0.000218691   0.771659   0.00384749   
-6.69965   0.0057274   1.15754   0.00566156   -5.54211   0.000214587   0.771695   0.00377437   
-6.69908   0.0056495   1.157   0.00558178   -5.54207   0.000213392   0.771336   0.00372119   
-6.69724   0.00584332   1.15516   0.00578211   -5.54208   0.000209557   0.770105   0.00385474   
-6.69859   0.00589531   1.15655   0.00584651   -5.54204   0.000209868   0.771034   0.00389768   
-6.6996   0.00587907   1.1575   0.00582067   -5.5421   0.000216607   0.771666   0.00388045   
-6.69962   0.00577685   1.15749   0.00571945   -5.54213   0.000214726   0.771658   0.00381296   
-6.69963   0.00567809   1.15751   0.00562172   -5.54211   0.000211871   0.771674   0.00374781   
-6.6995   0.00558407   1.15735   0.00552961   -5.54215   0.000211481   0.771566   0.00368641   
-6.69966   0.00549402   1.15744   0.00543905   -5.54221   0.000216897   0.77163   0.00362603   
-6.69958   0.0054052   1.15738   0.005351   -5.5422   0.000213595   0.771587   0.00356733   
-6.69926   0.00532857   1.15706   0.00527496   -5.5422   0.000210269   0.771375   0.00351664   
-6.69931   0.00524495   1.15716   0.00519283   -5.54215   0.000211447   0.771441   0.00346189   
-6.69971   0.00517851   1.1576   0.00513141   -5.5421   0.000214058   0.771736   0.00342094   
-6.69905   0.00514155   1.15693   0.00509792   -5.54212   0.000211568   0.771286   0.00339862   
-6.69945   0.00507996   1.15733   0.00503763   -5.54211   0.000208485   0.771556   0.00335842   
-6.69945   0.0050047   1.15729   0.00496318   -5.54215   0.000209177   0.771528   0.00330878   
-6.69953   0.00493228   1.15734   0.00489092   -5.54219   0.000209186   0.771558   0.00326061   
-6.70012   0.00489684   1.15789   0.00485275   -5.54222   0.000208433   0.77193   0.00323517   
-6.70021   0.00482828   1.15795   0.00478429   -5.54225   0.000208246   0.77197   0.00318953   
-6.70084   0.00480268   1.15856   0.00475581   -5.54228   0.000207481   0.772372   0.00317054   
-6.70016   0.00478497   1.15788   0.00473833   -5.54228   0.000204716   0.771923   0.00315889   
-6.70009   0.00472037   1.15777   0.00467527   -5.54232   0.000207118   0.771847   0.00311684   
-6.70097   0.00473856   1.15865   0.00469515   -5.54232   0.000204344   0.772431   0.0031301   
-6.70119   0.00468103   1.15888   0.00463891   -5.54231   0.000202106   0.772588   0.00309261   
-6.70105   0.00462187   1.15873   0.00458071   -5.54232   0.000199864   0.772488   0.00305381   
-6.70134   0.00457094   1.15899   0.00452872   -5.54235   0.000199294   0.772657   0.00301915   
-6.70085   0.00453912   1.15848   0.00449945   -5.54237   0.000197401   0.772321   0.00299963   
-6.70087   0.0044821   1.15849   0.00444286   -5.54238   0.000195716   0.772327   0.00296191   
-6.70091   0.00442654   1.15852   0.00438779   -5.54238   0.000193286   0.772349   0.00292519   
-6.70212   0.00453661   1.15973   0.00449907   -5.54238   0.00019093   0.773154   0.00299938   
-6.70163   0.00450819   1.15925   0.0044706   -5.54238   0.000188734   0.772833   0.0029804   
-6.70026   0.00465895   1.15791   0.00461656   -5.54235   0.000187953   0.771938   0.00307771   
-6.70133   0.00472631   1.15895   0.00467972   -5.54238   0.000187498   0.772633   0.00311981   
-6.70148   0.00467332   1.15906   0.00462637   -5.54241   0.000188169   0.772709   0.00308425   
-6.7019   0.00463904   1.15951   0.00459434   -5.5424   0.000186662   0.773004   0.00306289   
-6.70103   0.00466928   1.15864   0.00462332   -5.54238   0.000185027   0.772428   0.00308222   
-6.70101   0.00461656   1.15864   0.00457108   -5.54237   0.000183594   0.772426   0.00304739   
-6.70213   0.00470199   1.15976   0.00465679   -5.54237   0.000181658   0.773173   0.00310452   
-6.70201   0.00465176   1.15967   0.0046062   -5.54234   0.000183442   0.773113   0.0030708   
-6.70097   0.00471715   1.15865   0.00466956   -5.54232   0.000182188   0.77243   0.00311304   
-6.70092   0.00466636   1.15861   0.00461922   -5.54231   0.000180346   0.772406   0.00307948   
-6.70119   0.00462428   1.1589   0.00457903   -5.54229   0.00017969   0.772599   0.00305269   
-6.70037   0.00464948   1.15807   0.00460615   -5.5423   0.000177834   0.772046   0.00307077   
-6.70076   0.00461754   1.15845   0.00457381   -5.54231   0.000176382   0.772299   0.00304921   
-6.70152   0.00463268   1.15918   0.00458559   -5.54234   0.000176629   0.772789   0.00305706   
-6.70147   0.0045854   1.15914   0.00453873   -5.54233   0.000174937   0.772763   0.00302582   
-6.70112   0.00455278   1.15878   0.00450739   -5.54234   0.000173352   0.77252   0.00300493   
-6.70116   0.00450723   1.15883   0.00446236   -5.54233   0.000171742   0.772553   0.00297491   
