-5.02603   0   1.69153   0   -3.3345   0   1.12769   0   
-5.07598   0.0499464   1.74215   0.0506156   -3.33383   0.000669189   1.16143   0.0337437   
-5.05646   0.0348217   1.72295   0.0349636   -3.33351   0.000503985   1.14864   0.0233091   
-5.04332   0.0279105   1.70973   0.0280373   -3.33359   0.000365533   1.13982   0.0186915   
-5.04296   0.0216223   1.70952   0.0217186   -3.33344   0.00031969   1.13968   0.0144791   
-5.01861   0.0300791   1.68554   0.0298247   -3.33307   0.000455061   1.12369   0.0198832   
-5.03334   0.0293838   1.70063   0.0293801   -3.33271   0.000525099   1.13376   0.0195867   
-5.03206   0.0254793   1.6998   0.0254575   -3.33226   0.000639139   1.1332   0.0169717   
-5.02695   0.0230444   1.69496   0.022967   -3.33199   0.000625459   1.12998   0.0153113   
-5.0264   0.0206189   1.69449   0.0205477   -3.33191   0.000565149   1.12966   0.0136985   
-5.02877   0.0188006   1.69697   0.0187503   -3.3318   0.00052188   1.13131   0.0125002   
-5.02674   0.0172829   1.69502   0.0172272   -3.33172   0.000484369   1.13001   0.0114848   
-5.02925   0.016095   1.69749   0.0160377   -3.33176   0.000447657   1.13166   0.0106918   
-5.02527   0.0154224   1.69371   0.01532   -3.33156   0.000461171   1.12914   0.0102133   
-5.02038   0.0151668   1.68898   0.0150275   -3.3314   0.000455921   1.12599   0.0100184   
-5.01759   0.0144599   1.68626   0.0143179   -3.33133   0.000432912   1.12417   0.00954525   
-5.01543   0.0137525   1.68414   0.0136149   -3.33129   0.000408333   1.12276   0.00907658   
-5.01274   0.0132437   1.68148   0.0131096   -3.33126   0.000386535   1.12098   0.00873974   
-5.00937   0.0129704   1.67819   0.0128281   -3.33118   0.000373617   1.1188   0.00855203   
-5.01035   0.0123432   1.67935   0.012225   -3.33099   0.000401165   1.11957   0.00815003   
-5.00638   0.012394   1.6756   0.0122191   -3.33078   0.000439103   1.11707   0.00814606   
-5.00236   0.0124798   1.67176   0.0122658   -3.3306   0.000454077   1.11451   0.00817723   
-5.003   0.0119415   1.67247   0.0117417   -3.33053   0.000440303   1.11498   0.00782779   
-5.00161   0.0115171   1.67107   0.0113292   -3.33054   0.000421869   1.11404   0.00755279   
-4.99847   0.0114826   1.66786   0.0113308   -3.33062   0.00041184   1.1119   0.00755387   
-4.99569   0.0113772   1.66507   0.0112374   -3.33063   0.00039574   1.11005   0.00749163   
-4.99633   0.0109663   1.66578   0.0108364   -3.33056   0.000386881   1.11052   0.00722425   
-4.99644   0.010568   1.66587   0.0104426   -3.33058   0.000373294   1.11058   0.00696172   
-4.99348   0.010618   1.66282   0.0105257   -3.33066   0.000369783   1.10855   0.00701714   
-4.99331   0.0102593   1.66252   0.0101734   -3.3308   0.000382195   1.10835   0.00678225   
-4.9944   0.00998208   1.6634   0.00987929   -3.331   0.000421444   1.10893   0.00658619   
-4.99732   0.0100973   1.66611   0.00994288   -3.33121   0.000458735   1.11074   0.00662859   
-5.00202   0.0108557   1.67073   0.0106841   -3.33129   0.000452601   1.11382   0.00712274   
-5.00348   0.0106319   1.6722   0.0104698   -3.33127   0.000439507   1.1148   0.00697984   
-5.00564   0.0105471   1.67444   0.0104101   -3.33119   0.000434387   1.1163   0.00694009   
-5.00954   0.0109686   1.67848   0.0108937   -3.33106   0.000443218   1.11899   0.00726247   
-5.01056   0.0107167   1.67964   0.0106576   -3.33093   0.000450766   1.11976   0.00710504   
-5.00974   0.0104634   1.6789   0.0103995   -3.33084   0.000447359   1.11927   0.00693298   
-5.00569   0.010965   1.67493   0.0108802   -3.33076   0.000441852   1.11662   0.00725345   
-5.00335   0.0109399   1.67265   0.0108453   -3.3307   0.000435589   1.1151   0.00723023   
-5.00168   0.0108001   1.67104   0.0107003   -3.33064   0.000428609   1.11403   0.00713351   
-5.00312   0.0106372   1.6725   0.0105448   -3.33061   0.00041936   1.115   0.00702989   
-5.00279   0.0103921   1.67219   0.0103014   -3.3306   0.000409802   1.11479   0.00686763   
-5.00571   0.0105656   1.67511   0.0104798   -3.3306   0.000400387   1.11674   0.00698655   
-5.00595   0.0103308   1.67533   0.0102467   -3.33061   0.00039167   1.11689   0.00683111   
-5.0042   0.0102527   1.67356   0.0101774   -3.33065   0.000384556   1.1157   0.00678495   
-5.00352   0.0100554   1.67289   0.00998107   -3.33064   0.000376495   1.11526   0.00665405   
-5.00265   0.00988234   1.67202   0.00980906   -3.33063   0.000368681   1.11468   0.00653938   
-5.00097   0.00982261   1.67033   0.00975553   -3.33065   0.000361688   1.11355   0.00650369   
-5.0002   0.00965486   1.66956   0.00958886   -3.33064   0.000354435   1.11304   0.00639257   
-4.99962   0.00948131   1.66898   0.00941708   -3.33065   0.000347462   1.11265   0.00627806   
-4.99849   0.00936608   1.66782   0.00930613   -3.33067   0.000341347   1.11188   0.00620408   
-5.00054   0.0094127   1.66986   0.00935353   -3.33068   0.000334943   1.11324   0.00623569   
-5.00037   0.00923817   1.66969   0.00918035   -3.33069   0.000328921   1.11312   0.00612024   
-5.00035   0.00906867   1.6697   0.0090119   -3.33066   0.000324426   1.11313   0.00600793   
-5.00128   0.00895303   1.67068   0.00890428   -3.33059   0.000324645   1.11379   0.00593619   
-5.0011   0.0087963   1.67051   0.00874839   -3.33059   0.000318903   1.11367   0.00583226   
-5.00106   0.00864342   1.67049   0.00859625   -3.33057   0.000314312   1.11366   0.00573083   
-5.0006   0.0085084   1.67002   0.00846229   -3.33057   0.000308956   1.11335   0.00564153   
-4.99901   0.00851336   1.66847   0.00846428   -3.33055   0.000304753   1.11231   0.00564285   
-4.9984   0.00839538   1.66792   0.00834213   -3.33047   0.000308565   1.11195   0.00556142   
-4.99847   0.0082592   1.66808   0.00820795   -3.33039   0.000314057   1.11205   0.00547197   
-4.99851   0.00812714   1.66818   0.00807726   -3.33033   0.000315676   1.11212   0.00538484   
-4.99661   0.00822096   1.66635   0.00815849   -3.33026   0.00031732   1.1109   0.00543899   
-4.99407   0.00848373   1.66386   0.00840756   -3.3302   0.000317852   1.10924   0.00560504   
-4.99353   0.00837154   1.66334   0.0082956   -3.33019   0.000313467   1.1089   0.0055304   
-4.99331   0.00824855   1.66309   0.00817483   -3.33022   0.000310891   1.10873   0.00544989   
-4.9923   0.00818864   1.662   0.00812702   -3.3303   0.000316788   1.108   0.00541801   
-4.99292   0.00809288   1.66255   0.00802759   -3.33037   0.000318828   1.10837   0.00535173   
-4.99312   0.00797895   1.66272   0.00791386   -3.3304   0.000315927   1.10848   0.00527591   
-4.99323   0.00786648   1.66282   0.00780225   -3.33041   0.000311502   1.10855   0.0052015   
-4.99352   0.00776196   1.66311   0.00769839   -3.33042   0.000307231   1.10874   0.00513226   
-4.99361   0.00765536   1.66317   0.00759245   -3.33044   0.000303921   1.10878   0.00506163   
-4.9943   0.00758333   1.6638   0.00751544   -3.33051   0.000307673   1.1092   0.00501029   
-4.995   0.00751384   1.66441   0.00744023   -3.33059   0.000313517   1.10961   0.00496015   
-4.99574   0.00745081   1.66508   0.00737212   -3.33065   0.000316602   1.11006   0.00491475   
-4.99593   0.00735582   1.66524   0.00727733   -3.33069   0.000314571   1.11016   0.00485156   
-4.997   0.00734053   1.66629   0.00726004   -3.33072   0.000311629   1.11086   0.00484003   
-4.99827   0.00735624   1.66754   0.00727648   -3.33073   0.000307778   1.11169   0.00485099   
-4.99929   0.00733532   1.66856   0.0072572   -3.33073   0.000303908   1.11238   0.00483813   
-5.00121   0.00749571   1.67048   0.00741839   -3.33074   0.000300325   1.11365   0.00494559   
-5.00107   0.00740522   1.67031   0.00732928   -3.33076   0.000297244   1.11354   0.00488618   
-5.00125   0.00731788   1.6705   0.0072428   -3.33076   0.000293659   1.11366   0.00482853   
-5.00068   0.00725271   1.66995   0.00717652   -3.33073   0.000291565   1.1133   0.00478435   
-5.00074   0.00716706   1.67004   0.00709216   -3.33069   0.000290627   1.11336   0.00472811   
-5.0007   0.00708334   1.67001   0.00700929   -3.33069   0.000287284   1.11334   0.00467286   
-4.99996   0.0070398   1.66928   0.00696705   -3.33069   0.000283963   1.11285   0.0046447   
-4.99968   0.00696525   1.66898   0.00689376   -3.3307   0.000280846   1.11265   0.00459584   
-4.99996   0.00689255   1.66925   0.00682122   -3.33071   0.000278197   1.11283   0.00454748   
-5.00037   0.00682746   1.66962   0.00675493   -3.33075   0.00027761   1.11308   0.00450329   
-5.00012   0.00675659   1.66938   0.00668445   -3.33074   0.000274839   1.11292   0.0044563   
-5   0.00668382   1.66928   0.00661219   -3.33072   0.000272375   1.11285   0.00440812   
-4.99978   0.00661529   1.66908   0.00654371   -3.3307   0.000270475   1.11272   0.00436248   
-4.99946   0.00655199   1.66875   0.00648227   -3.33072   0.000268352   1.1125   0.00432151   
-4.99908   0.00649411   1.66831   0.00642826   -3.33076   0.000269669   1.11221   0.0042855   
-5.00072   0.00663307   1.66992   0.00656037   -3.3308   0.00026964   1.11328   0.00437358   
-5.00045   0.00657006   1.66963   0.00649875   -3.33082   0.000267177   1.11309   0.0043325   
-4.99984   0.00653103   1.66901   0.006462   -3.33083   0.000264754   1.11267   0.004308   
-4.99933   0.00648485   1.66848   0.00641834   -3.33085   0.000262813   1.11232   0.00427889   
-4.99926   0.00642011   1.66839   0.00635455   -3.33087   0.000261003   1.11226   0.00423636   
