0.171299   -0.319832   0.215288
0.41747   -0.438012   -0.334883
0.346284   -0.240216   -0.421233
-0.467496   0.443591   -0.170557
-0.28593   -0.10528   -0.31384
0.14126   0.407661   0.403762
-0.286195   0.0507382   -0.470976
0.0280403   -0.131455   -0.229074
0.226341   -0.331098   -0.0961078
0.261417   -0.417076   0.422392
-0.310958   0.0648385   -0.229902
-0.446153   0.436569   0.0520143
-0.490124   -0.0817587   -0.466554
-0.475334   0.101847   0.468737
0.0598138   0.0587872   -0.142138
-0.331639   0.200064   -0.0303142
-0.141806   -0.223769   -0.0364795
0.0270461   0.469047   -0.291798
-0.27633   -0.152376   0.471284
-0.021922   -0.325253   -0.198997
0.313457   -0.0168236   -0.432048
0.359258   0.219599   0.484728
-0.0988388   0.120261   -0.317579
0.200238   -0.0868698   -0.0670792
-0.430681   0.449312   -0.398867
-0.443528   0.32921   0.423771
-0.475307   0.458965   0.278305
-0.116901   -0.0278141   -0.433627
-0.238391   0.260376   -0.396684
0.414759   -0.430537   -0.0474223
-0.174957   -0.430625   -0.388603
-0.332817   0.297424   -0.227011
-0.0798027   -0.255683   -0.380966
0.111189   0.0398613   -0.367995
-0.370781   -0.379146   -0.0467563
0.205063   0.401089   -0.403062
-0.199432   0.47236   0.200808
0.498431   -0.129871   -0.224383
-0.114378   -0.329483   0.387032
0.377471   0.440676   0.461014
-0.228509   -0.357237   -0.219973
0.3221   -0.29403   0.092012
-0.114718   0.277322   -0.21777
-0.165815   -0.0266396   0.350937
-0.138685   -0.0382859   -0.161047
0.0463963   -0.207784   0.0405992
0.391857   -0.0455394   0.28139
-0.0492329   0.4381   0.348154
0.0453796   -0.457815   -0.071899
-0.441284   0.230099   -0.369016
-0.00670476   0.00836487   0.0638799
0.242785   -0.087479   -0.26126
0.459674   -0.20181   0.154061
0.0792294   0.26054   -0.280999
0.050322   -0.238778   0.350616
0.224149   0.0901762   0.0571259
-0.0966988   -0.311309   0.170399
0.212991   -0.365072   -0.320274
-0.0836819   0.16534   -0.0515171
0.236534   -0.184549   0.421527
0.102982   -0.16381   -0.403002
0.113977   0.112439   0.238644
0.400012   0.356519   -0.325475
0.0635397   0.331704   -0.0824672
-0.050846   0.163737   0.490348
0.375278   -0.273701   -0.210616
-0.270384   0.187877   0.353734
0.16332   0.215533   0.498374
0.114001   0.272995   0.10978
-0.247715   0.414529   0.442385
0.00497271   -0.46984   0.158105
-0.385754   -0.01111   0.00980383
-0.438524   -0.342564   -0.246462
-0.336197   -0.317819   -0.417006
-0.0796627   0.376968   0.0828162
-0.326592   -0.36599   0.165318
-0.322558   -0.165051   -0.123911
-0.26222   -0.230398   0.302027
-0.398473   0.257248   0.174728
0.268796   0.0792796   0.387039
0.147147   -0.129179   0.185392
0.243499   0.464976   0.00588804
-0.329057   -0.408421   0.390194
0.291319   0.271831   0.292026
0.494662   -0.231651   -0.0336684
0.463028   0.173838   0.300785
0.286079   0.178001   -0.34256
0.46368   -0.384647   0.494258
-0.115974   0.446012   -0.142647
0.0215827   -0.457532   -0.491197
0.073683   -0.0464203   0.4285
0.177336   0.465353   0.222742
0.366508   -0.0642626   0.0346015
0.284194   0.217417   -0.131714
-0.389421   0.0267924   0.221527
0.351602   -0.479328   0.1634
-0.490249   0.154795   -0.135935
0.494968   0.0464049   -0.321581
0.447869   0.125678   0.0853403
-0.174082   -0.431983   0.026116
-0.226183   0.0920122   0.096912
-0.0791676   0.35924   -0.463841
-0.0448433   0.228388   0.250047
-0.490052   -0.220244   0.376903
-0.262841   -0.136513   0.108017
0.275502   0.455974   -0.181948
0.342238   0.031423   -0.142324
0.353803   0.30059   0.0194584
