0.171262  -0.319815  0.215255
0.417438  -0.438058  -0.334846
0.346308  -0.240244  -0.421205
-0.467498  0.443598  -0.170571
-0.28591  -0.105278  -0.313893
0.141214  0.407649  0.403737
-0.286148  0.0507293  -0.470917
0.0280753  -0.131407  -0.229109
0.226386  -0.331082  -0.0960622
0.261468  -0.417132  0.422427
-0.310955  0.0648017  -0.229914
-0.446124  0.436556  0.0520125
-0.490119  -0.0818115  -0.466528
-0.475363  0.101848  0.468706
0.0598299  0.0587441  -0.142111
-0.331617  0.200031  -0.0303634
-0.14175  -0.223819  -0.0364815
0.0270999  0.469088  -0.291817
-0.276373  -0.152354  0.471337
-0.0218603  -0.325244  -0.198943
0.313493  -0.0168762  -0.432095
0.35922  0.219631  0.484724
-0.0988197  0.120234  -0.317579
0.200222  -0.0868697  -0.0670228
-0.430669  0.449264  -0.398918
-0.44355  0.32924  0.423743
-0.47532  0.458986  0.278284
-0.116857  -0.027803  -0.433672
-0.238426  0.2604  -0.39665
0.414716  -0.430515  -0.0474436
-0.175008  -0.430632  -0.388621
-0.332856  0.297435  -0.227061
-0.0797864  -0.255717  -0.380987
0.111144  0.0398673  -0.36796
-0.370831  -0.379193  -0.0467129
0.205021  0.401076  -0.403053
-0.199442  0.47239  0.200775
0.498458  -0.129861  -0.224349
-0.114336  -0.329452  0.387026
0.377485  0.44072  0.460966
-0.228457  -0.357188  -0.219971
0.322073  -0.294084  0.0919608
-0.114736  0.27734  -0.217799
-0.165795  -0.0266109  0.35097
-0.138691  -0.0382513  -0.161004
0.0463725  -0.207735  0.040565
0.391901  -0.0455649  0.281442
-0.0492829  0.438158  0.348152
0.0454226  -0.45778  -0.0719337
-0.441308  0.230084  -0.369071
-0.00671744  0.00833761  0.0639298
0.242833  -0.0874775  -0.261208
0.45973  -0.201771  0.154067
0.0791951  0.260535  -0.281029
0.0503799  -0.238733  0.350557
0.224189  0.0901333  0.057172
-0.0967545  -0.311251  0.170356
0.213046  -0.365009  -0.320324
-0.0836891  0.165382  -0.0514756
0.236551  -0.184595  0.42149
0.103003  -0.163812  -0.40301
0.113987  0.11242  0.238693
0.400012  0.356492  -0.32545
0.0634846  0.331699  -0.0825115
-0.0508717  0.163725  0.490405
0.375252  -0.273737  -0.210666
-0.270425  0.187841  0.353677
0.163295  0.215488  0.498317
0.113985  0.272999  0.109821
-0.247751  0.414486  0.442437
0.0049588  -0.469806  0.158091
-0.385717  -0.0111302  0.00982691
-0.438499  -0.342528  -0.24641
-0.336209  -0.317782  -0.417023
-0.0796599  0.376915  0.0828437
-0.326593  -0.366012  0.165366
-0.322551  -0.165058  -0.123963
-0.26221  -0.230374  0.301986
-0.398461  0.257312  0.174748
0.268788  0.0792435  0.387072
0.14713  -0.129173  0.185395
0.243526  0.464954  0.00592725
-0.329068  -0.408362  0.390205
0.2913  0.271814  0.292011
0.494684  -0.231609  -0.0336804
0.463017  0.173814  0.300807
0.286054  0.178041  -0.342609
0.463662  -0.384661  0.494288
-0.115974  0.446065  -0.142617
0.0215414  -0.45755  -0.491147
0.0737338  -0.0463997  0.428492
0.177329  0.465337  0.222768
0.366479  -0.0642332  0.034623
0.284235  0.217363  -0.131653
-0.389456  0.0268166  0.221566
0.351614  -0.479379  0.163351
-0.490277  0.154775  -0.135888
0.49495  0.0464228  -0.321613
0.44782  0.125632  0.0852979
-0.174042  -0.432014  0.0261113
-0.226155  0.0919675  0.0968639
-0.0792084  0.359244  -0.463849
-0.0447987  0.228419  0.250004
-0.490047  -0.220236  0.376862
-0.262836  -0.136484  0.108056
0.275484  0.455951  -0.181904
0.34223  0.0314279  -0.142364
0.35378  0.300633  0.0194929
