1.1
1.09914
1.09618
1.09103
1.08348
1.07324
1.05997
1.04319
1.0224
0.997043
0.966642
0.930892
0.889808
0.843864
0.794144
0.742394
0.690966
0.64253
0.599708
0.56458
0.538377
0.521366
0.512941
0.511868
0.516545
1.10072
1.11313
1.12043
1.12176
1.11679
1.1058
1.08971
1.07008
1.04885
1.02804
1.00918
0.992985
0.979227
0.966981
0.954964
0.941973
0.927291
0.910887
0.893493
0.876433
0.861313
0.849538
0.841847
0.83818
0.837928
1.10018
1.10328
1.10448
1.10384
1.10148
1.09746
1.09185
1.08478
1.07635
1.06677
1.0566
1.04696
1.03935
1.03507
1.03461
1.03759
1.04318
1.05036
1.05806
1.06517
1.07057
1.07316
1.07217
1.06746
1.05982
1.09955
1.09163
1.08656
1.08555
1.08844
1.09399
1.10055
1.10683
1.11239
1.11748
1.12237
1.12661
1.12898
1.1282
1.12373
1.11612
1.10684
1.09789
1.09123
1.08829
1.08962
1.09474
1.10243
1.11104
1.11887
1.10018
1.10221
1.10006
1.09322
1.08177
1.06639
1.04851
1.0301
1.01356
1.0014
0.995854
0.998234
1.00847
1.02516
1.04597
1.06804
1.08838
1.10452
1.11517
1.12036
1.12112
1.11878
1.11452
1.10928
1.10377
1.09972
1.09482
1.09013
1.08511
1.07909
1.07169
1.06327
1.05519
1.04952
1.04798
1.05097
1.05745
1.06588
1.0751
1.0844
1.09316
1.1005
1.10536
1.10708
1.10601
1.1037
1.10246
1.10436
1.11034
1.11981
1.10055
1.11149
1.12084
1.12769
1.1319
1.13397
1.13478
1.13511
1.13513
1.13426
1.13152
1.12625
1.11846
1.10868
1.09764
1.08601
1.07434
1.06297
1.05193
1.04125
1.03112
1.0215
1.01174
1.00068
0.987443
1.09913
1.08119
1.06333
1.04962
1.04365
1.04709
1.05875
1.07519
1.09227
1.10684
1.11757
1.12507
1.13121
1.13787
1.14574
1.15385
1.16046
1.16436
1.16549
1.16468
1.16308
1.16139
1.15948
1.15647
1.15163
1.09966
1.09438
1.09294
1.09716
1.10699
1.12075
1.13605
1.15075
1.16348
1.1738
1.18203
1.18881
1.19468
1.19974
1.20364
1.20574
1.20528
1.20157
1.19427
1.18362
1.17056
1.15675
1.14407
1.13393
1.12663
1.09974
1.09512
1.09014
1.08448
1.07863
1.07364
1.07066
1.07067
1.07417
1.08111
1.09089
1.10255
1.11488
1.12673
1.13716
1.14546
1.1511
1.15365
1.15275
1.14817
1.13986
1.12792
1.11272
1.0949
1.07536
1.09689
1.07651
1.05766
1.04248
1.03346
1.0329
1.04204
1.06059
1.0868
1.11778
1.15015
1.18058
1.20622
1.22492
1.23543
1.23749
1.23177
1.21966
1.20288
1.18325
1.16251
1.14245
1.12535
1.11407
1.11157
1.11932
1.13597
1.15743
1.17844
1.19436
1.20206
1.20016
1.18898
1.1701
1.14591
1.11906
1.09237
1.06901
1.05244
1.04561
1.0496
1.06305
1.08299
1.10616
1.12981
1.15192
1.17114
1.18662
1.19791
1.20486
1.20751
1.20621
1.20149
1.19395
1.18396
1.17168
1.15724
1.14127
1.12523
1.11129
1.10171
1.09777
1.09933
1.10508
1.11376
1.12466
1.13731
1.15075
1.16354
1.1743
1.18236
1.18769
1.19022
1.18943
1.18465
1.17591
1.16431
1.15172
1.13998
1.1303
1.12313
1.11816
1.11468
1.11188
1.10923
1.10653
1.10374
1.10071
1.09709
1.09253
1.08715
1.08182
1.07818
1.07801
1.08238
1.09111
1.10284
1.11555
1.12698
1.13493
1.13786
1.13541
1.12853
1.11903
1.10881
1.09925
1.09092
1.08386
1.07804
1.0737
1.07131
1.07141
1.0745
1.08097
1.091
1.10451
1.12079
1.13832
1.15469
1.16701
1.17247
1.16894
1.15546
1.13263
1.10284
1.07024
1.04035
1.01905
1.01082
1.01665
1.03306
1.05374
1.07282
1.08719
1.09687
1.10369
1.10965
1.11596
1.12305
1.13098
1.13981
1.14955
1.1599
1.17
1.17854
1.18397
1.18476
1.17979
1.16864
1.15175
1.13036
1.10645
1.08264
1.06183
1.04615
1.03609
1.03069
1.02858
1.02893
1.03138
1.03588
1.04258
1.05168
1.06298
1.07554
1.08784
1.09841
1.10642
1.1117
1.11454
1.1153
1.11437
1.11227
1.10971
1.10767
1.10698
1.10771
1.10906
1.10991
1.10976
1.10916
1.10922
1.11049
1.11235
1.11355
1.11311
1.11092
1.10735
1.10295
1.09838
1.09444
1.09207
1.09178
1.09333
1.0957
1.09753
1.09781
1.09625
1.0935
1.091
1.09081
1.09474
1.10318
1.11454
1.12626
1.13661
1.14544
1.15348
1.16099
1.167
1.16942
1.16577
1.15427
1.13462
1.10872
1.08083
1.05666
1.04126
1.03696
1.04272
1.05531
1.07081
1.08548
1.09616
1.10067
1.09807
1.08919
1.07716
1.06699
1.06351
1.06881
1.08165
1.09884
1.11695
1.1332
1.14573
1.15356
1.15662
1.15561
1.15188
1.14722
1.14334
1.14132
1.14108
1.14149
1.14092
1.13779
1.13109
1.12077
1.10783
1.09392
1.08096
1.07053
1.06374
1.06114
1.06262
1.06752
1.07495
1.08414
1.09439
1.10483
1.11443
1.12205
1.12684
1.12842
1.12708
1.12403
1.12127
1.12092
1.12416
1.13035
1.13707
1.14118
1.14029
1.13371
1.1225
1.10879
1.0949
1.08269
1.07325
1.06693
1.06348
1.06236
1.06299
1.06507
1.06877
1.07455
1.08276
1.09302
1.10391
1.1133
1.11922
1.12077
1.11846
1.11398
1.10958
1.10763
1.1102
1.11833
1.13121
1.14618
1.16002
1.17049
1.17732
1.18158
1.18387
1.18338
1.17884
1.17048
1.16098
1.15393
1.1516
1.1538
1.15854
1.1634
1.16653
1.16705
1.16485
1.16021
1.15347
1.145
1.13534
1.12529
1.1159
1.10838
1.10376
1.10256
1.10455
1.1088
1.11405
1.1191
1.12319
1.12626
1.1289
1.13197
1.13582
1.14005
1.14379
1.14624
1.14687
1.14534
1.14156
1.13572
1.12855
1.12112
1.11427
1.10795
1.10091
1.09109
1.07678
1.05812
1.03798
1.02163
1.01455
1.01927
1.03379
1.05333
1.07296
1.08938
1.10111
1.10811
1.11116
1.11147
1.11053
1.10986
1.11073
1.11389
1.11955
1.12751
1.13728
1.14824
1.15954
1.17017
1.17907
1.18538
1.18863
1.18879
1.18627
1.18183
1.17628
1.17001
1.16282
1.15418
1.14382
1.13227
1.12088
1.1115
1.10598
1.10547
1.10976
1.11708
1.1247
1.12991
1.13074
1.12644
1.11774
1.10698
1.09759
1.0927
1.09362
1.0997
1.10927
1.12066
1.13234
1.14283
1.15064
1.15458
1.15412
1.14956
1.14198
1.13306
1.12476
1.11872
1.11546
1.11427
1.11388
1.11352
1.11333
1.11365
1.11416
1.11361
1.11059
1.1043
1.09504
1.08412
1.07326
1.06412
1.05763
1.05354
1.05052
1.04672
1.04081
1.03268
1.0237
1.01626
1.01278
1.01438
1.02031
1.02853
1.0369
1.04416
1.05011
1.05515
1.05976
1.06414
1.06845
1.07302
1.07844
1.08529
1.09361
1.1026
1.11058
1.1157
1.11704
1.11538
1.11319
1.1133
1.11713
1.12377
1.13052
1.13435
1.13293
1.12518
1.11129
1.09278
1.0724
1.05395
1.04158
1.0387
1.04686
1.06524
1.091
1.12023
1.14901
1.17411
1.19355
1.20655
1.21343
1.21525
1.21339
1.20924
1.20398
1.19848
1.19328
1.18853
1.184
1.1791
1.1731
1.16525
1.15518
1.14292
1.1289
1.11356
1.09712
1.07982
1.06269
1.04815
1.03989
1.04142
1.05405
1.07582
1.10251
1.12963
1.15363
1.17225
1.18439
1.18992
1.18964
1.18497
1.17769
1.16976
1.16306
1.15892
1.1577
1.15894
1.1618
1.16548
1.1693
1.17279
1.1757
1.17814
1.18045
1.18279
1.1849
1.18609
1.18552
1.18272
1.17806
1.17279
1.16836
1.16558
1.16401
1.16245
1.1598
1.15556
1.14983
1.14325
1.13706
1.13305
1.13313
1.13862
1.14947
1.16405
1.17974
1.19391
1.20469
1.21112
1.21289
1.21021
1.20382
1.19513
1.18604
1.17815
1.17215
1.16766
1.16383
1.16
1.15604
1.15222
1.14892
1.14622
1.14381
1.14112
1.13776
1.13397
1.13057
1.12821
1.12675
1.1257
1.12511
1.12593
1.12976
1.13791
1.15054
1.16634
1.183
1.19815
1.20991
1.21719
1.21942
1.21637
1.20807
1.19492
1.17773
1.15773
1.13618
1.114
1.09151
1.06894
1.04763
1.03094
1.02305
1.02592
1.03739
1.05284
1.06799
1.08038
1.08906
1.094
1.09599
1.0966
1.09776
1.10083
1.10602
1.11237
1.11799
1.12049
1.11775
1.10888
1.09483
1.07829
1.06302
1.05276
1.04992
1.05473
1.06522
1.07815
1.09014
1.09886
1.10359
1.10512
1.10487
1.10386
1.10204
1.09841
1.09192
1.0823
1.07046
1.0581
1.04692
1.03836
1.03382
1.03436
1.0397
1.04795
1.05685
1.06613
1.07842
1.09668
1.1201
1.14382
1.16267
1.17382
1.17648
1.17079
1.1574
1.13772
1.11428
1.09046
1.06954
1.05384
1.04473
1.0429
1.04825
1.05948
1.07428
1.08981
1.10329
1.1123
1.1151
1.11079
1.09937
1.08174
1.0599
1.03716
1.01776
1.00571
1.00308
1.00912
1.02086
1.03517
1.05061
1.0672
1.08437
1.09982
1.11091
1.11639
1.11675
1.11344
1.10818
1.10255
1.09789
1.09506
1.09411
1.09406
1.09346
1.09156
1.089
1.08728
1.08731
1.08873
1.09041
1.09133
1.09079
1.08831
1.0837
1.0773
1.07015
1.06382
1.05999
1.05982
1.06352
1.07048
1.07978
1.09054
1.1021
1.11377
1.12478
1.13426
1.14157
1.14661
1.14988
1.15237
1.15514
1.15889
1.16366
1.16868
1.17244
1.17312
1.16925
1.16035
1.14733
1.13223
1.11756
1.10543
1.09708
1.0929
1.09279
1.09643
1.10322
1.11234
1.1229
1.13436
1.14653
1.15935
1.17253
1.18546
1.19713
1.20608
1.21058
1.20934
1.20211
1.18998
1.17506
1.15993
1.14678
1.13691
1.13045
1.12671
1.12468
1.12353
1.12275
1.12219
1.12199
1.12267
1.12519
1.13062
1.13938
1.15062
1.16269
1.1742
1.18463
1.19357
1.19988
1.20204
1.19905
1.19092
1.17868
1.16413
1.14979
1.13835
1.13159
1.12971
1.13149
1.13521
1.13924
1.14222
1.14295
1.14032
1.13357
1.1227
1.10874
1.09384
1.08068
1.07159
1.06769
1.06868
1.07325
1.07967
1.08635
1.09209
1.09601
1.09728
1.09506
1.08884
1.07911
1.0678
1.05787
1.05203
1.05135
1.05508
1.06169
1.06984
1.07868
1.08756
1.0957
1.10234
1.10698
1.10957
1.11036
1.1097
1.10787
1.1051
1.10176
1.09862
1.09706
1.09891
1.10569
1.11796
1.1348
1.15403
1.17301
1.18936
1.20168
1.20976
1.21443
1.21705
1.21866
1.21924
1.21764
1.21211
1.20119
1.18432
1.16208
1.13592
1.10794
1.08073
1.05736
1.04132
1.03586
1.04281
1.06124
1.08752
1.11673
1.14438
1.16717
1.18306
1.19111
1.19147
1.18545
1.17535
1.16384
1.15275
1.14257
1.13349
1.1269
1.12466
1.12654
1.1297
1.13091
1.12841
1.1218
1.11121
1.09697
1.07976
1.06165
1.04705
1.04173
1.04846
1.06319
1.0776
1.08503
1.08332
1.07395
1.05997
1.04438
1.02928
1.01581
1.00449
0.995846
0.99115
0.992326
1.00081
1.01601
1.03508
1.05426
1.07053
1.08241
1.09005
1.09455
1.09707
1.09802
1.09695
1.0932
1.08674
1.07871
1.07149
1.06824
1.07186
1.08365
1.10251
1.12526
1.1479
1.16695
1.18014
1.1864
1.18554
1.1779
1.16434
1.14654
1.12738
1.11058
1.09913
1.09388
1.09381
1.09732
1.10293
1.10947
1.11616
1.12267
1.12905
1.13519
1.14028
1.14277
1.141
1.13382
1.12119
1.10441
1.08617
1.07
1.05911
1.05516
1.0579
1.06595
1.07804
1.09357
1.11231
1.13355
1.15553
1.17581
1.19211
1.20299
1.20801
1.2075
1.20228
1.19339
1.18201
1.16947
1.15715
1.14621
1.13729
1.13023
1.12397
1.11692
1.10767
1.09568
1.08191
1.06862
1.05848
1.05349
1.05414
1.05948
1.06765
1.07669
1.0848
1.09064
1.09336
1.09262
1.08866
1.08215
1.07404
1.06552
1.05794
1.05269
1.05106
1.05391
1.06137
1.07278
1.08678
1.10173
1.11589
1.12768
1.13591
1.14006
1.14054
1.13876
1.13676
1.13644
1.13901
1.1448
1.15324
1.16328
1.17371
1.18352
1.19212
1.19939
1.20569
1.21155
1.2175
1.22352
1.22874
1.23157
1.23054
1.22537
1.21751
1.20978
1.20512
1.20539
1.21057
1.21881
1.22722
1.23309
1.23477
1.23222
1.22671
1.22016
1.21413
1.20891
1.20341
1.19582
1.1851
1.17188
1.15818
1.14591
1.13547
1.12604
1.11681
1.10789
1.10017
1.09505
1.09428
1.09959
1.11154
1.12854
1.14731
1.16459
1.17852
1.18881
1.19599
1.20068
1.20319
1.20345
1.20115
1.19583
1.18695
1.17396
1.15664
1.13567
1.11312
1.09288
1.07967
1.07615
1.08064
1.0889
1.09772
1.10617
1.11446
1.1227
1.13078
1.13891
1.14817
1.16007
1.17537
1.1932
1.21145
1.22785
1.24049
1.2479
1.24909
1.24378
1.23269
1.21761
1.20129
1.18674
1.17633
1.17096
1.16986
1.17105
1.17212
1.17097
1.16637
1.15816
1.14718
1.13493
1.12312
1.11335
1.10684
1.10416
1.1049
1.10757
1.11021
1.11113
1.1094
1.10517
1.09958
1.09472
1.09315
1.09711
1.10735
1.12257
1.13977
1.1555
1.16695
1.17262
1.17259
1.16858
1.1631
1.15768
1.1519
1.1445
1.1351
1.12472
1.1151
1.10763
1.10291
1.10089
1.10137
1.10428
1.1096
1.11696
1.12552
1.13427
1.14233
1.14883
1.1526
1.15233
1.1473
1.13829
1.12773
1.11909
1.11541
1.11776
1.12469
1.13313
1.13977
1.14223
1.13949
1.13217
1.12246
1.11354
1.1084
1.10853
1.11328
1.12022
1.12642
1.12958
1.12845
1.12284
1.11377
1.10417
1.09919
1.10392
1.11918
1.14025
1.16066
1.17619
1.18554
1.18916
1.1877
1.18135
1.1699
1.15368
1.13437
1.11468
1.09697
1.08217
1.07009
1.0603
1.05304
1.04941
1.05095
1.05873
1.07235
1.0896
1.1073
1.12255
1.13351
1.13945
1.14044
1.137
1.12989
1.12033
1.11036
1.10269
1.09959
1.1015
1.10656
1.11164
1.11397
1.11243
1.10776
1.10186
1.0968
1.09424
1.09508
1.09935
1.10612
1.11374
1.12019
1.12358
1.12244
1.11614
1.10514
1.09115
1.07687
1.06526
1.05855
1.0576
1.06169
1.0691
1.07788
1.08655
1.09437
1.10132
1.1077
1.11373
1.11959
1.1256
1.13254
1.14147
1.15321
1.16783
1.18432
1.20071
1.21435
1.2224
1.22238
1.2129
1.19431
1.16921
1.14225
1.11882
1.10304
1.09636
1.09779
1.1049
1.11473
1.12464
1.13299
1.13913
1.14299
1.14458
1.14376
1.14017
1.13336
1.12313
1.11044
1.0983
1.09143
1.09344
1.10383
1.11854
1.13329
1.14572
1.15522
1.16185
1.16543
1.16538
1.16094
1.1519
1.13907
1.12454
1.11118
1.10183
1.09846
1.10168
1.11071
1.12376
1.13865
1.15337
1.16653
1.17734
1.18541
1.19036
1.19153
1.1882
1.17994
1.16699
1.15027
1.13116
1.11129
1.09239
1.07633
1.06479
1.05886
1.05853
1.06271
1.06965
1.07741
1.08428
1.08894
1.0905
1.0885
1.08311
1.07533
1.06697
1.06023
1.05676
1.05697
1.06026
1.06581
1.0733
1.08302
1.09546
1.11093
1.12927
1.1497
1.17078
1.19031
1.20583
1.21518
1.21746
1.21339
1.20458
1.19208
1.17583
1.15609
1.13493
1.11607
1.10325
1.09881
1.10322
1.11533
1.13269
1.15197
1.16986
1.18379
1.19239
1.1956
1.19447
1.1907
1.18592
1.18125
1.17708
1.17311
1.16859
1.16254
1.15396
1.14222
1.12729
1.10976
1.09064
1.07117
1.05289
1.03764
1.02735
1.02333
1.02586
1.03435
1.04748
1.06289
1.07713
1.08671
1.08976
1.08645
1.07828
1.06716
1.05481
1.04273
1.03231
1.0247
1.02067
1.02043
1.02387
1.03081
1.04127
1.05533
1.07298
1.09388
1.11716
1.14149
1.16516
1.18633
1.20324
1.21467
1.22007
1.21975
1.21473
1.20659
1.19734
1.18911
1.18361
1.18158
1.18204
1.18245
1.17973
1.1718
1.15868
1.14258
1.12702
1.11538
1.10976
1.11058
1.11701
1.12758
1.14037
1.15326
1.16411
1.17114
1.17328
1.17045
1.16373
1.1552
1.14744
1.14276
1.14242
1.14649
1.15408
1.16408
1.17553
1.18774
1.20023
1.21233
1.2231
1.23145
1.23663
1.23851
1.23759
1.23436
1.22862
1.21915
1.20423
1.18279
1.15542
1.12506
1.09685
1.07674
1.06906
1.07479
1.09177
1.11613
1.14364
1.17061
1.19428
1.2129
1.22579
1.23319
1.23607
1.23566
1.2329
1.2282
1.22152
1.21277
1.20228
1.19098
1.18032
1.17195
1.16716
1.16645
1.16943
1.17505
1.18218
1.19006
1.19835
1.20689
1.2153
1.22274
1.22799
1.22983
1.22745
1.22088
1.21117
1.20023
1.19042
1.18377
1.18136
1.18296
1.18723
1.19228
1.19628
1.1978
1.19608
1.191
1.18306
1.17319
1.16269
1.1529
1.1451
1.14037
1.13928
1.1417
1.14671
1.15277
1.15802
1.16068
1.15941
1.15346
1.14276
1.12787
1.11006
1.09132
1.07433
1.06189
1.05597
1.05696
1.06364
1.0739
1.08567
1.09751
1.10885
1.11995
1.13149
1.14415
1.158
1.17229
1.1855
1.19592
1.20207
1.20317
1.1992
1.19093
1.17969
1.16725
1.15547
1.14607
1.14027
1.13866
1.14117
1.14714
1.15535
1.16409
1.17143
1.17566
1.17571
1.17139
1.16347
1.15329
1.14241
1.13207
1.12307
1.11597
1.11141
1.11018
1.1129
1.11965
1.1297
1.14161
1.15345
1.16335
1.16984
1.17208
1.16981
1.16329
1.15315
1.14042
1.12657
1.11329
1.10215
1.09414
1.08945
1.08741
1.08684
1.08665
1.0865
1.08693
1.08898
1.09333
1.09968
1.10671
1.11273
1.11645
1.11751
1.11621
1.11297
1.10823
1.10283
1.09855
1.09776
1.1025
1.1134
1.12931
1.14777
1.16593
1.18131
1.19222
1.19789
1.19834
1.19412
1.18605
1.17495
1.16157
1.14658
1.13074
1.11522
1.1019
1.09342
1.09271
1.10155
1.11912
1.14196
1.16568
1.18684
1.2036
1.2153
1.22168
1.22265
1.21832
1.20924
1.19649
1.18163
1.16635
1.15193
1.13891
1.12708
1.11582
1.10462
1.09349
1.0832
1.07514
1.07092
1.07147
1.07645
1.08425
1.09265
1.0997
1.10425
1.10596
1.1051
1.10218
1.09797
1.09355
1.09036
1.08955
1.09116
1.09389
1.09592
1.09608
1.09424
1.09114
1.08773
1.08464
1.08216
1.08041
1.07936
1.0788
1.07827
1.07726
1.07577
1.07483
1.07656
1.08347
1.09718
1.11727
1.14144
1.16662
1.19016
1.21051
1.22708
1.2398
1.24876
1.25407
1.25589
1.25455
1.25047
1.24405
1.23547
1.22471
1.21167
1.19636
1.17924
1.16144
1.14446
1.12959
1.11787
1.11031
1.10749
1.10903
1.11369
1.11999
1.12677
1.13323
1.13882
1.14304
1.14544
1.14566
1.14374
1.14026
1.1365
1.13442
1.1363
1.1438
1.15671
1.17256
1.18746
1.19748
1.19998
1.19407
1.18059
1.16169
1.14031
1.11976
1.10318
1.09292
1.08995
1.09384
1.10314
1.11599
1.13067
1.14586
1.16074
1.1748
1.18743
1.19737
1.20261
1.20096
1.19107
1.17341
1.15084
1.12771
1.10775
1.09232
1.08066
1.07197
1.06702
1.06797
1.07687
1.09427
1.11859
1.14677
1.17523
1.20086
1.22151
1.23595
1.24369
1.24468
1.23928
1.22848
1.21408
1.19841
1.18362
1.17082
1.16007
1.151
1.14364
1.1387
1.13752
1.14184
1.15366
1.17423
1.2022
1.23272
1.25961
1.27843
1.28744
1.28685
1.27791
1.26258
1.2431
1.22159
1.19956
1.17782
1.15676
1.13658
1.11752
1.10018
1.0858
1.07643
1.07426
1.08056
1.09476
1.1143
1.13547
1.15457
1.16879
1.17645
1.17679
1.16973
1.15563
1.13538
1.11052
1.08325
1.05621
1.03198
1.01258
0.999583
0.994434
0.998359
1.01091
1.02883
1.04734
1.06249
1.07231
1.07656
1.07635
1.07406
1.07315
1.07728
1.08864
1.10674
1.12863
1.15044
1.1692
1.18355
1.19346
1.19955
1.20239
1.20219
1.1988
1.19198
1.1817
1.16854
1.15365
1.13873
1.12584
1.11695
1.11355
1.1162
1.12423
1.13572
1.14815
1.15909
1.16696
1.17141
1.17319
1.17376
1.17469
1.17704
1.18102
1.18603
1.1911
1.19551
1.1993
1.20321
1.20817
1.21474
1.22285
1.23187
1.2408
1.24843
1.2536
1.25551
1.25401
1.2496
1.24297
1.23451
1.22407
1.2117
1.19869
1.18776
1.18168
1.18136
1.18517
1.19018
1.19399
1.19574
1.19571
1.19397
1.18961
1.18123
1.1683
1.15206
1.1352
1.12024
1.10807
1.09817
1.08991
1.0836
1.08037
1.08142
1.0876
1.09915
1.11567
1.13599
1.15796
1.17887
1.19611
1.20783
1.21301
1.21131
1.20287
1.1884
1.16945
1.14839
1.12795
1.11037
1.09643
1.08522
1.07462
1.06259
1.04867
1.03485
1.02524
1.02364
1.03083
1.04423
1.06011
1.07574
1.09008
1.10318
1.11527
1.12614
1.13496
1.14064
1.1423
1.13964
1.13308
1.12388
1.11399
1.10537
1.09931
1.09612
1.09536
1.09643
1.09874
1.10174
1.10497
1.10808
1.11092
1.11341
1.11553
1.11727
1.11865
1.11977
1.12084
1.12216
1.12404
1.12673
1.13028
1.13442
1.13852
1.14166
1.14295
1.14198
1.1391
1.13532
1.13188
1.12957
1.12842
1.1279
1.12759
1.12766
1.12867
1.13077
1.13319
1.13465
1.1343
1.13218
1.12878
1.12459
1.11998
1.1155
1.11205
1.11025
1.10962
1.10842
1.10455
1.09669
1.08505
1.07148
1.05889
1.05033
1.04782
1.05186
1.06144
1.07449
1.08829
1.10004
1.10737
1.10894
1.10468
1.09592
1.0851
1.07513
1.06841
1.06588
1.06672
1.0689
1.07015
1.06919
1.06654
1.06482
1.06804
1.07981
1.10129
1.13031
1.1624
1.19266
1.21712
1.23328
1.24004
1.23755
1.22708
1.21096
1.19222
1.17421
1.15967
1.15009
1.14553
1.14522
1.14798
1.1523
1.15628
1.15809
1.15678
1.15276
1.14745
1.14248
1.13897
1.13748
1.13831
1.14137
1.14587
1.15045
1.15363
1.1543
1.15187
1.14615
1.13734
1.12609
1.11366
1.10175
1.09207
1.08587
1.08362
1.08502
1.08919
1.09493
1.10112
1.10693
1.11198
1.11655
1.12151
1.12811
1.13734
1.14923
1.16261
1.1756
1.18647
1.19386
1.19679
1.19445
1.1863
1.17252
1.15457
1.13567
1.12029
1.11235
1.11316
1.12096
1.13248
1.14473
1.15582
1.16495
1.17181
1.17599
1.17656
1.17235
1.16284
1.1489
1.13297
1.11839
1.10819
1.10409
1.10617
1.11343
1.1245
1.13819
1.15346
1.16937
1.18496
1.19935
1.21176
1.22147
1.22785
1.23051
1.22936
1.22466
1.21703
1.20748
1.19754
1.18912
1.18394
1.18281
1.18513
1.18916
1.19289
1.19473
1.19368
1.18941
1.18216
1.17298
1.1639
1.15811
1.15898
1.16797
1.1831
1.20025
1.2157
1.22736
1.23425
1.23578
1.23155
1.22142
1.20593
1.18648
1.1651
1.14353
1.12276
1.10368
1.08807
1.07845
1.07675
1.08303
1.09545
1.11126
1.12794
1.14364
1.15726
1.16817
1.17609
1.18109
1.18351
1.18392
1.18296
1.18115
1.17874
1.1756
1.17133
1.16552
1.15809
1.14962
1.14143
1.13516
1.13186
1.13142
1.13265
1.13394
1.13399
1.13228
1.12903
1.12496
1.12094
1.11774
1.11592
1.11581
1.11756
1.12123
1.12672
1.13374
1.14181
1.15027
1.15832
1.16519
1.17029
1.17335
1.17436
1.17353
1.17123
1.16797
1.16428
1.16065
1.15753
1.15521
1.15384
1.15334
1.15365
1.15497
1.15788
1.16311
1.17114
1.18196
1.19496
1.2089
1.22212
1.23269
1.23881
1.23915
1.23314
1.22097
1.2036
1.18275
1.16092
1.14111
1.12632
1.11871
1.11904
1.12693
1.14133
1.16062
1.18237
1.20356
1.22146
1.23432
1.24163
1.24386
1.24213
1.23782
1.23233
1.2267
1.22137
1.2161
1.21027
1.20369
1.19705
1.19173
1.18878
1.18794
1.18737
1.18447
1.17707
1.16451
1.14796
1.12996
1.11318
1.09928
1.08882
1.08194
1.0789
1.07993
1.08483
1.09277
1.10255
1.11297
1.12323
1.13322
1.14331
1.15394
1.16506
1.17572
1.18413
1.18813
1.18597
1.17689
1.16147
1.1416
1.1201
1.10002
1.08445
1.07634
1.07792
1.08967
1.10953
1.13367
1.15804
1.17952
1.19612
1.20694
1.21207
1.21235
1.20919
1.20406
1.19808
1.19168
1.18444
1.1753
1.16293
1.14631
1.12528
1.10102
1.07642
1.05575
1.04319
1.04093
1.04815
1.06177
1.07798
1.09353
1.10619
1.11478
1.11887
1.11849
1.11437
1.10856
1.10457
1.10629
1.11561
1.13112
1.14901
1.16513
1.17656
1.18235
1.18377
1.1838
1.18555
1.19061
1.19841
1.20683
1.2133
1.2156
1.21219
1.20253
1.18721
1.16809
1.14795
1.12972
1.11575
1.10733
1.10465
1.10664
1.11106
1.11538
1.11761
1.11671
1.11227
1.10415
1.09227
1.07696
1.05947
1.04206
1.02773
1.01955
1.01983
1.02953
1.04792
1.07289
1.10149
1.13055
1.15721
1.17925
1.1953
1.2048
1.20784
1.20491
1.19655
1.18322
1.16532
1.14342
1.11844
1.09183
1.06577
1.04293
1.0261
1.01725
1.01701
1.02444
1.03754
1.0538
1.07095
1.08743
1.10279
1.11744
1.13209
1.147
1.1616
1.17459
1.18434
1.18952
1.18945
1.18427
1.17465
1.16146
1.14538
1.1269
1.10666
1.08613
1.06805
1.05624
1.05435
1.06386
1.08293
1.10696
1.13068
1.14991
1.16226
1.16694
1.16436
1.1559
1.14377
1.13072
1.11964
1.11285
1.1116
1.11585
1.12459
1.13629
1.14921
1.1615
1.17135
1.17723
1.17829
1.17468
1.16762
1.1592
1.15182
1.14751
1.14729
1.15086
1.15672
1.16272
1.16685
1.16793
1.16588
1.16146
1.15583
1.14999
1.14452
1.13933
1.13403
1.1284
1.12271
1.11763
1.11386
1.1115
1.10996
1.10813
1.10491
1.09961
1.09233
1.08381
1.07521
1.0677
1.06216
1.05905
1.05871
1.06168
1.0687
1.08026
1.09593
1.11417
1.1325
1.14785
1.15704
1.15738
1.14769
1.12971
1.10871
1.09123
1.08024
1.07325
1.06681
1.06116
1.05945
1.0636
1.07224
1.08267
1.0931
1.10281
1.11138
1.11804
1.1218
1.12178
1.11776
1.11038
1.10118
1.09218
1.08533
1.08203
1.08289
1.08781
1.09614
1.10689
1.11894
1.13119
1.14264
1.15222
1.15873
1.16092
1.15782
1.14915
1.13549
1.11835
1.09984
1.08223
1.06734
1.0564
1.04988
1.0475
1.04843
1.05141
1.05514
1.05864
1.06123
1.06261
1.06274
1.06193
1.06064
1.0593
1.05802
1.05651
1.05426
1.05093
1.04673
1.04255
1.03977
1.03992
1.04422
1.05304
1.06562
1.08001
1.09355
1.10337
1.10708
1.10345
1.09283
1.07737
1.06077
1.04743
1.04128
1.04451
1.05698
1.07677
1.10124
1.12804
1.15547
1.18221
1.20701
1.22849
1.24529
1.25636
1.26116
1.25961
1.25183
1.23798
1.21824
1.19328
1.16448
1.13423
1.10539
1.08053
1.06144
1.04895
1.04285
1.04159
1.04249
1.04295
1.04175
1.03929
1.0366
1.03426
1.03225
1.03069
1.03068
1.03455
1.04485
1.0627
1.08665
1.11304
1.13742
1.15613
1.16726
1.17068
1.16761
1.15964
1.1482
1.13434
1.11899
1.10342
1.08964
1.08048
1.07867
1.08486
1.09655
1.1097
1.12154
1.13164
1.14106
1.15082
1.16095
1.17023
1.17656
1.17803
1.17393
1.16566
1.15668
1.15087
1.15008
1.15301
1.1567
1.15872
1.158
1.15464
1.14934
1.14299
1.13646
1.13041
1.12524
1.12097
1.11729
1.11381
1.1104
1.10768
1.10678
1.10852
1.11276
1.11852
1.12473
1.13053
1.13504
1.13697
1.13479
1.12732
1.11442
1.09724
1.07809
1.05991
1.04556
1.03718
1.03604
1.04274
1.05761
1.08009
1.10772
1.13639
1.16204
1.18186
1.19431
1.19897
1.19686
1.19053
1.18345
1.17885
1.1786
1.18281
1.19028
1.19944
1.20906
1.21822
1.22608
1.23155
1.23355
1.23132
1.22452
1.21322
1.19785
1.17936
1.15914
1.13874
1.11941
1.1017
1.08545
1.07017
1.05543
1.04126
1.02805
1.01664
1.00863
1.00638
1.01191
1.025
1.04227
1.05865
1.06998
1.07445
1.07283
1.06783
1.06265
1.05947
1.05891
1.06097
1.06609
1.07462
1.0851
1.09411
1.09844
1.09754
1.09374
1.09067
1.09102
1.09561
1.10404
1.11579
1.13037
1.14687
1.16378
1.17939
1.1925
1.20259
1.2098
1.21447
1.21676
1.21639
1.21277
1.20544
1.1946
1.1814
1.16779
1.15574
1.14645
1.14012
1.13646
1.13512
1.1356
1.13699
1.13793
1.13728
1.13488
1.13186
1.12989
1.1299
1.13138
1.13285
1.13307
1.13173
1.12934
1.12681
1.12497
1.12435
1.12484
1.12571
1.12588
1.12435
1.12058
1.1147
1.10748
1.10009
1.09374
1.08935
1.08763
1.08923
1.09469
1.10399
1.11606
1.12888
1.14006
1.14786
1.1519
1.15336
1.15457
1.15815
1.16601
1.17844
1.19393
1.20997
1.2241
1.23484
1.24185
1.24558
1.24657
1.24494
1.24043
1.23273
1.22173
1.20772
1.19159
1.17525
1.16181
1.15439
1.15395
1.15794
1.16182
1.16152
1.15466
1.14047
1.1192
1.09191
1.06059
1.02867
1.00132
0.984557
0.982456
0.994344
1.01491
1.0374
1.05671
1.07049
1.07868
1.08237
1.08308
1.08225
1.08149
1.08246
1.08633
1.09305
1.10134
1.10967
1.11695
1.12277
1.12711
1.13018
1.13233
1.13392
1.13542
1.13726
1.13969
1.14283
1.14643
1.14975
1.15145
1.14997
1.14425
1.13417
1.12064
1.1055
1.09125
1.08053
1.07544
1.07672
1.08334
1.09274
1.10201
1.1096
1.11621
1.12315
1.12984
1.13394
1.13431
1.1325
1.13141
1.13299
1.13729
1.14316
1.14983
1.15778
1.16791
1.17995
1.1922
1.20249
1.20919
1.21157
1.20985
1.20503
1.19847
1.19139
1.18467
1.1789
1.17469
1.17286
1.17438
1.17988
1.18909
1.20056
1.212
1.22089
1.22497
1.22249
1.21231
1.19428
1.16976
1.14185
1.11482
1.0929
1.07876
1.07255
1.07212
1.07422
1.07589
1.07544
1.07273
1.06894
1.06594
1.06559
1.06912
1.07658
1.08648
1.09615
1.10286
1.10512
1.10331
1.09915
1.09456
1.09067
1.08762
1.085
1.08247
1.08014
1.07838
1.0773
1.07664
1.07621
1.07631
1.07763
1.08068
1.08538
1.09106
1.09683
1.10187
1.10551
1.10716
1.10646
1.10357
1.09918
1.09442
1.09056
1.08881
1.09009
1.09474
1.10229
1.11151
1.12086
1.12907
1.13574
1.14152
1.14738
1.15328
1.15739
1.15679
1.14924
1.13489
1.11715
1.10159
1.09248
1.08969
1.08964
1.08871
1.0851
1.07865
1.07021
1.06129
1.05393
1.05012
1.05118
1.05731
1.06755
1.0801
1.0927
1.10329
1.11059
1.11456
1.11614
1.1165
1.11605
1.11398
1.1089
1.10001
1.08775
1.07346
1.05842
1.04331
1.02868
1.01573
1.00669
1.00418
1.00986
1.02334
1.04224
1.06315
1.08285
1.0991
1.11073
1.11741
1.11957
1.11845
1.11617
1.11515
1.11719
1.12255
1.12978
1.13634
1.13982
1.13931
1.13621
1.13367
1.1345
1.13897
1.14493
1.14983
1.15216
1.15157
1.14834
1.14279
1.13513
1.12546
1.11394
1.10089
1.08682
1.07229
1.05792
1.04507
1.03694
1.03806
1.05043
1.07053
1.09226
1.11184
1.12889
1.14432
1.15887
1.17321
1.18821
1.20413
1.21929
1.23033
1.23382
1.22786
1.21281
1.19131
1.16776
1.14716
1.13329
1.12696
1.12586
1.12616
1.12436
1.11822
1.10684
1.09032
1.06965
1.04648
1.023
1.00164
0.98475
0.974219
0.971131
0.975481
0.986204
1.00144
1.01893
1.03629
1.05118
1.06148
1.06565
1.0633
1.05549
1.04466
1.03403
1.02683
1.02555
1.03141
1.04418
1.0623
