1.65
1.64872
1.64428
1.63654
1.62521
1.60987
1.58995
1.56478
1.5336
1.49556
1.44996
1.39634
1.33471
1.2658
1.19122
1.11359
1.03645
0.963795
0.899562
0.84687
1.64765
1.60599
1.57343
1.54855
1.52967
1.51499
1.5028
1.49159
1.48021
1.46805
1.45521
1.44235
1.43056
1.42096
1.41425
1.41039
1.40856
1.40727
1.40468
1.39895
1.64927
1.63063
1.60377
1.57112
1.53649
1.5039
1.47634
1.45497
1.43975
1.43029
1.42651
1.4284
1.43542
1.44629
1.45919
1.47215
1.48343
1.49157
1.49531
1.49363
1.64942
1.63448
1.61339
1.58919
1.56533
1.54482
1.52957
1.52002
1.51545
1.51451
1.51599
1.51894
1.52277
1.52707
1.53184
1.53765
1.54537
1.55542
1.56714
1.57903
1.65045
1.65843
1.66331
1.66575
1.66648
1.66571
1.66305
1.65791
1.65003
1.63982
1.62821
1.6163
1.60492
1.59439
1.58449
1.57484
1.5654
1.55678
1.55027
1.54713
1.65033
1.65307
1.65432
1.65094
1.64088
1.6245
1.60517
1.58847
1.57976
1.58178
1.59388
1.61318
1.63629
1.66029
1.68314
1.70382
1.72212
1.73821
1.75226
1.76429
1.77427
1.78188
1.78634
1.78647
1.7811
1.76953
1.75177
1.72858
1.70133
1.67186
1.64238
1.61518
1.59256
1.57691
1.57068
1.57582
1.59266
1.61927
1.65182
1.68588
1.71774
1.74519
1.76754
1.78511
1.79866
1.80901
1.81689
1.82285
1.82726
1.83029
1.83196
1.83211
1.83051
1.82704
1.82162
1.81412
1.80417
1.79142
1.77645
1.76222
1.75472
1.76003
1.77835
1.80222
1.82199
1.83176
1.83076
1.82185
1.80936
1.79756
1.78989
1.78851
1.79354
1.8023
1.80983
1.81113
1.80344
1.78717
1.76509
1.74062
1.71651
1.69461
1.67695
1.66615
1.66395
1.66931
1.6787
1.68868
1.69759
1.70545
1.71301
1.72086
1.72915
1.73774
1.74667
1.75658
1.76841
1.78258
1.79794
1.8113
1.81836
1.81519
1.79977
1.77247
1.73615
1.69565
1.65693
1.62538
1.6042
1.59436
1.5956
1.60679
1.62574
1.6494
1.67461
1.69946
1.72404
1.74992
1.77848
1.8092
1.8394
1.8657
1.88584
1.89968
1.90911
1.91679
1.92435
1.93113
1.93441
1.93099
1.91887
1.89806
1.87039
1.83862
1.80551
1.77329
1.74334
1.71635
1.69277
1.67337
1.65922
1.65089
1.64816
1.65037
1.65696
1.66767
1.68176
1.69728
1.71101
1.71948
1.72041
1.71362
1.70098
1.68552
1.67017
1.65721
1.64808
1.6435
1.64344
1.64703
1.65278
1.65914
1.66493
1.66959
1.67311
1.67579
1.67821
1.68101
1.68458
1.68885
1.69305
1.69593
1.69622
1.69294
1.68577
1.67502
1.66166
1.64752
1.63514
1.62734
1.6263
1.63264
1.64517
1.66149
1.67883
1.6947
1.70729
1.71536
1.7182
1.71555
1.70783
1.69627
1.68282
1.66963
1.65851
1.65073
1.64718
1.64885
1.65688
1.67199
1.69381
1.72056
1.7495
1.77765
1.80248
1.8219
1.83434
1.83878
1.83501
1.82387
1.8076
1.78956
1.77338
1.76136
1.75336
1.74714
1.74022
1.73145
1.72134
1.71136
1.70272
1.69577
1.69014
1.68551
1.68246
1.68235
1.6866
1.69571
1.70882
1.72399
1.73878
1.75066
1.7574
1.75744
1.75029
1.73719
1.7211
1.70579
1.69413
1.68707
1.68363
1.68216
1.68133
1.68068
1.68051
1.68131
1.68332
1.6861
1.68872
1.69031
1.69082
1.69156
1.69471
1.70139
1.70984
1.71641
1.71837
1.71581
1.71086
1.70614
1.70373
1.70494
1.71029
1.71924
1.73002
1.73995
1.74618
1.74644
1.73936
1.72448
1.70196
1.67253
1.63786
1.6015
1.56937
1.54831
1.54261
1.55124
1.56905
1.59066
1.61318
1.63587
1.65829
1.67912
1.69653
1.70945
1.71836
1.72513
1.73218
1.74171
1.75477
1.771
1.7887
1.80517
1.81736
1.82249
1.8188
1.80605
1.78593
1.76181
1.73772
1.71707
1.70179
1.69235
1.68855
1.69
1.69611
1.7059
1.71785
1.72993
1.7398
1.74513
1.74388
1.73494
1.719
1.6993
1.68156
1.67227
1.67588
1.69281
1.71984
1.75225
1.78571
1.81709
1.84429
1.86601
1.8814
1.88989
1.89101
1.88449
1.87062
1.85062
1.8265
1.8006
1.77474
1.74968
1.72541
1.70185
1.67969
1.66025
1.64484
1.63423
1.62835
1.62613
1.62576
1.62536
1.62363
1.62026
1.61566
1.61057
1.6056
1.60094
1.5963
1.59132
1.58647
1.5836
1.58535
1.5937
1.60871
1.62822
1.64884
1.66735
1.68162
1.69081
1.69506
1.69484
1.69037
1.68162
1.66891
1.65382
1.63979
1.63145
1.63274
1.64482
1.66531
1.68934
1.7114
1.7269
1.73301
1.72889
1.71531
1.6937
1.66559
1.63274
1.59802
1.5661
1.54254
1.53171
1.53486
1.54984
1.57245
1.59859
1.62569
1.65294
1.68061
1.70904
1.7377
1.76508
1.78906
1.80763
1.81967
1.82518
1.82525
1.82162
1.81601
1.80953
1.80252
1.79451
1.78475
1.77279
1.75847
1.74172
1.72225
1.69953
1.67335
1.64447
1.61493
1.58772
1.56627
1.55386
1.55319
1.56566
1.5903
1.62347
1.65973
1.6939
1.72381
1.75148
1.78068
1.8115
1.83872
1.85608
1.86069
1.85386
1.83935
1.82152
1.80429
1.79064
1.78257
1.78083
1.78477
1.79242
1.80111
1.80817
1.81162
1.81033
1.80415
1.79394
1.7814
1.76878
1.758
1.74977
1.74313
1.736
1.72667
1.71533
1.70392
1.69405
1.68532
1.67604
1.66504
1.65221
1.63824
1.62516
1.61713
1.61952
1.63582
1.66462
1.69956
1.73274
1.75834
1.77421
1.7811
1.78112
1.77643
1.76866
1.75884
1.74756
1.7352
1.72175
1.7068
1.6901
1.67246
1.65628
1.6447
1.63992
1.64199
1.64919
1.65957
1.67163
1.68387
1.69409
1.69988
1.70014
1.69614
1.69107
1.68818
1.68956
1.69653
1.71062
1.73308
1.76302
1.79651
1.82784
1.85191
1.86596
1.86984
1.86534
1.85527
1.84254
1.82969
1.81868
1.81083
1.80659
1.80548
1.80612
1.80658
1.8049
1.79974
1.7906
1.77771
1.76182
1.74431
1.72717
1.71242
1.70078
1.69086
1.67971
1.66461
1.64461
1.62094
1.59631
1.57368
1.55524
1.54178
1.53295
1.52797
1.52639
1.52851
1.5351
1.54671
1.5632
1.58366
1.60679
1.63094
1.65402
1.67363
1.68771
1.69525
1.69673
1.69375
1.68821
1.68157
1.67461
1.66754
1.6606
1.65455
1.65073
1.65085
1.65649
1.66853
1.68671
1.70925
1.73303
1.75429
1.76993
1.77849
1.78039
1.77756
1.77247
1.76729
1.76334
1.76093
1.75946
1.75774
1.75451
1.74879
1.74006
1.72838
1.71459
1.70054
1.68902
1.68333
1.68638
1.6995
1.7215
1.74873
1.7764
1.80018
1.81723
1.82643
1.82775
1.82138
1.80721
1.78513
1.75586
1.72156
1.68594
1.65371
1.62957
1.61704
1.61736
1.6291
1.64877
1.67219
1.69582
1.71755
1.73664
1.75318
1.76729
1.77876
1.78712
1.79205
1.79363
1.79244
1.78924
1.78484
1.7799
1.77465
1.76886
1.76183
1.75295
1.74213
1.73022
1.71875
1.70917
1.70229
1.69795
1.69548
1.6944
1.69505
1.69861
1.70647
1.71921
1.73589
1.75403
1.77027
1.78142
1.78558
1.78264
1.77425
1.76286
1.75072
1.73952
1.73051
1.72456
1.72172
1.72111
1.72136
1.72146
1.72134
1.72145
1.72221
1.72344
1.72409
1.72242
1.71652
1.70544
1.69019
1.6742
1.66244
1.65907
1.66497
1.67746
1.69234
1.70632
1.7179
1.72681
1.73308
1.73652
1.73675
1.73354
1.72739
1.7198
1.713
1.70893
1.70777
1.70734
1.70416
1.69515
1.67879
1.65576
1.62951
1.60582
1.59082
1.58792
1.59642
1.6132
1.63505
1.65917
1.68252
1.70176
1.7142
1.71886
1.71642
1.7087
1.69774
1.68536
1.6729
1.66169
1.65371
1.65152
1.65682
1.66843
1.68231
1.69402
1.70105
1.70311
1.70114
1.69676
1.69227
1.69064
1.69427
1.70337
1.71543
1.72665
1.73415
1.73761
1.73931
1.74285
1.75137
1.76616
1.78639
1.80983
1.83395
1.85657
1.87601
1.89095
1.90032
1.90311
1.89878
1.88832
1.8754
1.86633
1.86758
1.88114
1.9022
1.92159
1.93058
1.92421
1.90218
1.86825
1.82871
1.79049
1.75969
1.74086
1.73609
1.74367
1.75826
1.77282
1.78163
1.78179
1.77328
1.75799
1.73908
1.7206
1.70712
1.70224
1.70615
1.71407
1.71829
1.71325
1.69879
1.67952
1.66109
1.64693
1.63755
1.63145
1.62681
1.62297
1.62126
1.62439
1.63438
1.65048
1.66945
1.68771
1.70333
1.71616
1.72671
1.73497
1.7401
1.74108
1.73766
1.73072
1.7218
1.71235
1.70321
1.69464
1.68667
1.67952
1.67399
1.67125
1.67216
1.67625
1.68114
1.68303
1.67827
1.66549
1.64712
1.62914
1.61871
1.62091
1.63696
1.66491
1.70135
1.74222
1.78272
1.81745
1.84163
1.85265
1.85106
1.84055
1.82687
1.8159
1.81175
1.81583
1.8272
1.84339
1.86099
1.87616
1.88522
1.88519
1.87438
1.85267
1.82171
1.78482
1.74623
1.7101
1.68007
1.65944
1.65059
1.65345
1.66467
1.67906
1.69203
1.70124
1.70693
1.71105
1.71582
1.72239
1.73017
1.73741
1.7424
1.74424
1.74314
1.74008
1.73614
1.73198
1.72756
1.72215
1.71458
1.70361
1.68829
1.66848
1.64523
1.62087
1.59838
1.58029
1.56803
1.56184
1.56113
1.56475
1.5715
1.58032
1.58984
1.59795
1.60249
1.60296
1.60191
1.60418
1.61422
1.63301
1.65745
1.68228
1.7028
1.71631
1.72245
1.72265
1.71894
1.71272
1.70412
1.69245
1.67741
1.66008
1.64303
1.62912
1.61973
1.61388
1.60953
1.60597
1.6052
1.61148
1.62929
1.66079
1.70405
1.75312
1.79999
1.83726
1.86019
1.86717
1.85936
1.83976
1.81223
1.78057
1.74796
1.71688
1.68951
1.6681
1.65463
1.64997
1.65291
1.66015
1.66745
1.67124
1.67008
1.6652
1.65968
1.65629
1.6563
1.6599
1.66732
1.67917
1.69601
1.71767
1.7428
1.76873
1.79185
1.80841
1.81561
1.81265
1.80126
1.78496
1.76717
1.74945
1.73116
1.71088
1.68828
1.66527
1.6455
1.63238
1.62685
1.62666
1.62747
1.62493
1.61658
1.60317
1.58824
1.57544
1.56583
1.55869
1.55469
1.55685
1.56832
1.58964
1.61789
1.64803
1.67515
1.69629
1.71108
1.72135
1.7296
1.7371
1.7432
1.74617
1.74469
1.73846
1.72805
1.71461
1.70024
1.68779
1.68012
1.67884
1.68348
1.69168
1.70006
1.70512
1.70366
1.69289
1.67118
1.64111
1.61406
1.60767
1.62954
1.66652
1.69849
1.71421
1.71261
1.69746
1.67354
1.6455
1.61805
1.59631
1.58522
1.58766
1.60262
1.62503
1.64781
1.66439
1.67038
1.664
1.64566
1.61739
1.5824
1.54463
1.50859
1.47917
1.46098
1.45754
1.47
1.49671
1.53361
1.57518
1.61574
1.65079
1.67805
1.69829
1.71505
1.73301
1.75574
1.78436
1.81757
1.85259
1.88609
1.91508
1.93722
1.95098
1.95526
1.94916
1.93202
1.9041
1.86718
1.82465
1.78078
1.73927
1.7025
1.67189
1.64868
1.63395
1.62835
1.63177
1.64308
1.66011
1.68
1.69992
1.71792
1.73312
1.74534
1.75453
1.76039
1.76248
1.76062
1.75507
1.7466
1.73637
1.72581
1.7165
1.70982
1.70644
1.70608
1.70796
1.71139
1.71596
1.72111
1.72608
1.73066
1.73582
1.74373
1.75618
1.77292
1.79141
1.80846
1.82192
1.8307
1.83413
1.83144
1.82205
1.80606
1.78455
1.75996
1.7364
1.71942
1.71409
1.72203
1.74012
1.76226
1.78228
1.79579
1.80059
1.79654
1.78507
1.76853
1.7493
1.72941
1.71064
1.69458
1.68238
1.6742
1.66907
1.6654
1.66182
1.65759
1.65267
1.64796
1.64513
1.64582
1.65068
1.65861
1.66711
1.6734
1.67546
1.6723
1.66398
1.65171
1.63829
1.62769
1.62349
1.62685
1.63586
1.64669
1.65529
1.65868
1.65557
1.64654
1.6339
1.62154
1.61421
1.61611
1.62882
1.64999
1.67413
1.69513
1.70876
1.71392
1.71224
1.70661
1.69954
1.69236
1.68572
1.6805
1.67824
1.68067
1.68913
1.70388
1.72402
1.74754
1.7718
1.79447
1.81443
1.83178
1.84648
1.85712
1.86124
1.85711
1.84534
1.82907
1.81277
1.80012
1.79243
1.78865
1.78678
1.78528
1.78336
1.78047
1.77591
1.76913
1.76033
1.75039
1.74041
1.73116
1.72315
1.71694
1.7134
1.71361
1.71853
1.72883
1.74446
1.76398
1.78406
1.80014
1.80834
1.80688
1.79635
1.77908
1.75843
1.73837
1.7227
1.71386
1.71208
1.71534
1.72019
1.72271
1.71982
1.71057
1.69681
1.68261
1.67234
1.66846
1.6709
1.6782
1.68898
1.70245
1.71833
1.73624
1.75528
1.77406
1.79104
1.80487
1.81455
1.81968
1.82038
1.81722
1.81082
1.80137
1.78822
1.7698
1.74383
1.70831
1.66273
1.60911
1.55213
1.49811
1.45319
1.42201
1.40732
1.41005
1.42898
1.46066
1.50054
1.54409
1.58765
1.62859
1.66532
1.69712
1.72367
1.7446
1.7594
1.76785
1.77061
1.76971
1.76813
1.76897
1.77443
1.78511
1.80001
1.81715
1.83435
1.84987
1.86257
1.87162
1.87617
1.87512
1.86736
1.85231
1.83063
1.80456
1.7778
1.75464
1.73861
1.73124
1.73157
1.73663
1.74279
1.74706
1.7479
1.74509
1.73943
1.73228
1.7252
1.71967
1.71662
1.71589
1.71589
1.71401
1.70772
1.69596
1.67988
1.66218
1.64568
1.63251
1.62426
1.6221
1.62627
1.63521
1.64535
1.65173
1.64942
1.63525
1.60921
1.57478
1.53823
1.50702
1.48791
1.48569
1.5023
1.53624
1.58261
1.63435
1.68434
1.72705
1.75911
1.77941
1.78874
1.78937
1.78439
1.77673
1.76823
1.75959
1.75085
1.74227
1.73434
1.72737
1.72086
1.71346
1.70345
1.68967
1.67223
1.65296
1.63496
1.62163
1.61534
1.61682
1.62531
1.63939
1.6577
1.67849
1.69895
1.71581
1.72724
1.73415
1.73922
1.74491
1.75211
1.75994
1.76655
1.76971
1.76729
1.75786
1.74105
1.71757
1.68891
1.65727
1.6256
1.59761
1.57725
1.56783
1.57066
1.58419
1.60438
1.62631
1.64605
1.6616
1.6728
1.6807
1.68679
1.69226
1.69747
1.70177
1.70404
1.70353
1.70057
1.69629
1.6915
1.6857
1.67734
1.66531
1.65043
1.63567
1.62522
1.62297
1.63139
1.65083
1.67965
1.7149
1.75336
1.79221
1.82893
1.86069
1.88411
1.89562
1.89241
1.87343
1.84037
1.79826
1.75476
1.71805
1.69358
1.68205
1.67977
1.68137
1.68241
1.68067
1.67587
1.6688
1.66054
1.65213
1.64441
1.63789
1.63245
1.62725
1.62112
1.61342
1.60541
1.60068
1.60359
1.61676
1.64008
1.67108
1.70537
1.73698
1.75969
1.76887
1.76241
1.74079
1.70665
1.66435
1.61972
1.57983
1.55182
1.54045
1.54591
1.56386
1.58764
1.61106
1.63006
1.64317
1.65094
1.65528
1.65909
1.66565
1.67753
1.69522
1.71681
1.7391
1.75935
1.7764
1.79038
1.80172
1.81051
1.81663
1.82038
1.82304
1.82668
1.8333
1.8437
1.85677
1.86983
1.87967
1.88376
1.88088
1.87125
1.85606
1.83668
1.81383
1.78765
1.75848
1.7278
1.69836
1.67319
1.6539
1.63966
1.62802
1.61711
1.6074
1.60206
1.60514
1.61851
1.63994
1.66457
1.688
1.70827
1.72557
1.74119
1.75644
1.77199
1.78749
1.80146
1.81167
1.8159
1.81282
1.80228
1.78526
1.76345
1.73898
1.71424
1.69151
1.67232
1.65705
1.64511
1.63551
1.62762
1.62162
1.61852
1.61979
1.62654
1.63883
1.65516
1.67282
1.68852
1.69909
1.70193
1.69542
1.67924
1.65459
1.62453
1.59369
1.56736
1.55004
1.54418
1.55009
1.5665
1.59099
1.62017
1.65019
1.67769
1.70057
1.7181
1.73049
1.73838
1.74276
1.74466
1.74477
1.74324
1.74004
1.73566
1.73163
1.73046
1.73482
1.74623
1.7639
1.78416
1.80145
1.81069
1.80922
1.7975
1.77858
1.75701
1.73738
1.72286
1.71415
1.70918
1.70429
1.69606
1.68276
1.66476
1.6441
1.62354
1.60555
1.59198
1.58445
1.58455
1.59351
1.61107
1.63479
1.66058
1.68427
1.7028
1.71488
1.7206
1.72093
1.71739
1.71181
1.70658
1.7044
1.7068
1.71256
1.71813
1.71966
1.71507
1.70528
1.69398
1.68617
1.68579
1.69368
1.70702
1.72061
1.72919
1.72928
1.7199
1.70242
1.68018
1.65742
1.6379
1.62378
1.61567
1.61322
1.6155
1.62104
1.62809
1.6353
1.64237
1.64988
1.65856
1.66826
1.6776
1.68492
1.68959
1.69255
1.69568
1.70057
1.7078
1.717
1.72755
1.73926
1.75252
1.7676
1.78377
1.79897
1.81049
1.81572
1.81298
1.80174
1.78292
1.75901
1.73378
1.71162
1.69616
1.68897
1.68922
1.69438
1.70139
1.70757
1.71129
1.71242
1.71241
1.7134
1.71681
1.72264
1.72961
1.73567
1.73849
1.73604
1.72733
1.71382
1.69982
1.69141
1.69376
1.70756
1.72795
1.74706
1.75875
1.76096
1.75536
1.7455
1.73518
1.72717
1.72251
1.72041
1.71864
1.71445
1.70546
1.69061
1.67075
1.64861
1.62808
1.61286
1.60548
1.60668
1.61566
1.63085
1.65057
1.67319
1.69698
1.71974
1.73902
1.75285
1.76026
1.76139
1.75705
1.74837
1.73658
1.72307
1.70928
1.69678
1.68701
1.681
1.67902
1.68078
1.68554
1.69211
1.69878
1.7036
1.70494
1.70214
1.6958
1.68769
1.68009
1.67471
1.67182
1.67005
1.66731
1.6622
1.65537
1.65012
1.65144
1.6627
1.68248
1.70492
1.72334
1.73329
1.73329
1.72434
1.70925
1.69187
1.67627
1.66613
1.66465
1.67441
1.69661
1.7297
1.76922
1.80927
1.84446
1.87081
1.88588
1.88849
1.87864
1.85749
1.82743
1.79245
1.75852
1.73322
1.72274
1.72751
1.7411
1.7542
1.75973
1.75503
1.74098
1.72037
1.69678
1.67437
1.65766
1.65083
1.65641
1.67404
1.70025
1.72966
1.75683
1.77781
1.79063
1.79512
1.79235
1.78414
1.77281
1.76098
1.7514
1.74646
1.74767
1.75508
1.76752
1.78334
1.80099
1.81908
1.83603
1.84997
1.85925
1.86297
1.86121
1.85477
1.84474
1.83215
1.81788
1.80253
1.78629
1.7692
1.75158
1.73439
1.71906
1.70698
1.69908
1.69561
1.69612
1.69964
1.7048
1.70963
1.71148
1.70786
1.69755
1.68134
1.66155
1.64076
1.62082
1.60282
1.58761
1.57651
1.57142
1.57407
1.58508
1.60375
1.62846
1.6572
1.68773
1.71762
1.74445
1.76612
1.78103
1.78816
1.78698
1.77742
1.76013
1.73649
1.70851
1.67853
1.64885
1.62156
1.59826
1.57997
1.56706
1.55924
1.55567
1.55538
1.55779
1.56317
1.57284
1.58868
1.61231
1.64398
1.68208
1.72336
1.76402
1.80061
1.83049
1.85179
1.86353
1.86589
1.86034
1.84913
1.8348
1.81974
1.80591
1.79452
1.78585
1.77917
1.7729
1.76518
1.75465
1.74111
1.72588
1.71148
1.70092
1.69676
1.70061
1.71324
1.73482
1.76477
1.8013
1.84114
1.8797
1.91215
1.93477
1.94558
1.94458
1.93312
1.91343
1.88782
1.85826
1.82626
1.79302
1.7599
1.7287
1.70167
1.68116
1.66921
1.667
1.67468
1.69134
1.71517
1.74369
1.77381
1.80204
1.82495
1.83982
1.84532
1.84189
1.83139
1.81616
1.79791
1.77741
1.75504
1.73178
1.70993
1.69285
1.68331
1.68142
1.68446
1.6889
1.6921
1.69253
1.68916
1.68117
1.66816
1.65056
1.62996
1.60904
1.59102
1.57875
1.57389
1.57647
1.58493
1.59664
1.60873
1.6193
1.62855
1.63921
1.65547
1.68058
1.71439
1.75303
1.79054
1.82118
1.84071
1.8467
1.83858
1.81787
1.78836
1.75537
1.72384
1.69653
1.67394
1.65591
1.64247
1.63368
1.62885
1.62664
1.62556
1.62471
1.62417
1.62472
1.62737
1.6329
1.64167
1.65345
1.66746
1.68237
1.69626
1.7068
1.71167
1.70936
1.70009
1.68609
1.67104
1.65845
1.65022
1.64646
1.646
1.64743
1.64983
1.65299
1.65743
1.66421
1.67443
1.68877
1.70679
1.72656
1.745
1.75864
1.7647
1.76164
1.74939
1.72928
1.70373
1.676
1.64964
1.62809
1.61431
1.60964
1.6126
1.61935
1.62601
1.63073
1.63395
1.63751
1.64326
1.65219
1.66435
1.67889
1.69405
1.70732
1.71609
1.71872
1.71531
1.70769
1.69894
1.69227
1.68978
1.69137
1.69497
1.69765
1.69732
1.69378
1.68926
1.68765
1.69289
1.70639
1.72539
1.74385
1.75564
1.75747
1.7499
1.73627
1.72103
1.70809
1.69996
1.69776
1.70171
1.71154
1.72632
1.74382
1.76054
1.77296
1.77894
1.77799
1.7704
1.75659
1.7375
1.71546
1.69394
1.67564
1.66064
1.64638
1.62986
1.6099
1.58814
1.56835
1.55483
1.55063
1.55663
1.5716
1.59326
1.61909
1.64661
1.67272
1.6934
1.70446
1.7033
1.69047
1.67005
1.64868
1.6332
1.62809
1.63368
1.64655
1.66169
1.67491
1.6839
1.68802
1.68754
1.68305
1.67536
1.66523
1.65329
1.63998
1.62606
1.613
1.60298
1.59811
1.59924
1.60527
1.61388
1.62283
1.63085
1.63776
1.64371
1.64869
1.6529
1.65723
1.66346
1.6736
1.68901
1.70954
1.73325
1.75682
1.77676
1.79065
1.79772
1.79871
1.79524
1.78921
1.78254
1.77737
1.77562
1.77766
1.78118
1.78206
1.77672
1.764
1.74534
1.7239
1.70323
1.68612
1.67415
1.6676
1.66597
1.66845
1.67413
1.68184
1.69
1.69691
1.7013
1.70278
1.70157
1.6978
1.69119
1.68179
1.67121
1.66283
1.65963
1.66153
1.66533
1.66755
1.66662
1.66317
1.65928
1.65753
1.66034
1.66923
1.68438
1.70456
1.72781
1.7522
1.77638
1.79954
1.82105
1.84018
1.85608
1.86796
1.87516
1.87733
1.87443
1.86686
1.85552
1.84169
1.82694
1.81261
1.79944
1.78744
1.77618
1.76548
1.75612
1.74992
1.74895
1.75431
1.7653
1.7796
1.79408
1.80587
1.81326
1.816
1.81487
1.81094
1.80495
1.797
1.78673
1.77372
1.75788
1.73963
1.71965
1.69861
1.67705
1.65553
1.63517
1.61818
1.60782
1.60758
1.61988
1.64451
1.67809
1.71506
1.74962
1.77736
1.79591
1.80456
1.80388
1.79538
1.78141
1.76511
1.75001
1.7394
1.73532
1.73789
1.74522
1.75407
1.76102
1.76365
1.76101
1.75339
1.74171
1.72721
1.7116
1.69734
1.68729
1.68383
1.68767
1.69746
1.71031
1.72317
1.73393
1.74189
1.7476
1.75215
1.75619
1.75934
1.76029
1.7575
1.74981
1.73679
1.71851
1.69518
1.66727
1.63601
1.60398
1.57483
1.55192
1.53738
1.53197
1.53541
1.54663
1.56388
1.58485
1.60701
1.62791
1.64548
1.65837
1.666
1.66892
1.66905
1.66941
1.67261
1.679
1.68624
1.69085
1.68991
1.68164
1.66555
1.64271
1.61583
1.58854
1.56422
1.54543
1.53429
1.53292
1.5427
1.56276
1.58946
1.61749
1.64201
1.66003
1.67046
1.67357
1.6706
1.66363
1.65562
1.64969
1.64802
1.65078
1.65629
1.66213
1.66639
1.66842
1.66883
1.66926
1.67185
1.67829
1.68878
1.70168
1.71417
1.72343
1.72753
1.72553
1.71712
1.70207
1.68013
1.6515
1.61762
1.58172
1.54857
1.52349
1.51128
1.51502
1.53488
1.56753
1.60732
1.64818
1.68501
1.71422
1.73354
1.74172
1.73839
1.72419
1.70103
1.67224
1.64236
1.61634
1.59837
1.59068
1.59309
1.60373
1.62045
1.64197
1.66768
1.69629
1.72507
1.75061
1.77024
1.7827
1.7884
1.78952
1.78952
1.79158
1.79695
1.80429
1.81087
1.81444
1.81456
1.81248
1.80981
1.80713
1.80355
1.79767
1.78861
1.77669
1.76304
1.7488
1.73411
1.71777
1.69816
1.6748
1.64958
1.62676
1.61125
1.60707
1.6166
1.64027
1.6762
1.72046
1.76836
1.81587
1.86022
1.8996
1.93251
1.95739
1.97274
1.97768
1.97239
1.95819
1.93706
1.91121
1.88289
1.85465
1.82928
1.80936
1.79658
1.79106
1.79108
1.79356
1.79492
1.79195
1.78267
1.76671
1.7454
1.72153
1.69867
1.67987
1.66643
1.6579
1.65293
1.65025
1.64901
1.64889
1.64996
1.65253
1.65686
1.66315
1.67162
1.68248
1.69553
1.70965
1.72285
1.73307
1.73887
1.73966
1.73524
1.72525
1.70938
1.68825
1.66435
1.64218
1.62682
1.62168
1.62682
1.6389
1.65243
1.66152
1.66136
1.64937
1.62569
1.59364
1.55982
1.53328
1.52285
1.53332
1.56315
1.60537
1.65094
1.69217
1.72474
1.74765
1.76203
1.7697
1.77238
1.77127
1.76718
1.76106
1.75408
1.74722
1.74082
1.73475
1.72873
1.72293
1.71804
1.71489
1.71348
1.71269
1.71085
1.70666
1.69953
1.68895
1.67408
1.65399
1.62889
1.60108
1.57512
1.55647
1.54909
1.55328
1.56545
1.58028
1.59397
1.60603
1.61899
1.63611
1.65899
1.68659
1.71629
1.7452
1.77069
1.79041
1.80272
1.80776
1.80824
1.80892
1.81387
1.82349
1.83417
1.84114
1.84121
1.83365
1.81956
1.80072
1.7788
1.75521
1.73178
1.71139
1.69735
1.69147
1.69285
1.699
1.70768
1.71788
1.72994
1.74517
1.76509
1.79027
1.81915
1.84801
1.87207
1.88727
1.89166
1.88604
1.87348
1.85802
1.84328
1.83138
1.8227
1.81598
1.80849
1.79688
1.77848
1.7526
1.72089
1.68654
1.65364
1.627
1.61154
1.61033
1.62227
1.64183
1.6613
1.67434
1.67846
1.67566
1.67108
1.67044
1.67705
1.69014
1.70572
1.71936
1.72799
1.73026
1.72587
1.7147
1.6965
1.67137
1.64095
1.60951
1.58345
1.56832
1.56532
1.57084
1.57934
1.58697
1.59278
1.59785
1.60364
1.61082
1.61908
1.62775
1.63618
1.64406
1.65129
1.65787
1.66368
1.66836
1.67103
1.67014
1.66361
1.64967
1.62856
1.60443
1.58473
1.57619
1.58009
1.59191
1.60549
1.61665
1.62392
1.62791
1.63077
1.63544
1.64441
1.6586
1.67687
1.69636
1.71354
1.72556
1.73131
1.7316
1.72892
1.72667
1.72804
1.7348
1.74673
1.76209
1.77851
1.79379
1.80593
1.81331
1.81475
1.80956
1.79741
1.77826
1.75249
1.72117
1.68639
1.65125
1.61942
1.5944
1.57867
1.57298
1.57612
1.58517
1.59657
1.60726
1.61548
1.62076
1.62333
1.62376
1.62316
1.62392
1.62994
1.6456
1.67309
1.70992
1.74967
1.78518
1.8112
1.82507
1.82641
1.81677
1.79952
1.77932
1.76097
1.74736
1.73828
1.73118
1.7234
1.71371
1.70231
1.68996
1.67714
1.66414
1.65181
1.64219
1.63823
1.64241
1.65528
1.67504
1.69832
1.72153
1.74186
1.75766
1.76819
1.77337
1.77334
1.76839
1.75919
1.74709
1.73416
1.72247
1.71329
1.70652
1.70088
1.69497
1.68821
1.68129
1.6758
1.67352
1.67567
1.68243
1.69291
1.70523
1.71707
1.72637
1.73252
1.73702
1.74278
1.75228
1.76556
1.78004
1.79187
1.79754
1.79502
1.78399
1.76555
1.74155
1.71418
1.686
1.65998
1.63907
1.62545
1.62016
1.62329
1.63413
1.65133
1.67318
1.69791
1.72371
1.74893
1.77224
1.79261
1.80894
1.81976
1.82356
1.81942
1.8075
1.78927
1.76716
1.74402
1.72252
1.70477
1.69203
1.68449
1.68108
1.67952
1.67696
1.67111
1.66178
1.65213
1.64796
1.65413
1.6711
1.69542
1.72295
1.75079
1.77722
1.80095
1.821
1.83654
1.84682
1.85092
1.84782
1.83698
1.81912
1.79668
1.77343
1.7535
1.74033
1.73592
1.7407
1.75379
1.77327
1.79626
1.81895
1.83711
1.84695
1.84623
1.83505
1.81605
1.79391
1.77401
1.76073
1.756
1.75887
1.76613
1.77348
1.77666
1.77264
1.76037
1.74122
1.71863
1.69697
1.67989
1.66911
1.66406
1.66236
1.66098
1.65794
1.65349
1.65005
1.65102
1.65906
1.67459
1.69541
1.71742
1.73631
1.74937
1.75631
1.75927
1.76169
1.76635
1.77376
1.78197
1.78781
1.7884
1.78194
1.76791
1.74694
1.72064
1.69133
1.66186
1.63519
1.61373
1.59879
1.59033
1.5874
1.58907
1.59486
1.60469
1.61831
1.6347
1.65202
1.66778
1.67953
1.68566
1.68591
1.68137
1.67397
1.66569
1.65765
1.64982
1.64119
1.63048
1.61697
1.60098
1.58397
1.56798
1.55486
1.54562
1.54038
1.53885
1.54083
1.54647
1.5561
1.56998
1.58819
1.61062
1.63678
1.66553
1.6948
1.72164
1.74282
1.75581
1.75974
1.75573
1.74583
1.73146
1.7132
1.69274
1.67435
1.66295
1.66049
1.66508
1.67353
1.68391
1.69574
1.70921
1.72447
1.74123
1.75873
1.77583
1.79096
1.80228
1.80783
1.80587
1.79536
1.77642
1.7507
1.72102
1.69029
1.66013
1.63054
1.60081
1.57099
1.54282
1.51951
1.5044
1.49922
1.50289
1.51189
1.52176
1.52885
1.53139
1.52994
1.52751
1.52861
1.53693
1.55294
1.57396
1.59667
1.61883
1.63951
1.65829
1.67463
1.68783
1.69711
1.70176
1.7016
1.69733
1.69091
1.6849
1.68097
1.6785
1.67506
1.66887
1.66084
1.65427
1.65226
1.65521
1.66111
1.66758
1.67321
1.67736
1.67935
1.67815
1.67249
1.66153
1.6457
1.6271
1.60917
1.59564
1.58941
1.59168
1.60164
1.61666
1.63317
1.64804
1.65953
1.66757
1.67297
1.67648
1.67848
1.67951
1.68052
1.68248
1.68574
1.68962
1.69273
1.69359
1.69131
1.68591
1.6782
1.66968
1.6623
1.65809
1.65848
1.6635
1.67124
1.67816
1.68035
1.6748
1.66054
1.639
1.61366
1.58949
1.57174
1.56448
1.56916
1.58434
1.60641
1.63104
1.65436
1.67343
1.68636
1.69215
1.69083
1.68345
1.67178
1.65776
1.64314
1.62959
1.61926
1.61514
1.62047
1.63725
1.66495
1.70056
1.73966
1.7778
1.81126
1.83728
1.85417
1.86124
1.85882
1.84827
1.83217
1.81423
1.799
1.79037
1.79009
1.79706
1.80817
1.81996
1.82993
1.83682
1.84055
1.84168
1.84075
1.83789
1.8326
1.82375
1.80996
1.79026
1.76498
1.73656
1.70939
1.68837
1.67686
1.67567
1.68363
1.69881
1.71914
1.74255
1.76672
1.78904
1.80672
1.8171
1.81818
1.80889
1.78932
1.76055
1.72458
1.68434
1.64409
1.60973
1.58798
1.5835
1.59565
1.61884
1.64609
1.67204
1.69346
1.70842
1.71583
1.71551
1.70889
1.69932
1.69138
1.68936
1.6955
1.70929
