-4.71473
-4.71475
-4.71475
-4.71475
-4.71475
-4.71384
-4.71173
-4.70931
-4.70493
-4.70236
-4.69994
-4.69843
-4.69587
-4.69602
-4.69541
-4.69541
-4.69435
-4.6948
-4.6954
-4.6957
-3.85622
-3.85653
-3.85804
-3.8588
-3.85955
-3.8594
-3.86046
-3.86061
-3.86092
-3.86197
-3.86152
-3.86122
-3.86091
-3.86227
-3.86242
-3.86152
-3.86137
-3.86107
-3.86137
-3.85986
-3.59875
-3.59921
-3.59951
-3.59966
-3.59905
-3.6001
-3.5995
-3.59995
-3.6001
-3.60116
-3.59995
-3.60041
-3.60041
-3.5995
-3.59981
-3.5992
-3.5983
-3.5986
-3.5983
-3.5983
-3.4361
-3.43505
-3.43565
-3.43504
-3.43549
-3.43474
-3.43549
-3.43534
-3.43534
-3.43519
-3.43398
-3.43398
-3.43383
-3.43293
-3.43262
-3.43232
-3.43202
-3.43141
-3.43126
-3.43081
-3.36974
-3.37125
-3.37156
-3.3705
-3.37035
-3.37125
-3.37125
-3.3708
-3.3708
-3.37035
-3.37035
-3.37035
-3.37065
-3.37095
-3.37019
-3.3714
-3.3705
-3.36959
-3.36914
-3.36929
-3.26758
-3.26819
-3.26744
-3.26789
-3.26774
-3.26699
-3.26623
-3.26562
-3.26592
-3.26622
-3.26501
-3.26517
-3.26577
-3.26623
-3.26759
-3.26683
-3.26729
-3.26744
-3.26774
-3.26819
-3.26774
-3.26849
-3.26819
-3.2682
-3.2685
-3.2682
-3.26744
-3.26744
-3.26653
-3.26729
-3.26668
-3.26653
-3.26592
-3.26592
-3.26607
-3.26668
-3.26577
-3.26608
-3.26532
-3.26533
-3.26563
-3.26623
-3.26638
-3.26683
-3.26714
-3.26714
-3.26638
-3.26744
-3.26819
-3.2688
-3.26835
-3.2685
-3.26865
-3.26955
-3.26986
-3.2694
-3.27107
-3.27107
-3.27167
-3.27121
-3.27257
-3.27166
-3.27242
-3.27318
-3.27258
-3.27304
-3.27349
-3.27379
-3.27333
-3.27439
-3.27424
-3.27499
-3.27348
-3.27334
-3.27243
-3.27183
-3.27138
-3.27153
-3.27137
-3.27061
-3.27092
-3.26986
-3.27197
-3.27212
-3.27242
-3.27227
-3.27273
-3.27333
-3.27258
-3.27212
-3.27227
-3.27273
-3.27333
-3.27333
-3.27378
-3.27409
-3.27363
-3.2753
-3.27515
-3.275
-3.275
-3.27455
-3.275
-3.27515
-3.27424
-3.27605
-3.27575
-3.27529
-3.27514
-3.2759
-3.27515
-3.2753
-3.27424
-3.27379
-3.2744
-3.27379
-3.27303
-3.27303
-3.27318
-3.27243
-3.27228
-3.27273
-3.27258
-3.27167
-3.27137
-3.27182
-3.27152
-3.27182
-3.27183
-3.27198
-3.27273
-3.27273
-3.27213
-3.27288
-3.27333
-3.27439
-3.27469
-3.27424
-3.27424
-3.27394
-3.27439
-3.27469
-3.27439
-3.27394
-3.27303
-3.27212
-3.27258
-3.27213
-3.27258
-3.27289
-3.27183
-3.27243
-3.27273
-3.27288
-3.27197
-3.27167
-3.27107
-3.27001
-3.26956
-3.2691
-3.26865
-3.2688
-3.26911
-3.26895
-3.26971
-3.2691
-3.2691
-3.26986
-3.26865
-3.26941
-3.26986
-3.26986
-3.27062
-3.27001
-3.26956
-3.26926
-3.27016
-3.27092
-3.27107
-3.27016
-3.27001
-3.26956
-3.26986
-3.27047
-3.27002
-3.26971
-3.27047
-3.27092
-3.27002
-3.26972
-3.27077
-3.27122
-3.27062
-3.26956
-3.26926
-3.27032
-3.27122
-3.27152
-3.27137
-3.27077
-3.27077
-3.26926
-3.26941
-3.27092
-3.27077
-3.26911
-3.2682
-3.26866
-3.26866
-3.2682
-3.2679
-3.26774
-3.2679
-3.2688
-3.26835
-3.26926
-3.27017
-3.27002
-3.27032
-3.26971
-3.27032
-3.27077
-3.27153
-3.27047
-3.27032
-3.27001
-3.27032
-3.27092
-3.27138
-3.27213
-3.27153
-3.27198
-3.27138
-3.27093
-3.27062
-3.27138
-3.27092
-3.27077
-3.27017
-3.27001
-3.27077
-3.27062
-3.27047
-3.27017
-3.26971
-3.26956
-3.26956
-3.26956
-3.26971
-3.26941
-3.27002
-3.26941
-3.26775
-3.26835
-3.2679
-3.26745
-3.267
-3.2676
-3.26775
-3.2682
-3.26835
-3.26926
-3.26956
-3.26865
-3.26896
-3.26957
-3.26881
-3.2673
-3.2676
-3.2673
-3.26776
-3.26836
-3.26806
-3.26835
-3.2688
-3.2685
-3.26835
-3.26881
-3.26896
-3.26896
-3.26942
-3.26942
-3.26942
-3.26972
-3.26972
-3.26987
-3.26926
-3.26941
-3.26881
-3.26971
-3.27032
-3.26881
-3.2676
-3.26685
-3.26851
-3.26912
-3.26942
-3.26988
-3.27002
-3.26987
-3.26911
-3.26821
-3.26775
-3.26685
-3.26775
-3.26775
-3.2679
-3.2673
-3.26745
-3.26791
-3.26881
-3.26866
-3.26927
-3.27169
-3.27093
-3.27078
-3.27138
-3.27213
-3.27228
-3.27258
-3.27274
-3.27214
-3.27259
-3.2732
-3.2738
-3.27426
-3.2738
-3.2729
-3.27305
-3.27305
-3.27259
-3.2732
-3.27274
-3.27365
-3.2735
-3.27259
-3.2732
-3.27199
-3.27244
-3.27365
-3.27471
-3.2741
-3.27395
-3.2738
-3.27426
-3.27395
-3.27471
-3.27546
-3.27456
-3.27425
-3.2738
-3.27274
-3.27244
-3.27244
-3.27153
-3.27214
-3.27123
-3.27123
-3.27153
-3.27138
-3.27184
-3.27214
-3.27184
-3.27139
-3.27184
-3.27139
-3.27169
-3.27169
-3.27214
-3.27214
-3.27229
-3.27244
-3.27304
-3.27304
-3.27184
-3.27244
-3.27245
-3.27245
-3.2726
-3.27351
-3.27381
-3.27502
-3.27517
-3.27532
-3.27592
-3.27516
-3.2741
-3.27349
-3.27304
-3.27334
-3.27395
-3.27395
-3.27426
-3.27441
-3.27441
-3.2729
-3.27275
-3.27259
-3.2732
-3.27305
-3.27169
-3.27093
-3.27169
-3.27259
-3.27289
-3.27244
-3.27289
-3.27153
-3.27078
-3.27093
-3.27048
-3.27017
-3.27078
-3.27168
-3.27184
-3.27289
-3.27244
-3.27319
-3.27304
-3.27304
-3.27243
-3.27228
-3.27304
-3.27289
-3.27304
-3.27199
-3.27153
-3.27198
-3.27198
-3.27138
-3.27018
-3.27048
-3.26942
-3.27017
-3.27017
-3.27002
-3.27062
-3.27016
-3.27047
-3.27062
-3.27062
-3.27077
-3.27168
-3.27244
-3.27259
-3.27289
-3.27199
-3.27123
-3.27183
-3.27168
-3.27153
-3.27168
-3.27123
-3.27153
-3.27168
-3.27183
-3.27244
-3.27228
-3.27214
-3.27229
-3.27274
-3.27425
-3.2741
-3.27485
-3.27515
-3.27484
-3.27379
-3.27364
-3.27334
-3.27289
-3.27229
-3.27365
-3.2735
-3.27425
-3.27425
-3.27319
-3.27364
-3.2744
-3.27425
-3.2747
-3.27561
-3.275
-3.27455
-3.27304
-3.27273
-3.27168
-3.27123
-3.27228
-3.27244
-3.27259
-3.27259
-3.27153
-3.27033
-3.27138
-3.27047
-3.27183
-3.27107
-3.27077
-3.27062
-3.27137
-3.27122
-3.27032
-3.27062
-3.27123
-3.27184
-3.27184
-3.27289
-3.27214
-3.27334
-3.27243
-3.27273
-3.27258
-3.27152
-3.27062
-3.27077
-3.27107
-3.27108
-3.27168
-3.27289
-3.27123
-3.27153
-3.27168
-3.27213
-3.27107
-3.26956
-3.26896
-3.26971
-3.27032
-3.27108
-3.27032
-3.27017
-3.27092
-3.27183
-3.27137
-3.27077
-3.27032
-3.26926
-3.27047
-3.27032
-3.26971
-3.27062
-3.27077
-3.27107
-3.27062
-3.27001
-3.26956
-3.26956
-3.26911
-3.26941
-3.26926
-3.26941
-3.27032
-3.27107
-3.27168
-3.27198
-3.27273
-3.27288
-3.27243
-3.27213
-3.27197
-3.27137
-3.27197
-3.27213
-3.27137
-3.27123
-3.27047
-3.27047
-3.27002
-3.26971
-3.27032
-3.27092
-3.27107
-3.27168
-3.27289
-3.2744
-3.27425
-3.27349
-3.27229
-3.27183
-3.27123
-3.27243
-3.27198
-3.27228
-3.27213
-3.27107
-3.27182
-3.27183
-3.27228
-3.27228
-3.27228
-3.27198
-3.27213
-3.27198
-3.27289
-3.27349
-3.27334
-3.27334
-3.27318
-3.27227
-3.27182
-3.27182
-3.27212
-3.27212
-3.27363
-3.27258
-3.27182
-3.27122
-3.27182
-3.27273
-3.27318
-3.27303
-3.27273
-3.27288
-3.27303
-3.27182
-3.27198
-3.27228
-3.27258
-3.27334
-3.27273
-3.27273
-3.27228
-3.27319
-3.27334
-3.27318
-3.27424
-3.27379
-3.27349
-3.27333
-3.27424
-3.27364
-3.27545
-3.2753
-3.27409
-3.27379
-3.27424
-3.27319
-3.27258
-3.27273
-3.27273
-3.27258
-3.27228
-3.27167
-3.27212
-3.27197
-3.27242
-3.27212
-3.27152
-3.27046
-3.27061
-3.27031
-3.26985
-3.27061
-3.26985
-3.26986
-3.27016
-3.27001
-3.26956
-3.26865
-3.27151
-3.27015
-3.26924
-3.27106
-3.27061
-3.27091
-3.27091
-3.2697
-3.27076
-3.27137
-3.27106
-3.27227
-3.27273
-3.27242
-3.27303
-3.27257
-3.27318
-3.27272
-3.27212
-3.27182
-3.27167
-3.27107
-3.27001
-3.26955
-3.26894
-3.26985
-3.27136
-3.2706
-3.27166
-3.27197
-3.27227
-3.27273
-3.27242
-3.27227
-3.27288
-3.27227
-3.27227
-3.27257
-3.27318
-3.27333
-3.27378
-3.27423
-3.27423
-3.27393
-3.27514
-3.27514
-3.27514
-3.27575
-3.27544
-3.27544
-3.27454
-3.27438
-3.27393
-3.27347
-3.27484
-3.27574
-3.27605
-3.2762
-3.27454
-3.27605
-3.27574
-3.27483
-3.27453
-3.27408
-3.27439
-3.27333
-3.27409
-3.27424
-3.27454
-3.2756
-3.27575
-3.27545
-3.2765
-3.27741
-3.2771
-3.2768
-3.2771
-3.27665
-3.27575
-3.27591
-3.27621
-3.27485
-3.27469
-3.27393
-3.27454
-3.27378
-3.27483
-3.27514
-3.27514
-3.27545
-3.2753
-3.27545
-3.275
-3.27606
-3.27605
-3.27575
-3.27605
-3.2759
-3.27635
-3.2753
-3.27575
-3.27621
-3.27666
-3.27681
-3.27499
-3.27514
-3.27545
-3.27424
-3.27394
-3.27394
-3.27318
-3.27167
-3.27197
-3.27242
-3.27243
-3.27258
-3.27273
-3.27198
-3.27288
-3.27258
-3.27303
-3.27288
-3.27228
-3.27122
-3.27077
-3.27061
-3.27182
-3.27212
-3.27318
-3.27273
-3.27288
-3.27318
-3.27273
-3.27182
-3.27213
-3.27319
-3.27273
-3.27274
-3.27364
-3.27364
-3.27393
-3.27363
-3.27302
-3.27318
-3.27393
-3.27318
-3.27318
-3.27304
-3.27213
-3.27244
-3.27334
-3.27409
-3.27349
-3.27348
-3.27348
-3.27363
-3.27257
-3.27273
-3.27197
-3.27213
-3.27288
-3.27304
-3.27289
-3.27289
-3.27213
-3.27152
-3.27198
-3.27061
-3.2688
-3.26925
-3.26879
-3.26849
-3.26865
-3.26789
-3.2682
-3.26881
-3.26865
-3.26744
-3.26774
-3.26729
-3.26789
-3.26835
-3.26805
-3.26835
-3.26835
-3.26835
-3.26895
-3.2685
-3.2688
-3.2685
-3.26835
-3.26654
-3.26745
-3.26729
-3.26881
-3.2688
-3.26986
-3.26926
-3.26865
-3.26805
-3.2679
-3.2682
-3.2685
-3.2679
-3.26775
-3.26714
-3.26684
-3.26684
-3.26865
-3.26805
-3.26774
-3.26804
-3.26714
-3.2679
-3.2676
-3.26699
-3.26624
-3.26594
-3.26624
-3.26623
-3.26548
-3.26669
-3.26684
-3.2679
-3.26775
-3.26699
-3.26638
-3.26714
-3.26729
-3.2676
-3.26805
-3.26759
-3.26759
-3.26819
-3.26895
-3.2685
-3.26805
-3.26836
-3.26821
-3.26942
-3.26836
-3.26835
-3.2682
-3.26775
-3.26805
-3.26835
-3.2688
-3.26865
-3.2685
-3.26849
-3.2694
-3.26986
-3.26971
-3.26941
-3.26986
-3.26941
-3.27061
-3.27001
-3.27031
-3.27061
-3.27167
-3.27212
-3.27197
-3.27272
-3.27303
-3.27152
-3.27137
-3.27137
-3.27062
-3.27077
-3.27062
-3.27152
-3.27121
-3.27197
-3.27212
-3.27182
-3.27182
-3.27212
-3.27348
-3.27408
-3.27378
-3.27318
-3.27273
-3.27364
-3.27243
-3.27258
-3.27333
-3.27227
-3.27257
-3.27288
-3.27288
-3.27318
-3.27333
-3.27378
-3.27393
-3.27272
-3.27273
-3.27197
-3.27152
-3.27061
-3.27091
-3.27136
-3.27091
-3.27076
-3.27122
-3.27182
-3.27106
-3.27121
-3.27046
-3.27121
-3.27181
-3.27166
-3.27181
-3.27272
-3.27227
-3.27061
-3.27031
-3.26941
-3.26865
-3.27001
-3.27046
-3.27135
-3.27059
-3.2703
-3.27047
-3.27062
-3.27138
-3.27107
-3.27046
-3.27016
-3.27076
-3.27136
-3.27226
-3.27196
-3.2712
-3.27196
-3.27151
-3.27212
-3.27182
-3.27152
-3.27212
-3.27136
-3.2697
-3.26925
-3.26879
-3.26863
-3.26818
-3.26908
-3.26893
-3.26969
-3.27014
-3.27015
-3.26985
-3.26955
-3.27031
-3.27031
-3.26955
-3.27045
-3.26833
-3.26803
-3.26788
-3.26773
-3.26834
-3.26789
-3.26849
-3.2691
-3.26849
-3.2688
-3.26985
-3.2694
-3.2691
-3.2691
-3.26924
-3.27015
-3.2709
-3.26969
-3.26848
-3.26924
-3.26863
-3.26879
-3.26924
-3.26954
-3.2703
-3.27045
-3.27046
-3.27
-3.26985
-3.27106
-3.27106
-3.27061
-3.27106
-3.27076
-3.27091
-3.27136
-3.27197
-3.27136
-3.27106
-3.27257
-3.27151
-3.27181
-3.27212
-3.27257
-3.27287
-3.27287
-3.27318
-3.27227
-3.27197
-3.27166
-3.27287
-3.27242
-3.27227
-3.27046
-3.27
-3.26985
-3.26925
-3.26925
-3.2694
-3.26955
-3.2694
-3.2694
-3.26984
-3.26909
-3.26954
-3.26878
-3.26924
-3.26834
-3.26955
-3.27046
-3.27091
-3.27076
-3.2703
-3.27106
-3.27106
-3.2703
-3.27226
-3.27166
-3.27151
-3.27075
-3.27015
-3.27151
-3.27181
-3.27227
-3.27242
-3.27196
-3.27242
-3.27332
-3.27226
-3.27212
-3.27257
-3.27242
-3.27303
-3.27257
-3.27212
-3.27091
-3.27136
-3.27136
-3.27136
-3.27166
-3.27242
-3.27302
-3.27272
-3.27288
-3.27257
-3.27242
-3.27242
-3.27211
-3.27226
-3.27286
-3.27332
-3.27257
-3.27242
-3.27273
-3.27318
-3.27212
-3.27166
-3.27272
-3.27212
-3.27121
-3.27166
-3.27136
-3.27151
-3.27136
-3.27151
-3.27181
-3.27242
-3.27211
-3.27212
-3.27257
-3.27272
-3.27272
-3.27348
-3.27333
-3.27318
-3.27348
-3.27272
-3.27317
-3.27302
-3.27317
-3.27241
-3.27166
-3.27196
-3.27211
-3.27196
-3.27226
-3.27332
-3.27378
-3.27453
-3.27378
-3.27347
-3.27483
-3.27468
-3.27483
-3.27423
-3.27543
-3.27453
-3.27422
-3.27513
-3.27438
-3.27438
-3.27438
-3.27333
-3.27363
-3.27302
-3.27196
-3.27181
-3.27166
-3.27045
-3.27029
-3.27135
-3.27121
-3.27136
-3.27136
-3.27136
-3.27121
-3.27075
-3.27136
-3.27151
-3.27105
-3.27181
-3.2709
-3.27151
-3.27136
-3.27241
-3.27241
-3.27196
-3.27242
-3.27166
-3.27272
-3.27242
-3.27151
-3.27226
-3.27075
-3.2706
-3.27045
-3.27015
-3.27061
-3.27106
-3.27121
-3.27121
-3.27151
-3.27181
-3.27151
-3.27226
-3.2709
-3.27029
-3.27014
-3.27014
-3.26984
-3.27015
-3.27015
-3.26955
-3.2694
-3.26864
-3.2697
-3.26985
-3.2694
-3.26925
-3.26864
-3.26804
-3.26758
-3.26803
-3.26863
-3.26788
-3.26637
-3.26607
-3.26652
-3.26773
-3.26728
-3.26713
-3.26637
-3.26683
-3.26728
-3.26728
-3.26789
-3.26849
-3.26894
-3.26909
-3.26924
-3.26803
-3.26773
-3.26879
-3.26954
-3.27
-3.2697
-3.26924
-3.27
-3.27015
-3.2697
-3.27
-3.26939
-3.26939
-3.26879
-3.26834
-3.26804
-3.26789
-3.26683
-3.26713
-3.26743
-3.26728
-3.26758
-3.26758
-3.26773
-3.26728
-3.26698
-3.26698
-3.26713
-3.26744
-3.26744
-3.26774
-3.26834
-3.26788
-3.26636
-3.26591
-3.26666
-3.26591
-3.26636
-3.26516
-3.26516
-3.26577
-3.26562
-3.26638
-3.26562
-3.26592
-3.26622
-3.26667
-3.26788
-3.26848
-3.26788
-3.26803
-3.26757
-3.26848
-3.26818
-3.26833
-3.26909
-3.26818
-3.26773
-3.26773
-3.26742
-3.26803
-3.26833
-3.26788
-3.26682
-3.26501
-3.26546
-3.26501
-3.26577
-3.26516
-3.26516
-3.26516
-3.26486
-3.26471
-3.26622
-3.26773
-3.26818
-3.26849
-3.26834
-3.26834
-3.26804
-3.26879
-3.26924
-3.26954
-3.26924
-3.26879
-3.26939
-3.26969
-3.27014
-3.26984
-3.27045
-3.27166
-3.27015
-3.27106
-3.27136
-3.27136
-3.27121
-3.27075
-3.27241
-3.27166
-3.27121
-3.26985
-3.26985
-3.27045
-3.27091
-3.27121
-3.2697
-3.27015
-3.27045
-3.27045
-3.2703
-3.27105
-3.2703
-3.27135
-3.2706
-3.27121
-3.2709
-3.27166
-3.27121
-3.27151
-3.27106
-3.27182
-3.27212
-3.27167
-3.27167
-3.27197
-3.27167
-3.27272
-3.27241
-3.27271
-3.27166
-3.27121
-3.27121
-3.27091
-3.27061
-3.27091
-3.27061
-3.27151
-3.27196
-3.27181
-3.27287
-3.27227
-3.27242
-3.27348
-3.27272
-3.27302
-3.27347
-3.27453
-3.27468
-3.27332
-3.27423
-3.27348
-3.27393
-3.27348
-3.27288
-3.27258
-3.27303
-3.27378
-3.27559
-3.27468
-3.27377
-3.27377
-3.27271
-3.27196
-3.27256
-3.27317
-3.27272
-3.27272
-3.27302
-3.27166
-3.27181
-3.27272
-3.27347
-3.27332
-3.27226
-3.2706
-3.27121
-3.2706
-3.2697
-3.2703
-3.27045
-3.2706
-3.26894
-3.26894
-3.26849
-3.26939
-3.26954
-3.27015
-3.27106
-3.27121
-3.27106
-3.27106
-3.27212
-3.27212
-3.27226
-3.27302
-3.27257
-3.27211
-3.2709
-3.2712
-3.27226
-3.27226
-3.27241
-3.27211
-3.27151
-3.2712
-3.27166
-3.27241
-3.27271
-3.27377
-3.27438
-3.27453
-3.27514
-3.27544
-3.27665
-3.27604
-3.27589
-3.27544
-3.27498
-3.27438
-3.27438
-3.27317
-3.27318
-3.27378
-3.27332
-3.27287
-3.27196
-3.27241
-3.27196
-3.27135
-3.2703
-3.2703
-3.27105
-3.27105
-3.27166
-3.27211
-3.2718
-3.27196
-3.27196
-3.27105
-3.27136
-3.27015
-3.2703
-3.27045
-3.27
-3.26955
-3.26909
-3.26819
-3.26818
-3.26803
-3.26818
-3.26848
-3.26848
-3.26773
-3.26894
-3.26985
-3.27
-3.27166
-3.27166
-3.27166
-3.27196
-3.27121
-3.27151
-3.27226
-3.27196
-3.27136
-3.27196
-3.27211
-3.27166
-3.27241
-3.27362
-3.27332
-3.27272
-3.27302
-3.27287
-3.27272
-3.27121
-3.27121
-3.27151
-3.27166
-3.27256
-3.27286
-3.27317
-3.27377
-3.27423
-3.27438
-3.27393
-3.27377
-3.27287
-3.27166
-3.27211
-3.27211
-3.27256
-3.2718
-3.2715
-3.27135
-3.2715
-3.27181
-3.27121
-3.27075
-3.2706
-3.2703
-3.2706
-3.27075
-3.2709
-3.27105
-3.2712
-3.2712
-3.2712
-3.27196
-3.27151
-3.27211
-3.27105
-3.27135
-3.2715
-3.2715
-3.2718
-3.27181
-3.27211
-3.27302
-3.27242
-3.27181
-3.27211
-3.2715
-3.27135
-3.2709
-3.26999
-3.27029
-3.26954
-3.26924
-3.2703
-3.26999
-3.27075
-3.2706
-3.27045
-3.26954
-3.26924
-3.26849
-3.26758
-3.26697
-3.26818
-3.26803
-3.26924
-3.26924
-3.26878
-3.26833
-3.26788
-3.26833
-3.26773
-3.26697
-3.26713
-3.26698
-3.26773
-3.26728
-3.26758
-3.26698
-3.26758
-3.26712
-3.26803
-3.26863
-3.26984
-3.26924
-3.26985
-3.27015
-3.2694
-3.26925
-3.27
-3.27121
-3.27105
-3.2703
-3.2697
-3.27
-3.26955
-3.26925
-3.26895
-3.26759
-3.26683
-3.26682
-3.26697
-3.26712
-3.26833
-3.26758
-3.26683
-3.26713
-3.26819
-3.26834
-3.26773
-3.26743
-3.26652
-3.26682
-3.26682
-3.26683
-3.26834
-3.26894
-3.26819
-3.26728
-3.26849
-3.26803
-3.26757
-3.26757
-3.26863
-3.26863
-3.26879
-3.26879
-3.26848
-3.26743
-3.26713
-3.26683
-3.26622
-3.26743
-3.26728
-3.26743
-3.26713
-3.26833
-3.26954
-3.26984
-3.27014
-3.2718
-3.27211
-3.27211
-3.27211
-3.27211
-3.27196
-3.27181
-3.27287
-3.27332
-3.27423
-3.27332
-3.27181
-3.2712
-3.27181
-3.27105
-3.27136
-3.27151
-3.27196
-3.27211
-3.27211
-3.27226
-3.27271
-3.27241
-3.27106
-3.27257
-3.27212
-3.27272
-3.27151
-3.27105
-3.27075
-3.27029
-3.27105
-3.27044
-3.27044
-3.27256
-3.27392
-3.27332
-3.27347
-3.27272
-3.27272
-3.27227
-3.27302
-3.27302
-3.27257
-3.27317
-3.27272
-3.27256
-3.27225
-3.2718
-3.27181
-3.27121
-3.27061
-3.27061
-3.27091
-3.27121
-3.2706
-3.2703
-3.2703
-3.2712
-3.27196
-3.27135
-3.27196
-3.27181
-3.27151
-3.27182
-3.27121
-3.27136
-3.27167
-3.27136
-3.27091
-3.27121
-3.27211
-3.27226
-3.27196
-3.27196
-3.27226
-3.27121
-3.27075
-3.27181
-3.27196
-3.27257
-3.27211
-3.27211
-3.27166
-3.27136
-3.27166
-3.27226
-3.27151
-3.27136
-3.2703
-3.26939
-3.26909
-3.26985
-3.26999
-3.27045
-3.2703
-3.27075
-3.27151
-3.2709
-3.27045
-3.26954
-3.26909
-3.26894
-3.26955
-3.27091
-3.27076
-3.27091
-3.2706
-3.27
-3.27
-3.27
-3.27121
-3.27075
-3.27075
-3.26954
-3.26999
-3.27075
-3.2706
-3.27015
-3.26909
-3.26879
-3.26789
-3.26819
-3.26804
-3.26879
-3.26774
-3.26728
-3.26804
-3.26728
-3.26803
-3.26879
-3.26879
-3.26864
-3.26728
-3.26833
-3.26864
-3.26864
-3.26924
-3.26909
-3.26924
-3.26894
-3.26909
-3.27015
-3.27015
-3.2697
-3.26955
-3.27001
-3.27091
-3.27107
-3.27061
-3.27061
-3.27076
-3.27091
-3.2697
-3.26925
-3.27
-3.2694
-3.26849
-3.26879
-3.26879
-3.2691
-3.26925
-3.2694
-3.26865
-3.26955
-3.27076
-3.27106
-3.27166
-3.27227
-3.27227
-3.27272
-3.27287
-3.27212
-3.27197
-3.27213
-3.27228
-3.27258
-3.27303
-3.27288
-3.27182
-3.27212
-3.27258
-3.27258
-3.27303
-3.27394
-3.27303
-3.27469
-3.27469
-3.27438
-3.27363
-3.27287
-3.27242
-3.27212
-3.27197
-3.27167
-3.27303
-3.27319
-3.27273
-3.27138
-3.27017
-3.27017
-3.26881
-3.26926
-3.26866
-3.26835
-3.26926
-3.26911
-3.26971
-3.27031
-3.27001
-3.27031
-3.26941
-3.26896
-3.26896
-3.26956
-3.26805
-3.2676
-3.2682
-3.26835
-3.26835
-3.2679
-3.26759
-3.26744
-3.2682
-3.26865
-3.26895
-3.26941
-3.26881
-3.26881
-3.26926
-3.27001
-3.26956
-3.27107
-3.27062
-3.27032
-3.27017
-3.27093
-3.27093
-3.27138
-3.27123
-3.27093
-3.26926
-3.26865
-3.26941
-3.26926
-3.26956
-3.27016
-3.26986
-3.26971
-3.27062
-3.27062
-3.26971
-3.26986
-3.27047
-3.27092
-3.27062
-3.27152
-3.27107
-3.27077
-3.27077
-3.27077
-3.27107
-3.27108
-3.27108
-3.27183
-3.27319
-3.27334
-3.27334
-3.27349
-3.27228
-3.27258
-3.27258
-3.27228
-3.27062
-3.27062
-3.27032
-3.27047
-3.27107
-3.27016
-3.26971
-3.26926
-3.26941
-3.26911
-3.26821
-3.26881
-3.26821
-3.26775
-3.2676
-3.26835
-3.26775
-3.26759
-3.26805
-3.2679
-3.26654
-3.26654
-3.26715
-3.2679
-3.26866
-3.26775
-3.2679
-3.2676
-3.2685
-3.26956
-3.27017
-3.27032
-3.26987
-3.27078
-3.27168
-3.27183
-3.27137
-3.27137
-3.27198
-3.27213
-3.27107
-3.27183
-3.27138
-3.27017
-3.26956
-3.26911
-3.26895
-3.26759
-3.2673
-3.26745
-3.26655
-3.26821
-3.26791
-3.26775
-3.26699
-3.26744
-3.26729
-3.26699
-3.26775
-3.26896
-3.26926
-3.26956
-3.27017
-3.27032
-3.26881
-3.26821
-3.26775
-3.26775
-3.26745
-3.2679
-3.26714
-3.26624
-3.26458
-3.26579
-3.26533
-3.26428
-3.26412
-3.26442
-3.26502
-3.26593
-3.26593
-3.26623
-3.26654
-3.26654
-3.26579
-3.26594
-3.26579
-3.26534
-3.26579
-3.26609
-3.26624
-3.26578
-3.26608
-3.26608
-3.26518
-3.26442
-3.26488
-3.26473
-3.26443
-3.26322
-3.26443
-3.26473
-3.26518
-3.26548
-3.26533
-3.26563
-3.26745
-3.2679
-3.26775
-3.26729
-3.26729
-3.26684
-3.26624
-3.26654
-3.26564
-3.26503
-3.26518
-3.26473
-3.26458
-3.26579
-3.26639
-3.26669
-3.26699
-3.26714
-3.2676
-3.26851
-3.2676
-3.26775
-3.26806
-3.2673
-3.26669
-3.26639
-3.26684
-3.26639
-3.26593
-3.26699
-3.26715
-3.2676
-3.26745
-3.26821
-3.2676
-3.2679
-3.26759
-3.26729
-3.26669
-3.26654
-3.26684
-3.26714
-3.26775
-3.26851
-3.26896
-3.27047
-3.27002
-3.27002
-3.26972
-3.27063
-3.27063
-3.27047
-3.27017
-3.26911
-3.26881
-3.26972
-3.26942
-3.26987
-3.26987
-3.27032
-3.27047
-3.27032
-3.27107
-3.27032
-3.26956
-3.27032
-3.27168
-3.27274
-3.27229
-3.27319
-3.2732
-3.2732
-3.2738
-3.2738
-3.27441
-3.27365
-3.27395
-3.27456
-3.27561
-3.27546
-3.27516
-3.27516
-3.2744
-3.2735
-3.27335
-3.27244
-3.27199
-3.27138
-3.27153
-3.27183
-3.27168
-3.27093
-3.27153
-3.27063
-3.27063
-3.27048
-3.27002
-3.26972
-3.27033
-3.27033
-3.27033
-3.26972
-3.26972
-3.26897
-3.26927
-3.27078
-3.27093
-3.27093
-3.27062
-3.27032
-3.27017
-3.27047
-3.27016
-3.27047
-3.27017
-3.26957
-3.27033
-3.26972
-3.27033
-3.27093
-3.27063
-3.27017
-3.27002
-3.26896
-3.26926
-3.27032
-3.26926
-3.26941
-3.27017
-3.27002
-3.26897
-3.27033
-3.27002
-3.27048
-3.26972
-3.27017
-3.27002
-3.27062
-3.27062
-3.27032
-3.26941
-3.26836
-3.26896
-3.26882
-3.26866
-3.26866
-3.26927
-3.26866
-3.26912
-3.26821
-3.26776
-3.26761
-3.26791
-3.26852
-3.26852
-3.26897
-3.27063
-3.27018
-3.26957
-3.26972
-3.27047
-3.27002
-3.27032
-3.27047
-3.27017
-3.26942
-3.26942
-3.26866
-3.26882
-3.26821
-3.26867
-3.26988
-3.26927
-3.26987
-3.26972
-3.26927
-3.26836
-3.26912
-3.26973
-3.26943
-3.26897
-3.27018
-3.27033
-3.27033
-3.26957
-3.26942
-3.27063
-3.27032
-3.27123
-3.27183
-3.27259
-3.27169
-3.27124
-3.27033
-3.27109
-3.26942
-3.27018
-3.27093
-3.27048
-3.27047
-3.27047
-3.27047
-3.26987
-3.26987
-3.27078
-3.27003
-3.26957
-3.26957
-3.26972
-3.27047
-3.27093
-3.26911
-3.26897
-3.26867
-3.26821
-3.26761
-3.26821
-3.26776
-3.26806
-3.26897
-3.26912
-3.26836
-3.26866
-3.2679
-3.2676
-3.26865
-3.26775
-3.26865
-3.2679
-3.26791
-3.26806
-3.26897
-3.27002
-3.27003
-3.27154
-3.27139
-3.27093
-3.27018
-3.26987
-3.26926
-3.26941
-3.26835
-3.26896
-3.26835
-3.26866
-3.26836
-3.26957
-3.27017
-3.26942
-3.27078
-3.27108
-3.27139
-3.27093
-3.27108
-3.27123
-3.27214
-3.27289
-3.27395
-3.2738
-3.27411
-3.2738
-3.2735
-3.27335
-3.2732
-3.27305
-3.2738
-3.27259
-3.27123
-3.27108
-3.27017
-3.27002
-3.27018
-3.27003
-3.26972
-3.26987
-3.26942
-3.26987
-3.27032
-3.27107
-3.27168
-3.27213
-3.27138
-3.27108
-3.27259
-3.2732
-3.2729
-3.27229
-3.27199
-3.27124
-3.27199
-3.2723
-3.2732
-3.27381
-3.2726
-3.2735
-3.27335
-3.27395
-3.2732
-3.27289
-3.27214
-3.27274
-3.27275
-3.27214
-3.27215
-3.27154
-3.27139
-3.27109
-3.27184
-3.2726
-3.2732
-3.27426
-3.2735
-3.27199
-3.27124
-3.27124
-3.27124
-3.27139
-3.27124
-3.27048
-3.27048
-3.27063
-3.27123
-3.27123
-3.26987
-3.27048
-3.27018
-3.27169
-3.27199
-3.27154
-3.27094
-3.27048
-3.26988
-3.27018
-3.27003
-3.26987
-3.26987
-3.26987
-3.27003
-3.26988
-3.26928
-3.26943
-3.26973
-3.26928
-3.26883
-3.26943
-3.27018
-3.26941
-3.26866
-3.26835
-3.26851
-3.26806
-3.26792
-3.26731
-3.26731
-3.26686
-3.26822
-3.26761
-3.26776
-3.26852
-3.26897
-3.26867
-3.26882
-3.26957
-3.26958
-3.26897
-3.26897
-3.26882
-3.26731
-3.26746
-3.26716
-3.26822
-3.26746
-3.26761
-3.26927
-3.27003
-3.27003
-3.27018
-3.27124
-3.27214
-3.27289
-3.27304
-3.27349
-3.27334
-3.27305
-3.27214
-3.27229
-3.27033
-3.26972
-3.26957
-3.26972
-3.27093
-3.26957
-3.26927
-3.26897
-3.26973
-3.27048
-3.27094
-3.27108
-3.27108
-3.27138
-3.27063
-3.27048
-3.26988
-3.27063
-3.27033
-3.27048
-3.27018
-3.27078
-3.27063
-3.27018
-3.27032
-3.26972
-3.27002
-3.26942
-3.26942
-3.27033
-3.27108
-3.27033
-3.26987
-3.27002
-3.27033
-3.27123
-3.27169
-3.2723
-3.27245
-3.2726
-3.27411
-3.27441
-3.27501
-3.27441
-3.27441
-3.27456
-3.27395
-3.2723
-3.27215
-3.27275
-3.27351
-3.27426
-3.27305
-3.2732
-3.27274
-3.27229
-3.27199
-3.27199
-3.27154
-3.27124
-3.27064
-3.27019
-3.26882
-3.26957
-3.27002
-3.26957
-3.26912
-3.26867
-3.26852
-3.26867
-3.26822
-3.26792
-3.26761
-3.26837
-3.26807
-3.26761
-3.26836
-3.26775
-3.26775
-3.26806
-3.26912
-3.26942
-3.26837
-3.26897
-3.26912
-3.26806
-3.26851
-3.26912
-3.26942
-3.26988
-3.26957
-3.27002
-3.26957
-3.26851
-3.26776
-3.26942
-3.26822
-3.26928
-3.27064
-3.27079
-3.27078
-3.27093
-3.27047
-3.27078
-3.27048
-3.27048
-3.27003
-3.26927
-3.26942
-3.26942
-3.27063
-3.27063
-3.26972
-3.27002
-3.26912
-3.26942
-3.27033
-3.26973
-3.26957
-3.26957
-3.26987
-3.26957
-3.27002
-3.26972
-3.26987
-3.26897
-3.26882
-3.26927
-3.27003
-3.27018
-3.27018
-3.27003
-3.27033
-3.27033
-3.27003
-3.27048
-3.27048
-3.27154
-3.27214
-3.27214
-3.27199
-3.2732
-3.27381
-3.27381
-3.27336
-3.2729
-3.2732
-3.27396
-3.27366
-3.2732
-3.27275
-3.2729
-3.27259
-3.27123
-3.27033
-3.27034
-3.27064
-3.27049
-3.27004
-3.27064
-3.27154
-3.27215
-3.2729
-3.2729
-3.27456
-3.27426
-3.27411
-3.27396
-3.27426
-3.27487
-3.27441
-3.27456
-3.27502
-3.27547
-3.27471
-3.27441
-3.27501
-3.27516
-3.27471
-3.27457
-3.27547
-3.27502
-3.27411
-3.27396
-3.27366
-3.27321
-3.2729
-3.27169
-3.27215
-3.27305
-3.2735
-3.2729
-3.2732
-3.27366
-3.27321
-3.2729
-3.2732
-3.2732
-3.27305
-3.2729
-3.2726
-3.27169
-3.27215
-3.27245
-3.2717
-3.27215
-3.27079
-3.26972
-3.27048
-3.27033
-3.27048
-3.27139
-3.27139
-3.27185
-3.27109
-3.27094
-3.27154
-3.27018
-3.26822
-3.26716
-3.26731
-3.2667
-3.26716
-3.26761
-3.26686
-3.26701
-3.26686
-3.26701
-3.26671
-3.26686
-3.26701
-3.26776
-3.26852
-3.26867
-3.26822
-3.26762
-3.26837
-3.26897
-3.26852
-3.26852
-3.26821
-3.26882
-3.26852
-3.26912
-3.26927
-3.26943
-3.26943
-3.27033
-3.26958
-3.27048
-3.26957
-3.26957
-3.27018
-3.27033
-3.27063
-3.26973
-3.26958
-3.26988
-3.27003
-3.27063
-3.27109
-3.27139
-3.27124
-3.26988
-3.27033
-3.26973
-3.27018
-3.27108
-3.27169
-3.27093
-3.27123
-3.27154
-3.27063
-3.27018
-3.27109
-3.2717
-3.27109
-3.27139
-3.27064
-3.27124
-3.27093
-3.27032
-3.26957
-3.26912
-3.27048
-3.27048
-3.27064
-3.27094
-3.26988
-3.26973
-3.27018
-3.27003
-3.27033
-3.27124
-3.27033
-3.26973
-3.27003
-3.26973
-3.26943
-3.27003
-3.26973
-3.27048
-3.27154
-3.27214
-3.27094
-3.26988
-3.27049
-3.27079
-3.27094
-3.26927
-3.26912
-3.27018
-3.26943
-3.26943
-3.26988
-3.27049
-3.27019
-3.27003
-3.27019
-3.27215
-3.2723
-3.27154
-3.27124
-3.27124
-3.27033
-3.27063
-3.26897
-3.26927
-3.26882
-3.26837
-3.26942
-3.26958
-3.27018
-3.26943
-3.26897
-3.26882
-3.26928
-3.26973
-3.26958
-3.27018
-3.27063
-3.27063
-3.27048
-3.27184
-3.27245
-3.2729
-3.27366
-3.2735
-3.2735
-3.27381
-3.27335
-3.27366
-3.27351
-3.27215
-3.27245
-3.27305
-3.27078
-3.27094
-3.26988
-3.26882
-3.26973
-3.26898
-3.26837
-3.26671
-3.26596
-3.26656
-3.26747
-3.26807
-3.26928
-3.26912
-3.26927
-3.26927
-3.26897
-3.26897
-3.26867
-3.26912
-3.26867
-3.26807
-3.26761
-3.26671
-3.26792
-3.26761
-3.26701
-3.26701
-3.26641
-3.26596
-3.26505
-3.26429
-3.26369
-3.26323
-3.26444
-3.26384
-3.26399
-3.26474
-3.26444
-3.26459
-3.26429
-3.26368
-3.26368
-3.26338
-3.26323
-3.26293
-3.26324
-3.26399
-3.26429
-3.26504
-3.26504
-3.26489
-3.26399
-3.26399
-3.26399
-3.26474
-3.26384
-3.26338
-3.26338
-3.26338
-3.26369
-3.26338
-3.26444
-3.26444
-3.2655
-3.26534
-3.26474
-3.26338
-3.26248
-3.26218
-3.26338
-3.26368
-3.26414
-3.26489
-3.2655
-3.2658
-3.2658
-3.2661
-3.26656
-3.26701
-3.26731
-3.26686
-3.26746
-3.26716
-3.2661
-3.26595
-3.26625
-3.2664
-3.2661
-3.2655
-3.2655
-3.26641
-3.26626
-3.26641
-3.26656
-3.26701
-3.26686
-3.26701
-3.26686
-3.26791
-3.26867
-3.27048
-3.27139
-3.27124
-3.27033
-3.27124
-3.27139
-3.27078
-3.27078
-3.27003
-3.27108
-3.27214
-3.27154
-3.27079
-3.27109
-3.27049
-3.26988
-3.26913
-3.26882
-3.26927
-3.26866
-3.26851
-3.26806
-3.26791
-3.26746
-3.26928
-3.26852
-3.26943
-3.27018
-3.2717
-3.27139
-3.27109
-3.27079
-3.27109
-3.27109
-3.27093
-3.27154
-3.27169
-3.27214
-3.27335
-3.2738
-3.27486
-3.27381
-3.27502
-3.27457
-3.27427
-3.27351
-3.27381
-3.27381
-3.27411
-3.27366
-3.27426
-3.27516
-3.27637
-3.27561
-3.27577
-3.27607
-3.27562
-3.27517
-3.27547
-3.27698
-3.27653
-3.27562
-3.27532
-3.27683
-3.27532
-3.27472
-3.27336
-3.27351
-3.27335
-3.27275
-3.27426
-3.27365
-3.27411
-3.2738
-3.2732
-3.27215
-3.27124
-3.27109
-3.27109
-3.27079
-3.27125
-3.27155
-3.26989
-3.27004
-3.27064
-3.27155
-3.27185
-3.2723
-3.2735
-3.2732
-3.2735
-3.27381
-3.27502
-3.27457
-3.27382
-3.27412
-3.27397
-3.27503
-3.27488
-3.27518
-3.27532
-3.27577
-3.27562
-3.27472
-3.27547
