-6.36473
-6.36346
-6.35902
-6.35129
-6.33996
-6.32371
-6.30168
-6.27409
-6.23853
-6.19793
-6.14991
-6.09477
-6.03058
-5.96181
-5.88663
-5.809
-5.7308
-5.65859
-5.59496
-5.54257
-5.50387
-5.47821
-5.46648
-5.46623
-5.47219
-5.48615
-5.50508
-5.51633
-5.51862
-5.51116
-5.49559
-5.47342
-5.44306
-5.41183
-5.3809
-5.3511
-5.32696
-5.30572
-5.28705
-5.27009
-5.25045
-5.22858
-5.20382
-5.17894
-5.15289
-5.13066
-5.11285
-5.09996
-5.09521
-5.09498
-5.09895
-5.10359
-5.10494
-5.10369
-5.09985
-5.09321
-5.0845
-5.07374
-5.06094
-5.04718
-5.03101
-5.01594
-5.00468
-4.99871
-4.99862
-5.00234
-5.01102
-5.0218
-5.03366
-5.04432
-5.05166
-5.05555
-5.05332
-5.04625
-5.03358
-5.02035
-5.00771
-4.99951
-4.99814
-5.00263
-5.01111
-5.02049
-5.02916
-5.03855
-5.04649
-5.05352
-5.06034
-5.06374
-5.06213
-5.05557
-5.04431
-5.03024
-5.01725
-5.00681
-5.00225
-5.00454
-5.01117
-5.02392
-5.03714
-5.04783
-5.05592
-5.05882
-5.05605
-5.04655
-5.02891
-5.0054
-4.97932
-4.95141
-4.92614
-4.90638
-4.89746
-4.90104
-4.91654
-4.94143
-4.97311
-5.00545
-5.03657
-5.06153
-5.07871
-5.08726
-5.08945
-5.08594
-5.0794
-5.07198
-5.06418
-5.05561
-5.0475
-5.04031
-5.03081
-5.02254
-5.01204
-4.99896
-4.98745
-4.97788
-4.97603
-4.98051
-4.99083
-5.00408
-5.01806
-5.03217
-5.04607
-5.05753
-5.06452
-5.06665
-5.06458
-5.06036
-5.05865
-5.0615
-5.06986
-5.08513
-5.10166
-5.11899
-5.13257
-5.14284
-5.14945
-5.15285
-5.15453
-5.15426
-5.15415
-5.15299
-5.14918
-5.14142
-5.12944
-5.11402
-5.09745
-5.07956
-5.06191
-5.0456
-5.02828
-5.01273
-4.99661
-4.98294
-4.96861
-4.95248
-4.93292
-4.91041
-4.88364
-4.8564
-4.83628
-4.82793
-4.83294
-4.84983
-4.87388
-4.89951
-4.92151
-4.93821
-4.94871
-4.95821
-4.96911
-4.98183
-4.99353
-5.00481
-5.01007
-5.0122
-5.01159
-5.00979
-5.00787
-5.005
-5.00033
-4.99247
-4.98335
-4.97558
-4.97282
-4.97899
-4.99375
-5.01453
-5.03824
-5.05984
-5.07984
-5.09562
-5.10766
-5.11678
-5.12543
-5.13196
-5.13826
-5.14066
-5.14057
-5.135
-5.12331
-5.10687
-5.08698
-5.06687
-5.04875
-5.03324
-5.02229
-5.01399
-5.00705
-4.99868
-4.99155
-4.98337
-4.97634
-4.97218
-4.97235
-4.97684
-4.98709
-5.00177
-5.0191
-5.0376
-5.05583
-5.07118
-5.08378
-5.09285
-5.09681
-5.0944
-5.08708
-5.07356
-5.05581
-5.03331
-5.00613
-4.97576
-4.94205
-4.91193
-4.88351
-4.86028
-4.84766
-4.84712
-4.86083
-4.88866
-4.92722
-4.97399
-5.02224
-5.06775
-5.10546
-5.1338
-5.15032
-5.15387
-5.14454
-5.1256
-5.10058
-5.06993
-5.03791
-5.00782
-4.98277
-4.96616
-4.96194
-4.97357
-4.99886
-5.03059
-5.06302
-5.08751
-5.09936
-5.09682
-5.07914
-5.04992
-5.01377
-4.97394
-4.93437
-4.89933
-4.87431
-4.86346
-4.87036
-4.89128
-4.9221
-4.95626
-4.99144
-5.0246
-5.05373
-5.07756
-5.09405
-5.10522
-5.1092
-5.10679
-5.09926
-5.08719
-5.07221
-5.05439
-5.03227
-5.00787
-4.98471
-4.9629
-4.94882
-4.94307
-4.94617
-4.95404
-4.96706
-4.98356
-5.00238
-5.02331
-5.04248
-5.05787
-5.07026
-5.07855
-5.08341
-5.08238
-5.07475
-5.0618
-5.04455
-5.02702
-5.00849
-4.99322
-4.98201
-4.97245
-4.96661
-4.96242
-4.95769
-4.95425
-4.94975
-4.94612
-4.94008
-4.93279
-4.92503
-4.91718
-4.91201
-4.91236
-4.91893
-4.93157
-4.94992
-4.96898
-4.98643
-4.99897
-5.00185
-4.99697
-4.98604
-4.97329
-4.95933
-4.94543
-4.93234
-4.92265
-4.91438
-4.90773
-4.90368
-4.90368
-4.90817
-4.91756
-4.93261
-4.95362
-4.97896
-5.00496
-5.02967
-5.04845
-5.05679
-5.05028
-5.02931
-4.99536
-4.95083
-4.90223
-4.85784
-4.82513
-4.81278
-4.82153
-4.84464
-4.87612
-4.90596
-4.92812
-4.94278
-4.95256
-4.96134
-4.96975
-4.98099
-4.99334
-5.00614
-5.02105
-5.03536
-5.0499
-5.06272
-5.06981
-5.07085
-5.06293
-5.045
-5.01952
-4.98758
-4.9514
-4.91614
-4.88553
-4.86217
-4.84632
-4.83821
-4.83461
-4.83587
-4.8391
-4.84691
-4.85771
-4.87106
-4.88817
-4.90686
-4.925
-4.94087
-4.95347
-4.96246
-4.96595
-4.96634
-4.9651
-4.96149
-4.95689
-4.95429
-4.95264
-4.9545
-4.95789
-4.95917
-4.95818
-4.95713
-4.95722
-4.96018
-4.96252
-4.96416
-4.96442
-4.96189
-4.95683
-4.94993
-4.94231
-4.93686
-4.93345
-4.93317
-4.9358
-4.9404
-4.943
-4.94327
-4.94079
-4.93696
-4.93291
-4.93277
-4.93805
-4.95058
-4.96746
-4.98474
-5.00042
-5.01381
-5.02602
-5.03759
-5.04645
-5.05204
-5.04688
-5.02933
-5.00106
-4.96206
-4.91977
-4.8829
-4.8589
-4.85169
-4.86124
-4.88028
-4.90384
-4.92584
-4.94096
-4.94772
-4.94411
-4.93095
-4.91275
-4.89688
-4.89135
-4.89885
-4.91812
-4.94466
-4.97137
-4.99605
-5.01364
-5.02554
-5.03134
-5.02847
-5.02407
-5.01738
-5.01172
-5.00929
-5.00802
-5.00865
-5.00855
-5.00354
-4.99319
-4.97863
-4.95891
-4.9382
-4.9186
-4.9022
-4.89126
-4.88781
-4.88913
-4.89663
-4.90778
-4.92262
-4.93633
-4.95245
-4.96775
-4.97903
-4.98637
-4.98813
-4.98673
-4.98186
-4.97846
-4.97793
-4.9843
-4.99329
-5.00397
-5.00863
-5.00791
-4.99788
-4.98077
-4.95929
-4.93951
-4.92165
-4.90704
-4.8974
-4.89238
-4.88979
-4.88983
-4.89355
-4.89925
-4.90943
-4.92161
-4.9373
-4.95333
-4.96696
-4.97705
-4.97907
-4.97531
-4.96692
-4.96018
-4.95725
-4.96156
-4.97344
-4.99306
-5.01613
-5.03734
-5.05244
-5.06239
-5.06909
-5.07357
-5.0727
-5.06557
-5.05334
-5.03893
-5.0273
-5.0232
-5.0262
-5.0327
-5.03969
-5.04515
-5.04607
-5.04278
-5.03475
-5.02601
-5.01451
-5.00062
-4.98599
-4.97131
-4.95987
-4.95249
-4.94948
-4.95186
-4.95839
-4.96596
-4.97278
-4.97908
-4.98307
-4.98719
-4.99178
-4.99802
-5.00512
-5.01103
-5.01456
-5.0158
-5.01306
-5.00783
-4.99832
-4.98787
-4.97764
-4.96659
-4.95787
-4.94672
-4.93228
-4.91113
-4.88328
-4.85322
-4.82929
-4.81838
-4.82514
-4.84649
-4.8758
-4.90616
-4.93078
-4.94793
-4.95888
-4.96329
-4.96376
-4.9622
-4.96134
-4.96219
-4.96664
-4.97588
-4.98736
-5.00248
-5.0174
-5.03541
-5.05166
-5.06622
-5.07524
-5.07965
-5.08004
-5.07596
-5.0693
-5.06112
-5.05203
-5.04019
-5.02752
-5.01183
-4.99495
-4.97863
-4.9635
-4.95491
-4.95354
-4.95967
-4.97112
-4.98194
-4.99006
-4.99132
-4.98471
-4.97226
-4.95505
-4.94143
-4.93454
-4.93547
-4.94595
-4.95835
-4.97438
-4.9928
-5.00854
-5.02041
-5.02631
-5.02502
-5.01636
-5.00515
-4.99267
-4.97902
-4.97011
-4.96567
-4.96343
-4.9627
-4.96292
-4.96338
-4.96326
-4.96492
-4.96396
-4.95988
-4.9509
-4.93671
-4.91926
-4.90373
-4.89063
-4.88134
-4.87491
-4.87022
-4.86392
-4.85551
-4.84347
-4.82938
-4.81838
-4.81392
-4.81676
-4.82491
-4.83679
-4.84814
-4.85902
-4.86885
-4.87657
-4.88362
-4.89081
-4.89787
-4.90412
-4.91271
-4.92358
-4.93546
-4.94849
-4.96152
-4.96921
-4.96985
-4.96721
-4.96377
-4.96394
-4.96893
-4.98009
-4.99098
-4.99718
-4.99475
-4.98282
-4.96229
-4.93467
-4.9044
-4.87567
-4.85817
-4.85491
-4.86805
-4.89532
-4.93456
-4.97812
-5.02158
-5.05879
-5.08809
-5.10775
-5.11883
-5.122
-5.11997
-5.11359
-5.10706
-5.09897
-5.09161
-5.08373
-5.07693
-5.0696
-5.05968
-5.04671
-5.03159
-5.01396
-4.99308
-4.97129
-4.94752
-4.92113
-4.89437
-4.87241
-4.86016
-4.862
-4.8808
-4.91407
-4.9535
-4.99358
-5.02882
-5.05751
-5.07586
-5.08402
-5.0842
-5.07658
-5.06687
-5.05512
-5.04538
-5.03901
-5.03718
-5.03965
-5.0447
-5.04976
-5.0552
-5.06043
-5.06509
-5.0686
-5.07221
-5.07587
-5.07905
-5.08114
-5.08059
-5.07608
-5.06954
-5.06208
-5.05545
-5.05142
-5.04952
-5.04718
-5.04322
-5.03549
-5.02704
-5.01673
-5.00744
-5.00172
-5.00169
-5.00978
-5.02606
-5.04687
-5.07116
-5.09347
-5.11055
-5.11959
-5.12285
-5.11913
-5.10955
-5.09712
-5.08347
-5.07059
-5.06143
-5.05515
-5.05001
-5.04366
-5.03727
-5.03139
-5.02629
-5.02088
-5.01727
-5.01293
-5.00804
-5.00235
-4.99771
-4.99401
-4.99167
-4.99055
-4.98951
-4.9903
-4.99709
-5.00901
-5.0272
-5.05045
-5.07545
-5.09787
-5.11491
-5.12583
-5.12932
-5.12551
-5.1123
-5.09287
-5.06799
-5.03784
-5.00582
-4.97164
-4.93761
-4.90316
-4.87164
-4.84629
-4.8343
-4.83846
-4.85598
-4.87794
-4.90067
-4.91941
-4.93364
-4.94135
-4.94463
-4.94571
-4.94728
-4.95159
-4.95877
-4.96784
-4.97628
-4.98033
-4.97637
-4.96292
-4.94139
-4.91596
-4.89381
-4.87888
-4.87553
-4.88303
-4.89893
-4.91757
-4.93525
-4.94773
-4.95544
-4.95848
-4.9569
-4.95448
-4.95069
-4.9454
-4.93551
-4.92198
-4.90468
-4.88598
-4.86876
-4.85517
-4.84912
-4.84977
-4.85719
-4.86925
-4.88352
-4.89653
-4.9145
-4.94099
-4.97552
-5.0111
-5.03847
-5.05459
-5.05903
-5.05034
-5.0298
-5.00073
-4.96648
-4.93091
-4.89937
-4.87521
-4.86095
-4.86001
-4.86773
-4.88473
-4.90678
-4.93023
-4.94999
-4.96262
-4.96621
-4.95974
-4.94275
-4.91631
-4.88385
-4.85003
-4.82139
-4.8024
-4.79921
-4.80828
-4.82574
-4.84706
-4.87113
-4.89511
-4.92025
-4.94267
-4.95931
-4.96905
-4.96912
-4.96461
-4.95718
-4.94948
-4.94219
-4.9378
-4.93668
-4.93857
-4.93736
-4.93466
-4.93143
-4.92855
-4.9286
-4.93163
-4.93385
-4.93522
-4.93291
-4.92949
-4.92228
-4.91253
-4.90285
-4.89351
-4.88701
-4.88705
-4.892
-4.90184
-4.91594
-4.93133
-4.94851
-4.96723
-4.98495
-4.99917
-5.00969
-5.01724
-5.02214
-5.02632
-5.03033
-5.03551
-5.04312
-5.04989
-5.05523
-5.05641
-5.0506
-5.03785
-5.01877
-4.99627
-4.97275
-4.95546
-4.94219
-4.93607
-4.9353
-4.94121
-4.9511
-4.96538
-4.98243
-5.00037
-5.01772
-5.0374
-5.05763
-5.07719
-5.09484
-5.10765
-5.11547
-5.11331
-5.10156
-5.08396
-5.06158
-5.03903
-5.0187
-5.0048
-4.99572
-4.98996
-4.98691
-4.98428
-4.98191
-4.97972
-4.97911
-4.97968
-4.98344
-4.99099
-5.00473
-5.02206
-5.03985
-5.05667
-5.07277
-5.08663
-5.09564
-5.09858
-5.09379
-5.08206
-5.06475
-5.04231
-5.02096
-5.00365
-4.9926
-4.98932
-4.99275
-4.99818
-5.00316
-5.00795
-5.00814
-5.00419
-4.99406
-4.9776
-4.95712
-4.93492
-4.91593
-4.90366
-4.89674
-4.89823
-4.90555
-4.91563
-4.92368
-4.93276
-4.93848
-4.94024
-4.93721
-4.92817
-4.91509
-4.89843
-4.88278
-4.87402
-4.87284
-4.87784
-4.8876
-4.89997
-4.91294
-4.92655
-4.93952
-4.95024
-4.95765
-4.96108
-4.96272
-4.96143
-4.95808
-4.95362
-4.94861
-4.9433
-4.9408
-4.94281
-4.9539
-4.97245
-4.99832
-5.02747
-5.05639
-5.08031
-5.09804
-5.11046
-5.11626
-5.12064
-5.12335
-5.12558
-5.12348
-5.11579
-5.09971
-5.07472
-5.04166
-5.00242
-4.96044
-4.91917
-4.88397
-4.86005
-4.85292
-4.86409
-4.89145
-4.93162
-4.97469
-5.01495
-5.04975
-5.07314
-5.08582
-5.08621
-5.07747
-5.06307
-5.04444
-5.02767
-5.01255
-4.99756
-4.98737
-4.98507
-4.98804
-4.99173
-4.99476
-4.9913
-4.98139
-4.96552
-4.9449
-4.91894
-4.89177
-4.8697
-4.86173
-4.87244
-4.89408
-4.9154
-4.9273
-4.92398
-4.90932
-4.88774
-4.86374
-4.84109
-4.82014
-4.80376
-4.79064
-4.7842
-4.78566
-4.79794
-4.82135
-4.84905
-4.87798
-4.90267
-4.92171
-4.93316
-4.93991
-4.94234
-4.94406
-4.94276
-4.93683
-4.9273
-4.9154
-4.90501
-4.90074
-4.90542
-4.92387
-4.95154
-4.98461
-5.01873
-5.04761
-5.0671
-5.07709
-5.0758
-5.06389
-5.04325
-5.01729
-4.98825
-4.96259
-4.94602
-4.9389
-4.93835
-4.94437
-4.95338
-4.9635
-4.97323
-4.98254
-4.99302
-5.00239
-5.00942
-5.01346
-5.0111
-4.99928
-4.98063
-4.95592
-4.92855
-4.90505
-4.8881
-4.88188
-4.88614
-4.89867
-4.91755
-4.93994
-4.96852
-5.00067
-5.03243
-5.06256
-5.08686
-5.10227
-5.11025
-5.10935
-5.10151
-5.08862
-5.07155
-5.05289
-5.03366
-5.01741
-5.00372
-4.99403
-4.98509
-4.97453
-4.96201
-4.94417
-4.92292
-4.90267
-4.88777
-4.87997
-4.88066
-4.88805
-4.90032
-4.91327
-4.92483
-4.9339
-4.93797
-4.93671
-4.93123
-4.92191
-4.9105
-4.89697
-4.88665
-4.87909
-4.87694
-4.88151
-4.89362
-4.91118
-4.93113
-4.95264
-4.97358
-4.99097
-5.00316
-5.00954
-5.0101
-5.00743
-5.00488
-5.0047
-5.00992
-5.01845
-5.03097
-5.04557
-5.06182
-5.07639
-5.08929
-5.10035
-5.10979
-5.11934
-5.1275
-5.13668
-5.14497
-5.14786
-5.14662
-5.13901
-5.12662
-5.11472
-5.10773
-5.10783
-5.1153
-5.126
-5.13862
-5.14681
-5.14904
-5.14627
-5.13815
-5.12893
-5.11988
-5.11055
-5.10305
-5.09152
-5.07619
-5.05515
-5.03551
-5.01756
-5.00235
-4.9882
-4.97407
-4.95962
-4.94819
-4.94097
-4.93981
-4.94732
-4.96645
-4.99211
-5.02117
-5.04619
-5.06663
-5.08146
-5.09207
-5.09866
-5.10167
-5.10236
-5.09891
-5.09062
-5.07821
-5.05872
-5.0326
-5.00069
-4.96791
-4.93771
-4.91744
-4.91215
-4.91905
-4.93114
-4.94557
-4.95735
-4.97038
-4.98275
-4.99607
-5.00811
-5.02276
-5.03925
-5.06311
-5.09
-5.11693
-5.14077
-5.15989
-5.17085
-5.17293
-5.16497
-5.14788
-5.12586
-5.10093
-5.0791
-5.06409
-5.05573
-5.05378
-5.05482
-5.05522
-5.05334
-5.04644
-5.03366
-5.01659
-4.99777
-4.97915
-4.96449
-4.95532
-4.9501
-4.95241
-4.95657
-4.96114
-4.96221
-4.95948
-4.95313
-4.94535
-4.93745
-4.9357
-4.94209
-4.95639
-4.97816
-5.00427
-5.02802
-5.04566
-5.05416
-5.05426
-5.0493
-5.04122
-5.0337
-5.02564
-5.015
-5.00134
-4.98638
-4.97179
-4.96104
-4.95321
-4.94912
-4.95044
-4.95314
-4.96127
-4.97247
-4.98425
-4.99723
-5.00978
-5.01785
-5.02367
-5.02341
-5.01618
-5.00174
-4.98545
-4.97324
-4.96848
-4.9723
-4.9818
-4.9943
-5.00503
-5.00901
-5.00491
-4.99378
-4.97982
-4.96628
-4.95856
-4.95847
-4.96544
-4.97601
-4.98576
-4.98883
-4.98684
-4.97873
-4.96648
-4.95208
-4.94384
-4.94988
-4.97324
-5.00408
-5.03531
-5.0586
-5.07339
-5.07851
-5.07618
-5.06529
-5.04826
-5.02438
-4.99633
-4.96844
-4.94142
-4.91969
-4.90216
-4.88597
-4.87418
-4.86858
-4.87043
-4.8827
-4.90329
-4.92931
-4.95617
-4.97981
-4.99595
-5.00576
-5.00785
-5.0036
-4.99202
-4.97708
-4.96167
-4.9497
-4.94536
-4.94867
-4.95627
-4.96405
-4.96769
-4.96463
-4.95762
-4.94876
-4.94224
-4.93718
-4.93905
-4.94439
-4.95441
-4.96568
-4.97581
-4.98015
-4.97814
-4.96883
-4.95202
-4.93165
-4.90962
-4.8928
-4.88274
-4.88237
-4.88911
-4.90068
-4.91507
-4.92973
-4.94116
-4.94992
-4.96039
-4.96945
-4.97838
-4.9877
-4.99825
-5.0118
-5.02942
-5.05119
-5.07547
-5.09945
-5.12068
-5.13321
-5.13242
-5.11821
-5.09002
-5.05206
-5.01147
-4.97723
-4.95385
-4.94353
-4.94613
-4.95711
-4.97306
-4.98823
-4.99955
-5.00905
-5.01394
-5.01572
-5.01374
-5.00836
-4.99874
-4.98264
-4.96345
-4.94584
-4.93538
-4.93794
-4.95369
-4.9759
-4.99742
-5.01667
-5.03033
-5.03966
-5.04398
-5.04375
-5.03725
-5.02322
-5.00292
-4.98128
-4.96214
-4.94796
-4.94276
-4.9485
-4.96158
-4.98101
-5.00304
-5.02407
-5.04336
-5.05958
-5.07184
-5.0791
-5.08131
-5.07752
-5.06423
-5.04586
-5.02048
-4.99197
-4.96246
-4.93381
-4.90926
-4.8918
-4.88291
-4.88225
-4.88869
-4.89895
-4.91028
-4.92028
-4.92743
-4.92901
-4.92586
-4.91808
-4.90549
-4.89341
-4.88496
-4.87976
-4.87992
-4.88456
-4.89302
-4.90426
-4.91855
-4.9369
-4.9604
-4.98731
-5.01796
-5.04957
-5.07933
-5.10185
-5.11558
-5.11839
-5.11229
-5.09863
-5.07972
-5.0564
-5.02649
-4.99521
-4.96736
-4.94889
-4.94313
-4.9499
-4.96777
-4.99411
-5.02197
-5.04881
-5.06925
-5.08351
-5.08817
-5.08678
-5.08067
-5.0744
-5.06891
-5.06206
-5.05746
-5.05067
-5.04145
-5.02889
-5.01249
-4.98979
-4.96289
-4.93375
-4.90424
-4.87667
-4.85456
-4.84033
-4.83369
-4.83658
-4.84977
-4.86961
-4.89289
-4.91349
-4.92712
-4.93124
-4.92702
-4.91446
-4.89732
-4.8782
-4.85993
-4.84354
-4.83182
-4.82426
-4.82376
-4.82936
-4.83948
-4.85606
-4.87821
-4.90439
-4.93634
-4.97172
-5.00822
-5.04357
-5.07577
-5.1013
-5.11723
-5.12563
-5.12576
-5.11868
-5.10631
-5.09229
-5.08024
-5.07275
-5.06879
-5.07024
-5.07131
-5.06739
-5.0552
-5.03461
-5.01
-4.98665
-4.96798
-4.96046
-4.96229
-4.97164
-4.98795
-5.00789
-5.02768
-5.0429
-5.05375
-5.05757
-5.05347
-5.04354
-5.03194
-5.01985
-5.01328
-5.01262
-5.01827
-5.0292
-5.04436
-5.06122
-5.0788
-5.09874
-5.11795
-5.1347
-5.14647
-5.15333
-5.15541
-5.15341
-5.14812
-5.13951
-5.12531
-5.10262
-5.06985
-5.0279
-4.98235
-4.93943
-4.90925
-4.89744
-4.90527
-4.93135
-4.96835
-5.01008
-5.05129
-5.08648
-5.11458
-5.13315
-5.14486
-5.14948
-5.14915
-5.14547
-5.13843
-5.12991
-5.11784
-5.10317
-5.08621
-5.06977
-5.05797
-5.05093
-5.04957
-5.05374
-5.06141
-5.07181
-5.08468
-5.09711
-5.11038
-5.12376
-5.13445
-5.14264
-5.1445
-5.14183
-5.13182
-5.1168
-5.10009
-5.08552
-5.07555
-5.07163
-5.07418
-5.07998
-5.08727
-5.0928
-5.09464
-5.0919
-5.08367
-5.07176
-5.05652
-5.0403
-5.02561
-5.01347
-5.00653
-5.00503
-5.00836
-5.01543
-5.02331
-5.03194
-5.03578
-5.03358
-5.02436
-5.00921
-4.98778
-4.9609
-4.9334
-4.90882
-4.89106
-4.88294
-4.88428
-4.89369
-4.90788
-4.92493
-4.94178
-4.9588
-4.97589
-4.99321
-5.01173
-5.03192
-5.05304
-5.07332
-5.08879
-5.09893
-5.10133
-5.09568
-5.08296
-5.06627
-5.0479
-5.02962
-5.01582
-5.00727
-5.00472
-5.00863
-5.01774
-5.02915
-5.04105
-5.05236
-5.05826
-5.05863
-5.05246
-5.04132
-5.02575
-5.01018
-4.99468
-4.98057
-4.96947
-4.96505
-4.96274
-4.96698
-4.97649
-4.99173
-5.00974
-5.02796
-5.04418
-5.05391
-5.05666
-5.05357
-5.04453
-5.02887
-5.00993
-4.98749
-4.96712
-4.9507
-4.93808
-4.9306
-4.92694
-4.92532
-4.92519
-4.92587
-4.92743
-4.93126
-4.93793
-4.9473
-4.9577
-4.96763
-4.97322
-4.9745
-4.9727
-4.96785
-4.96133
-4.95324
-4.94803
-4.94653
-4.95304
-4.96954
-4.99371
-5.0217
-5.04956
-5.07323
-5.08944
-5.0975
-5.09802
-5.09079
-5.07928
-5.06354
-5.04316
-5.01977
-4.99525
-4.97077
-4.95108
-4.93776
-4.93654
-4.9495
-4.97631
-5.01058
-5.04632
-5.0779
-5.10258
-5.12104
-5.13031
-5.13236
-5.12602
-5.11195
-5.09297
-5.07053
-5.0473
-5.02538
-5.00585
-4.98781
-4.97122
-4.95396
-4.93802
-4.92333
-4.9108
-4.90476
-4.90528
-4.91322
-4.92416
-4.93721
-4.94703
-4.95295
-4.95476
-4.9521
-4.94727
-4.94065
-4.93419
-4.93015
-4.92999
-4.93301
-4.93725
-4.94046
-4.94009
-4.93764
-4.93299
-4.92787
-4.92263
-4.91966
-4.91764
-4.91591
-4.91614
-4.91519
-4.91518
-4.91265
-4.91169
-4.91352
-4.9236
-4.94461
-4.9746
-5.01055
-5.04816
-5.08409
-5.11386
-5.13841
-5.15764
-5.17093
-5.1795
-5.18253
-5.18051
-5.17471
-5.16538
-5.1522
-5.13652
-5.11575
-5.09158
-5.0671
-5.03919
-5.01311
-4.99156
-4.97354
-4.96371
-4.95871
-4.96057
-4.96756
-4.97717
-4.98718
-4.99673
-5.00481
-5.01054
-5.01383
-5.01401
-5.01098
-5.00637
-5.00073
-4.99806
-4.99937
-5.01107
-5.02938
-5.05407
-5.07551
-5.09085
-5.09414
-5.08437
-5.06521
-5.03716
-5.00539
-4.97485
-4.95105
-4.9355
-4.9309
-4.93643
-4.95008
-4.97011
-4.99229
-5.01658
-5.0395
-5.06014
-5.07878
-5.09324
-5.10171
-5.09909
-5.08395
-5.05746
-5.0239
-4.99011
-4.96018
-4.93748
-4.92044
-4.90726
-4.89999
-4.90155
-4.91491
-4.93904
-4.97462
-5.01689
-5.06033
-5.09803
-5.129
-5.15097
-5.16243
-5.16346
-5.15491
-5.1387
-5.11695
-5.09345
-5.07125
-5.0519
-5.03563
-5.02157
-5.00962
-5.00328
-5.0018
-5.00812
-5.0254
-5.05642
-5.09958
-5.14551
-5.18586
-5.21272
-5.22715
-5.22535
-5.2124
-5.18985
-5.16124
-5.12882
-5.09577
-5.06377
-5.03217
-5.0022
-4.97393
-4.94836
-4.92635
-4.91229
-4.90872
-4.91727
-4.93796
-4.96758
-4.99889
-5.02694
-5.04888
-5.06006
-5.06133
-5.05164
-5.03034
-4.99997
-4.96282
-4.92312
-4.88271
-4.84621
-4.81803
-4.79898
-4.79065
-4.79624
-4.81491
-4.8409
-4.86896
-4.89078
-4.90566
-4.91279
-4.91278
-4.90979
-4.90782
-4.91447
-4.93181
-4.95851
-4.99013
-5.0218
-5.04949
-5.07101
-5.08678
-5.0947
-5.09836
-5.09836
-5.09237
-5.08198
-5.06733
-5.04727
-5.02524
-5.00347
-4.98368
-4.97109
-4.96675
-4.97028
-4.98337
-5.00002
-5.01867
-5.03673
-5.04839
-5.05446
-5.05546
-5.05662
-5.05726
-5.06094
-5.06706
-5.07382
-5.08051
-5.08758
-5.09418
-5.10005
-5.10809
-5.1187
-5.13101
-5.145
-5.15793
-5.16968
-5.17728
-5.18092
-5.177
-5.17114
-5.16135
-5.1485
-5.13451
-5.11701
-5.09674
-5.07959
-5.07046
-5.07074
-5.07691
-5.08398
-5.0906
-5.09262
-5.09332
-5.09042
-5.08358
-5.07056
-5.05131
-5.0274
-5.00196
-4.97951
-4.96112
-4.94671
-4.93447
-4.92471
-4.91849
-4.91992
-4.92828
-4.94531
-4.96904
-5.00027
-5.03278
-5.064
-5.08986
-5.10744
-5.11536
-5.11371
-5.1006
-5.07814
-5.05046
-5.01948
-4.98882
-4.96169
-4.94155
-4.92412
-4.90761
-4.88928
-4.86824
-4.84872
-4.83445
-4.8319
-4.84223
-4.86249
-4.886
-4.90976
-4.93036
-4.94971
-4.96769
-4.9849
-4.99798
-5.00666
-5.0099
-5.0056
-4.99591
-4.98212
-4.96742
-4.95495
-4.94647
-4.94077
-4.93888
-4.94079
-4.94395
-4.94952
-4.9536
-4.95902
-4.96237
-4.96641
-4.97126
-4.97447
-4.97638
-4.97836
-4.97922
-4.98301
-4.9875
-4.99198
-4.997
-5.00291
-5.01013
-5.01558
-5.01737
-5.01501
-5.01068
-5.00471
-4.99864
-4.99458
-4.99165
-4.99056
-4.9898
-4.98974
-4.99096
-4.99411
-4.99713
-4.99933
-4.99911
-4.99668
-4.99129
-4.98425
-4.97823
-4.97227
-4.96784
-4.96499
-4.96419
-4.96164
-4.95479
-4.94269
-4.92463
-4.90396
-4.88478
-4.87133
-4.86832
-4.87513
-4.88921
-4.90863
-4.92949
-4.94741
-4.95781
-4.95896
-4.95136
-4.93927
-4.92243
-4.90838
-4.8983
-4.89375
-4.89502
-4.89934
-4.90152
-4.90008
-4.89595
-4.89382
-4.89804
-4.9166
-4.95003
-4.99281
-5.04065
-5.08589
-5.12183
-5.14682
-5.15696
-5.15292
-5.13677
-5.11303
-5.08523
-5.05942
-5.03701
-5.02233
-5.01655
-5.01654
-5.02114
-5.02777
-5.03359
-5.03676
-5.03509
-5.02876
-5.02034
-5.01289
-5.00746
-5.00523
-5.00618
-5.01001
-5.01675
-5.02393
-5.02931
-5.03002
-5.02682
-5.01825
-5.00503
-4.98936
-4.97101
-4.95299
-4.93923
-4.92887
-4.92429
-4.92595
-4.93204
-4.94186
-4.95131
-4.96031
-4.96775
-4.97625
-4.98309
-4.99344
-5.0076
-5.02558
-5.0449
-5.06453
-5.07992
-5.09147
-5.09556
-5.09024
-5.07757
-5.05734
-5.03088
-5.00282
-4.98095
-4.96905
-4.97026
-4.98272
-4.99985
-5.01641
-5.03244
-5.04614
-5.05522
-5.06286
-5.0631
-5.05649
-5.04192
-5.021
-4.99665
-4.97614
-4.9613
-4.95589
-4.95947
-4.96915
-4.98531
-5.00584
-5.02844
-5.05232
-5.07585
-5.09729
-5.11545
-5.13062
-5.13974
-5.14327
-5.1414
-5.13405
-5.12184
-5.10767
-5.09306
-5.08027
-5.07281
-5.07051
-5.07338
-5.07838
-5.08398
-5.08688
-5.08486
-5.0786
-5.06743
-5.05365
-5.04018
-5.03164
-5.0328
-5.04658
-5.06913
-5.09621
-5.11955
-5.13749
-5.14812
-5.15027
-5.14302
-5.12874
-5.10655
-5.07677
-5.0447
-5.0119
-4.98165
-4.95211
-4.92839
-4.91427
-4.91096
-4.92114
-4.93932
-4.96364
-4.9879
-5.01161
-5.03204
-5.04735
-5.05983
-5.06748
-5.07051
-5.07127
-5.07013
-5.06833
-5.06456
-5.06165
-5.05601
-5.04685
-5.03676
-5.0245
-5.01101
-5.00205
-4.99816
-4.99645
-4.99769
-4.99932
-4.99954
-4.99592
-4.99074
-4.98509
-4.97937
-4.97337
-4.97078
-4.97
-4.97234
-4.97739
-4.98638
-4.99691
-5.0075
-5.0208
-5.03257
-5.04212
-5.05052
-5.05481
-5.05602
-5.05584
-5.05148
-5.04659
-5.04105
-5.03577
-5.03123
-5.0282
-5.02644
-5.02586
-5.02496
-5.02723
-5.0313
-5.03944
-5.05195
-5.06833
-5.08903
-5.1101
-5.13023
-5.14624
-5.1536
-5.15382
-5.14571
-5.12685
-5.10033
-5.06846
-5.03586
-5.00645
-4.98411
-4.97239
-4.97334
-4.98532
-5.00586
-5.03465
-5.06713
-5.09907
-5.12607
-5.14612
-5.15859
-5.16329
-5.16069
-5.15424
-5.14569
-5.13694
-5.13031
-5.12119
-5.11352
-5.10364
-5.09398
-5.08585
-5.08113
-5.07865
-5.07856
-5.07436
-5.06342
-5.04503
-5.0208
-4.9941
-4.96938
-4.94763
-4.93163
-4.92101
-4.91615
-4.9174
-4.92474
-4.93727
-4.95148
-4.96726
-4.98311
-4.99734
-5.01247
-5.02826
-5.04554
-5.06214
-5.07506
-5.08046
-5.07631
-5.06208
-5.03926
-5.00991
-4.9778
-4.94814
-4.92373
-4.91079
-4.91422
-4.93245
-4.96256
-4.99801
-5.03412
-5.06663
-5.09047
-5.10732
-5.1147
-5.11513
-5.11038
-5.10344
-5.09447
-5.08411
-5.07402
-5.06091
-5.0416
-5.01561
-4.98406
-4.94766
-4.90911
-4.87901
-4.86032
-4.85768
-4.86942
-4.88955
-4.91342
-4.93719
-4.95648
-4.97028
-4.97748
-4.97554
-4.96815
-4.95882
-4.95285
-4.95527
-4.97001
-4.99358
-5.02057
-5.04506
-5.0622
-5.07149
-5.07346
-5.07335
-5.07506
-5.0822
-5.09315
-5.10488
-5.11414
-5.11819
-5.11323
-5.10025
-5.07681
-5.04994
-5.02033
-4.99269
-4.97218
-4.96015
-4.95659
-4.95942
-4.96591
-4.97193
-4.97468
-4.97332
-4.96697
-4.95555
-4.93757
-4.91355
-4.88701
-4.86059
-4.83939
-4.82681
-4.82755
-4.84179
-4.86938
-4.90593
-4.94762
-4.99106
-5.0312
-5.06472
-5.08819
-5.10349
-5.1085
-5.10412
-5.09294
-5.07248
-5.04594
-5.01293
-4.97621
-4.93631
-4.89691
-4.8619
-4.83467
-4.82216
-4.8215
-4.83205
-4.85109
-4.87548
-4.90196
-4.92639
-4.95003
-4.9711
-4.99322
-5.01558
-5.03748
-5.05772
-5.07235
-5.07936
-5.07957
-5.07195
-5.05781
-5.03818
-5.01482
-4.98679
-4.95629
-4.92383
-4.89746
-4.87975
-4.87644
-4.89088
-4.91932
-4.95401
-4.9896
-5.01845
-5.03743
-5.04475
-5.04087
-5.02728
-5.00938
-4.9889
-4.97212
-4.96254
-4.96066
-4.96795
-4.98122
-4.99816
-5.01694
-5.03538
-5.0497
-5.05821
-5.06041
-5.05499
-5.04531
-5.03268
-5.0213
-5.01529
-5.01571
-5.02152
-5.03047
-5.04067
-5.04597
-5.04805
-5.04496
-5.03803
-5.02928
-5.02114
-5.01323
-5.00453
-4.99644
-4.98814
-4.97869
-4.97124
-4.96542
-4.96143
-4.95943
-4.95456
-4.94988
-4.94179
-4.93192
-4.91869
-4.90624
-4.89513
-4.88636
-4.88048
-4.88088
-4.88488
-4.8936
-4.91154
-4.93536
-4.96363
-4.99187
-5.01475
-5.0284
-5.02936
-5.01558
-4.9886
-4.95709
-4.93057
-4.91363
-4.90346
-4.89395
-4.88577
-4.88396
-4.89018
-4.90376
-4.92001
-4.93594
-4.95037
-4.96367
-4.97427
-4.98081
-4.98109
-4.97657
-4.96459
-4.95034
-4.93789
-4.92807
-4.92372
-4.9244
-4.93178
-4.94399
-4.96011
-4.97818
-4.9952
-5.01238
-5.02705
-5.03621
-5.03919
-5.03394
-5.02032
-5.00044
-4.97503
-4.94833
-4.9216
-4.89957
-4.88316
-4.87322
-4.87042
-4.87227
-4.87658
-4.88294
-4.88788
-4.89222
-4.89308
-4.89358
-4.89115
-4.88906
-4.88751
-4.88483
-4.88227
-4.8795
-4.8739
-4.86821
-4.86179
-4.8573
-4.85919
-4.867
-4.88009
-4.89865
-4.9207
-4.9407
-4.95604
-4.96146
-4.9554
-4.93992
-4.91689
-4.89137
-4.87091
-4.86245
-4.86683
-4.88599
-4.91674
-4.95239
-4.99199
-5.03177
-5.07158
-5.10878
-5.1407
-5.16651
-5.18417
-5.19137
-5.1904
-5.17829
-5.1581
-5.12835
-5.0912
-5.04756
-5.00233
-4.95876
-4.92086
-4.89223
-4.87335
-4.86283
-4.85989
-4.86095
-4.86178
-4.86028
-4.85645
-4.85271
-4.85011
-4.8468
-4.84445
-4.84428
-4.85084
-4.86614
-4.89306
-4.92854
-4.96828
-5.00575
-5.03382
-5.05036
-5.0555
-5.05134
-5.04014
-5.02358
-5.00265
-4.97795
-4.95294
-4.93258
-4.91898
-4.91566
-4.9248
-4.94234
-4.96312
-4.98133
-4.99663
-5.01091
-5.02524
-5.0415
-5.05572
-5.06553
-5.06698
-5.06097
-5.04902
-5.036
-5.02714
-5.02686
-5.03155
-5.03619
-5.03997
-5.03859
-5.03249
-5.02424
-5.01502
-5.00341
-4.99434
-4.98688
-4.98032
-4.97436
-4.97003
-4.96493
-4.96025
-4.95889
-4.96241
-4.96771
-4.97711
-4.98626
-4.99527
-5.00173
-5.00539
-5.00272
-4.99076
-4.97081
-4.94473
-4.91465
-4.88723
-4.86675
-4.85509
-4.85383
-4.86343
-4.88512
-4.91794
-4.95985
-5.0015
-5.04089
-5.07092
-5.08959
-5.09643
-5.09205
-5.08361
-5.0742
-5.0667
-5.06647
-5.07309
-5.08445
-5.09804
-5.11246
-5.12621
-5.13845
-5.14787
-5.15177
-5.14978
-5.13899
-5.12203
-5.09882
-5.07017
-5.03893
-5.00773
-4.97662
-4.949
-4.92538
-4.90231
-4.87976
-4.86001
-4.84065
-4.82277
-4.81045
-4.80723
-4.81538
-4.83487
-4.86153
-4.88731
-4.90475
-4.91146
-4.90827
-4.90032
-4.89254
-4.88777
-4.88633
-4.88912
-4.8971
-4.90899
-4.92426
-4.93702
-4.94367
-4.94156
-4.93525
-4.93154
-4.93207
-4.93911
-4.95116
-4.96938
-4.9914
-5.0166
-5.04318
-5.0675
-5.08626
-5.1011
-5.11206
-5.11862
-5.12205
-5.12165
-5.11713
-5.10522
-5.08926
-5.07006
-5.04873
-5.03187
-5.01718
-5.00814
-5.0019
-5.00018
-5.00106
-5.00284
-5.00532
-5.00479
-5.00089
-4.99635
-4.99385
-4.99357
-4.99564
-4.99739
-4.99711
-4.99465
-4.99198
-4.98787
-4.98451
-4.98282
-4.98235
-4.98304
-4.9833
-4.98071
-4.97461
-4.96488
-4.95419
-4.94326
-4.93328
-4.927
-4.92456
-4.92742
-4.93622
-4.95001
-4.96903
-4.98887
-5.00594
-5.01763
-5.02355
-5.02573
-5.02678
-5.0314
-5.04289
-5.06153
-5.08568
-5.10944
-5.13124
-5.1472
-5.15817
-5.16483
-5.1654
-5.1625
-5.15604
-5.14448
-5.1286
-5.10697
-5.08292
-5.05933
-5.0393
-5.02848
-5.02873
-5.03442
-5.04024
-5.04054
-5.03026
-5.00881
-4.97646
-4.93567
-4.88854
-4.84096
-4.80068
-4.77568
-4.77253
-4.79067
-4.82138
-4.85527
-4.88469
-4.90536
-4.91673
-4.92258
-4.92423
-4.92375
-4.92185
-4.92315
-4.92926
-4.94039
-4.95359
-4.96638
-4.97655
-4.98543
-4.99209
-4.99639
-5.00037
-5.00276
-5.00561
-5.00746
-5.01006
-5.01385
-5.01881
-5.02274
-5.02498
-5.02246
-5.01343
-4.99846
-4.97831
-4.95484
-4.93376
-4.91738
-4.91065
-4.91227
-4.9216
-4.93555
-4.94945
-4.9613
-4.97136
-4.98177
-4.99212
-4.99811
-4.99927
-4.99626
-4.99477
-4.99698
-5.00328
-5.01133
-5.02013
-5.0313
-5.04633
-5.06349
-5.08278
-5.09882
-5.10993
-5.11441
-5.11258
-5.1055
-5.09536
-5.08459
-5.07359
-5.066
-5.06028
-5.05664
-5.05907
-5.06701
-5.08037
-5.09728
-5.11474
-5.12717
-5.133
-5.12958
-5.11476
-5.08907
-5.05275
-5.01118
-4.97048
-4.93881
-4.9167
-4.90663
-4.90659
-4.90929
-4.9121
-4.91142
-4.9072
-4.90197
-4.89702
-4.89559
-4.90149
-4.91146
-4.92616
-4.94173
-4.9518
-4.9558
-4.95292
-4.94699
-4.93905
-4.93366
-4.92878
-4.92531
-4.92211
-4.91847
-4.91733
-4.91526
-4.91412
-4.91347
-4.91377
-4.91485
-4.91988
-4.92663
-4.93469
-4.9438
-4.95182
-4.95653
-4.9599
-4.9584
-4.95436
-4.94748
-4.94034
-4.93575
-4.93161
-4.93459
-4.94263
-4.9541
-4.96779
-4.98152
-4.99427
-5.00443
-5.01311
-5.02281
-5.0297
-5.03465
-5.0339
-5.02212
-4.99984
-4.97231
-4.94807
-4.93365
-4.92917
-4.92955
-4.928
-4.92243
-4.91231
-4.89798
-4.88384
-4.87265
-4.86694
-4.86838
-4.87833
-4.89415
-4.91237
-4.93111
-4.94805
-4.95946
-4.96542
-4.96884
-4.96908
-4.96991
-4.96802
-4.96131
-4.94857
-4.92898
-4.90785
-4.88498
-4.86202
-4.84038
-4.82139
-4.80859
-4.80438
-4.81199
-4.83372
-4.86283
-4.89449
-4.92405
-4.94873
-4.96648
-4.97619
-4.97928
-4.97805
-4.97417
-4.97219
-4.97555
-4.98268
-4.99384
-5.00443
-5.0095
-5.00965
-5.00514
-5.00224
-5.00197
-5.00808
-5.01853
-5.02526
-5.02831
-5.02879
-5.02258
-5.01486
-5.00277
-4.98827
-4.97128
-4.95185
-4.93121
-4.90942
-4.88846
-4.86963
-4.8588
-4.86017
-4.87798
-4.90768
-4.94042
-4.96874
-4.99446
-5.01791
-5.03837
-5.06124
-5.08329
-5.10747
-5.13022
-5.14799
-5.15246
-5.14216
-5.11913
-5.08627
-5.05125
-5.01914
-4.99863
-4.98884
-4.9875
-4.98779
-4.98449
-4.97665
-4.96032
-4.9345
-4.90379
-4.86812
-4.832
-4.80011
-4.77371
-4.75761
-4.75298
-4.76026
-4.7768
-4.79966
-4.82634
-4.85163
-4.87412
-4.88881
-4.89658
-4.89336
-4.88119
-4.86433
-4.84839
-4.83714
-4.83581
-4.8446
-4.86345
-4.89033
