1.2
1.2
1.20001
1.20002
1.20003
1.20005
1.20007
1.2001
1.20013
1.20017
1.20021
1.20025
1.2003
1.20035
1.20041
1.20047
1.20054
1.20061
1.20068
1.20076
1.20085
1.20094
1.20103
1.20113
1.20123
1.20134
1.20146
1.20158
1.20171
1.20184
1.20198
1.20212
1.20227
1.20243
1.20259
1.20276
1.20293
1.20311
1.2033
1.2035
1.2037
1.20391
1.20413
1.20435
1.20458
1.20483
1.20508
1.20534
1.20561
1.20589
1.20617
1.20647
1.20678
1.20711
1.20744
1.20778
1.20814
1.20851
1.2089
1.2093
1.20971
1.21014
1.21059
1.21105
1.21153
1.21203
1.21255
1.2131
1.21366
1.21424
1.21485
1.21549
1.21615
1.21684
1.21756
1.21832
1.2191
1.21992
1.22078
1.22168
1.22262
1.2236
1.22463
1.22571
1.22684
1.22802
1.22926
1.23057
1.23194
1.23337
1.23487
1.23645
1.2381
1.23982
1.24163
1.24351
1.24546
1.24748
1.24956
1.2517
1.20011
1.20223
1.20434
1.20638
1.20829
1.21002
1.21146
1.21252
1.21308
1.21301
1.21223
1.21067
1.20837
1.20552
1.20245
1.19966
1.1977
1.19707
1.19804
1.2006
1.20448
1.20918
1.21417
1.21889
1.2229
1.2259
1.22787
1.22902
1.22983
1.23093
1.23292
1.23617
1.24069
1.24608
1.25174
1.25704
1.26145
1.26468
1.26661
1.26731
1.26698
1.2659
1.26438
1.2627
1.26107
1.2596
1.25831
1.25715
1.25606
1.25497
1.25383
1.25256
1.25114
1.24965
1.24832
1.24752
1.24768
1.24911
1.25193
1.256
1.26102
1.2666
1.2723
1.27774
1.28257
1.28655
1.28951
1.2914
1.29226
1.29223
1.29152
1.29041
1.28918
1.28814
1.28753
1.28752
1.28821
1.28956
1.29146
1.29373
1.29616
1.29856
1.30075
1.30262
1.30412
1.30525
1.30608
1.30668
1.30716
1.30759
1.30801
1.30842
1.30881
1.30916
1.30947
1.30976
1.31005
1.31039
1.3108
1.31129
1.20003
1.2006
1.2012
1.20181
1.2024
1.20299
1.20361
1.2043
1.20508
1.206
1.20706
1.20828
1.20963
1.21109
1.2126
1.21412
1.21559
1.21694
1.21813
1.2191
1.21981
1.22021
1.22027
1.21999
1.21936
1.21843
1.21727
1.216
1.21475
1.21366
1.21283
1.21232
1.21209
1.21202
1.21195
1.21168
1.21106
1.20995
1.20832
1.20623
1.20389
1.20163
1.19989
1.19914
1.19977
1.20192
1.20549
1.21007
1.21511
1.22004
1.22431
1.2275
1.22926
1.22937
1.22768
1.22428
1.21957
1.21438
1.20991
1.20745
1.20779
1.21094
1.21605
1.22193
1.22744
1.23172
1.23424
1.23474
1.23312
1.2294
1.22378
1.21661
1.20851
1.20032
1.19308
1.1878
1.18529
1.18587
1.18937
1.19508
1.20207
1.20936
1.21615
1.22194
1.22651
1.22988
1.23222
1.23374
1.23468
1.23525
1.2356
1.23583
1.236
1.23613
1.23624
1.23634
1.23644
1.23655
1.23669
1.23689
1.20002
1.20037
1.20082
1.20136
1.20197
1.20264
1.2033
1.20392
1.20442
1.20471
1.20471
1.2043
1.20336
1.20175
1.19937
1.19612
1.192
1.18715
1.18192
1.17685
1.17259
1.16973
1.16858
1.16904
1.17067
1.17293
1.1753
1.17745
1.17922
1.18059
1.1816
1.18232
1.18282
1.18316
1.18335
1.18341
1.18334
1.18314
1.18279
1.18234
1.18181
1.18128
1.18086
1.18068
1.18086
1.18146
1.18248
1.18386
1.18545
1.18706
1.18852
1.18968
1.19045
1.19077
1.19063
1.19008
1.18917
1.18798
1.18661
1.18516
1.18374
1.18245
1.18134
1.18047
1.17985
1.17949
1.17935
1.17941
1.17962
1.17998
1.18044
1.181
1.18166
1.1824
1.18321
1.18407
1.18493
1.18575
1.18644
1.18692
1.18706
1.18674
1.18581
1.18412
1.18158
1.17816
1.17396
1.16924
1.16443
1.16005
1.15656
1.15429
1.15334
1.15367
1.15512
1.15752
1.1606
1.16408
1.16767
1.17111
1.20015
1.20296
1.20542
1.20761
1.20957
1.21127
1.21263
1.2135
1.21377
1.21331
1.21212
1.21029
1.20803
1.20567
1.20351
1.20181
1.20064
1.19986
1.19921
1.19844
1.19735
1.19591
1.19421
1.19246
1.19087
1.18959
1.18872
1.18825
1.18814
1.18831
1.1887
1.18928
1.19001
1.19089
1.19189
1.19298
1.19411
1.19525
1.19637
1.19743
1.19843
1.19935
1.20019
1.20093
1.20159
1.20215
1.20263
1.20303
1.20335
1.2036
1.20378
1.20391
1.20398
1.20401
1.20401
1.20397
1.20391
1.20382
1.20371
1.20359
1.20344
1.20326
1.20306
1.20281
1.20251
1.20214
1.20169
1.20116
1.20052
1.1998
1.19901
1.19818
1.19737
1.19667
1.19613
1.19585
1.19587
1.19622
1.19686
1.19775
1.19878
1.19987
1.2009
1.2018
1.2025
1.20295
1.20313
1.20301
1.20259
1.20185
1.20078
1.19937
1.19761
1.19552
1.19313
1.19052
1.1878
1.18515
1.1828
1.18098
1.19997
1.1998
1.20062
1.20238
1.20499
1.20826
1.21195
1.21581
1.21959
1.22306
1.22601
1.2283
1.22983
1.23057
1.23055
1.22985
1.22862
1.22704
1.22532
1.2236
1.22197
1.22047
1.21908
1.21781
1.21676
1.21612
1.21609
1.21682
1.21829
1.22034
1.2227
1.22507
1.22727
1.22919
1.23083
1.23225
1.23351
1.23467
1.23572
1.23666
1.23743
1.23797
1.23822
1.23814
1.23771
1.23695
1.23595
1.23484
1.23379
1.23296
1.23251
1.23252
1.23296
1.23375
1.23472
1.23569
1.2365
1.23703
1.23718
1.23692
1.23626
1.23526
1.23404
1.23272
1.23149
1.23053
1.22997
1.2299
1.23033
1.23121
1.23243
1.23383
1.23524
1.23648
1.23735
1.23768
1.23732
1.23619
1.23431
1.23185
1.22908
1.22638
1.22415
1.22276
1.22242
1.2231
1.22455
1.22637
1.22811
1.22943
1.23013
1.23021
1.22985
1.22934
1.22894
1.22881
1.22886
1.2288
1.22816
1.22653
1.19983
1.19592
1.19151
1.18747
1.1847
1.18381
1.18489
1.18757
1.19131
1.19557
1.19988
1.20389
1.20732
1.21003
1.21195
1.21312
1.21362
1.21356
1.21306
1.21223
1.21118
1.21
1.20874
1.20749
1.20629
1.20516
1.20415
1.20327
1.20253
1.20193
1.20146
1.20111
1.20086
1.20069
1.20058
1.20051
1.20045
1.20039
1.20034
1.20028
1.20025
1.20026
1.20036
1.20058
1.20097
1.20156
1.20238
1.20341
1.20466
1.20607
1.20762
1.20923
1.21085
1.21243
1.2139
1.21522
1.21634
1.21724
1.21787
1.21821
1.21826
1.21799
1.21742
1.21659
1.21555
1.21438
1.21322
1.21221
1.21154
1.21138
1.21188
1.21314
1.21516
1.21784
1.22102
1.22444
1.22779
1.23077
1.23307
1.23437
1.23441
1.23292
1.22969
1.22463
1.2178
1.20955
1.20062
1.19216
1.18564
1.18241
1.18322
1.1879
1.19551
1.20473
1.21436
1.22343
1.23126
1.2374
1.24158
1.24372
1.19996
1.19834
1.19527
1.19117
1.1866
1.18221
1.17869
1.17654
1.17595
1.17667
1.17811
1.17953
1.18025
1.17994
1.17866
1.17687
1.17529
1.17469
1.17562
1.17826
1.18249
1.18792
1.19402
1.20023
1.20598
1.21082
1.21441
1.21653
1.21711
1.21611
1.21359
1.20964
1.20437
1.19798
1.19069
1.18278
1.17454
1.16627
1.15817
1.15041
1.14311
1.13643
1.13061
1.12599
1.12292
1.12171
1.12259
1.12565
1.13085
1.13788
1.14621
1.15516
1.16401
1.17219
1.17933
1.18524
1.18988
1.19328
1.19551
1.19665
1.19679
1.19601
1.19439
1.19206
1.18916
1.18585
1.18235
1.17887
1.17564
1.17285
1.17065
1.16908
1.16811
1.16763
1.16749
1.16752
1.16755
1.16748
1.16726
1.16689
1.16642
1.16593
1.16547
1.16509
1.16475
1.16439
1.16393
1.16328
1.1624
1.16129
1.16003
1.15877
1.15767
1.1569
1.15659
1.15678
1.1574
1.15831
1.15931
1.16023
1.20003
1.20035
1.20029
1.19989
1.19925
1.19851
1.19785
1.19743
1.19737
1.19774
1.19855
1.19973
1.20119
1.20281
1.20448
1.20612
1.20764
1.209
1.21015
1.21107
1.21174
1.21212
1.21221
1.21198
1.21141
1.21048
1.20918
1.20755
1.20563
1.20352
1.20134
1.19925
1.19737
1.19581
1.19459
1.19365
1.19287
1.19211
1.19126
1.19027
1.18918
1.18814
1.18734
1.18698
1.18722
1.18814
1.18977
1.19211
1.19516
1.19885
1.20306
1.20757
1.21213
1.21649
1.22046
1.22391
1.22679
1.2291
1.23085
1.2321
1.23287
1.2332
1.2331
1.23258
1.23164
1.23028
1.2285
1.2263
1.2237
1.22075
1.21751
1.21407
1.21058
1.20718
1.20405
1.20139
1.19942
1.19837
1.1985
1.19996
1.20281
1.20688
1.21181
1.21712
1.2223
1.22689
1.23059
1.23323
1.23476
1.23524
1.23477
1.23355
1.23177
1.22964
1.22733
1.22495
1.22254
1.22013
1.21774
1.21541
1.1999
1.19804
1.19662
1.19576
1.19553
1.19597
1.19704
1.19863
1.20053
1.20248
1.20414
1.20516
1.20523
1.20408
1.20161
1.19792
1.1934
1.18873
1.18478
1.1823
1.18166
1.18271
1.18493
1.18771
1.19056
1.19321
1.19558
1.1977
1.19964
1.20146
1.20321
1.20491
1.20656
1.20814
1.20962
1.21097
1.21214
1.21309
1.21377
1.21415
1.21415
1.21373
1.21285
1.21146
1.20961
1.2074
1.20505
1.2029
1.2013
1.20053
1.20068
1.20154
1.20266
1.20343
1.20328
1.2017
1.1984
1.19326
1.18649
1.17854
1.17014
1.16212
1.15526
1.15005
1.14676
1.14537
1.14564
1.14715
1.14938
1.15184
1.15433
1.15703
1.16036
1.16471
1.17014
1.17625
1.18237
1.18791
1.19245
1.19584
1.19814
1.19949
1.20006
1.20002
1.19952
1.19867
1.19756
1.19626
1.19481
1.19324
1.19158
1.18986
1.18808
1.18627
1.18445
1.18263
1.18084
1.17909
1.17739
1.17575
1.19992
1.19831
1.19666
1.1949
1.19298
1.19089
1.18869
1.18655
1.18475
1.18368
1.18366
1.18489
1.18731
1.19064
1.19445
1.19833
1.20194
1.20509
1.20769
1.20975
1.21129
1.2124
1.21314
1.21358
1.21378
1.21378
1.21364
1.21338
1.21304
1.21265
1.21221
1.21174
1.21121
1.21059
1.20981
1.20878
1.20738
1.20548
1.20298
1.19988
1.19631
1.19258
1.18921
1.18676
1.18573
1.18634
1.18848
1.19183
1.19599
1.20057
1.20529
1.20992
1.2143
1.21834
1.222
1.22526
1.22815
1.23071
1.23298
1.23502
1.23684
1.23848
1.23995
1.24125
1.24237
1.24328
1.24396
1.24434
1.2444
1.24407
1.24333
1.24212
1.24047
1.23841
1.23604
1.2335
1.23095
1.22858
1.22651
1.22482
1.22349
1.22245
1.22162
1.22091
1.22031
1.21986
1.21966
1.2198
1.2204
1.22149
1.22304
1.22496
1.2271
1.22931
1.23146
1.23345
1.23524
1.23684
1.23829
1.23966
1.20007
1.20145
1.20292
1.20447
1.20604
1.20757
1.20897
1.21013
1.21099
1.21148
1.21156
1.21123
1.21051
1.20949
1.20828
1.20703
1.20589
1.20505
1.20463
1.20469
1.20525
1.20623
1.20752
1.20897
1.21045
1.21181
1.21293
1.2137
1.214
1.21375
1.21285
1.2112
1.20876
1.20548
1.20141
1.19664
1.19139
1.18603
1.18108
1.17722
1.17511
1.17525
1.1777
1.18201
1.18739
1.19287
1.19762
1.20101
1.20268
1.20248
1.20049
1.19695
1.19234
1.18732
1.18272
1.17937
1.17791
1.1786
1.18121
1.18517
1.18974
1.19429
1.19833
1.2016
1.20398
1.20546
1.20611
1.20605
1.20545
1.20447
1.20328
1.20203
1.20079
1.1996
1.19847
1.1974
1.19638
1.19545
1.19465
1.19406
1.19372
1.19367
1.19388
1.1943
1.19484
1.19543
1.19597
1.19643
1.19679
1.19707
1.19734
1.19766
1.1981
1.19871
1.19953
1.20055
1.20172
1.20298
1.20422
1.20536
1.20004
1.20072
1.20111
1.20119
1.201
1.2006
1.20009
1.19955
1.19904
1.1986
1.1982
1.19774
1.19712
1.19624
1.19511
1.19388
1.19287
1.19254
1.19328
1.1953
1.19845
1.20233
1.20636
1.21002
1.2129
1.21474
1.21541
1.21485
1.21304
1.21004
1.20603
1.20138
1.19672
1.19287
1.19068
1.19058
1.19243
1.1955
1.19883
1.20155
1.20313
1.20339
1.20251
1.20088
1.19904
1.19755
1.19684
1.19713
1.19836
1.2002
1.2022
1.20386
1.20477
1.20464
1.20331
1.20076
1.19711
1.19254
1.18732
1.1818
1.17638
1.17154
1.16784
1.16581
1.16583
1.16798
1.17195
1.17717
1.1829
1.18845
1.19326
1.19704
1.19967
1.20119
1.20177
1.20158
1.20085
1.19975
1.19844
1.19707
1.19571
1.19443
1.19326
1.19221
1.19127
1.1904
1.18955
1.18868
1.18774
1.18672
1.18558
1.18437
1.18312
1.18191
1.18085
1.18004
1.17961
1.17964
1.18018
1.18119
1.20008
1.20173
1.20344
1.205
1.2062
1.20682
1.2067
1.20564
1.20352
1.2003
1.19605
1.19103
1.1857
1.18063
1.17637
1.17334
1.17172
1.17154
1.17268
1.17498
1.17822
1.18214
1.18645
1.19089
1.19518
1.19913
1.20255
1.20533
1.20743
1.20885
1.20967
1.20998
1.20991
1.20957
1.20903
1.20834
1.20746
1.20633
1.20489
1.20308
1.20096
1.19869
1.19658
1.19501
1.19439
1.19501
1.19693
1.19999
1.20383
1.20803
1.21218
1.21599
1.21928
1.22195
1.22398
1.22537
1.22615
1.22632
1.2259
1.22485
1.22316
1.22078
1.21771
1.21402
1.20985
1.20545
1.20117
1.19729
1.19399
1.19119
1.18864
1.18601
1.18307
1.17986
1.1767
1.17417
1.1729
1.17337
1.17567
1.17953
1.18445
1.18987
1.19533
1.20053
1.20528
1.20948
1.21306
1.21601
1.21833
1.22005
1.22122
1.22191
1.2222
1.22217
1.22188
1.22141
1.22081
1.22011
1.21935
1.21855
1.19996
1.19906
1.19811
1.1971
1.19602
1.19485
1.19361
1.19228
1.19088
1.18944
1.18798
1.18655
1.1852
1.18397
1.18291
1.18205
1.18143
1.18105
1.18092
1.181
1.18127
1.18169
1.1822
1.18274
1.18326
1.18369
1.184
1.18414
1.18408
1.18376
1.18315
1.18215
1.18065
1.17847
1.17543
1.17137
1.16627
1.16039
1.15442
1.14934
1.14613
1.14523
1.14629
1.14838
1.15049
1.15195
1.15254
1.15243
1.15199
1.15166
1.15178
1.15253
1.15392
1.15584
1.15818
1.16081
1.16363
1.16649
1.16918
1.17146
1.17306
1.1738
1.17358
1.17249
1.17079
1.1689
1.16737
1.16665
1.16697
1.16825
1.17011
1.17207
1.17363
1.17443
1.17423
1.17292
1.17051
1.16709
1.16289
1.15825
1.15364
1.14956
1.14641
1.14438
1.14339
1.14313
1.14322
1.1433
1.14316
1.1428
1.14239
1.14222
1.14264
1.14385
1.14587
1.14852
1.15147
1.15441
1.15707
1.15929
1.20008
1.20136
1.20221
1.20273
1.20298
1.20304
1.20298
1.20283
1.20263
1.20241
1.20217
1.20194
1.20172
1.20149
1.20127
1.20103
1.20077
1.20047
1.20013
1.19973
1.19928
1.19876
1.1982
1.19762
1.19704
1.19652
1.1961
1.19584
1.19576
1.19588
1.19621
1.1967
1.1973
1.19795
1.19856
1.19908
1.19948
1.19974
1.1999
1.20002
1.20023
1.20063
1.20135
1.20245
1.20394
1.20578
1.20784
1.20998
1.21207
1.21397
1.21558
1.21683
1.21769
1.21812
1.21811
1.21763
1.21668
1.21525
1.21335
1.211
1.20825
1.2052
1.20197
1.19876
1.19576
1.1932
1.19129
1.19017
1.18997
1.19069
1.19228
1.19459
1.19738
1.2004
1.20337
1.20606
1.20827
1.20987
1.21079
1.21105
1.21075
1.21005
1.20918
1.20834
1.20767
1.20725
1.20706
1.20704
1.20712
1.2073
1.20764
1.20824
1.20919
1.21054
1.21225
1.21421
1.21625
1.2182
1.21991
1.22128
1.20004
1.20058
1.20071
1.20043
1.19976
1.19872
1.19731
1.19556
1.19349
1.19112
1.1885
1.18569
1.18276
1.17981
1.17696
1.17432
1.17202
1.17014
1.16875
1.16787
1.16747
1.16751
1.16788
1.16851
1.16927
1.17004
1.17071
1.17114
1.17123
1.1709
1.17011
1.16889
1.16731
1.16554
1.16378
1.16227
1.1612
1.1607
1.16078
1.16136
1.16227
1.16334
1.16442
1.16544
1.16635
1.16716
1.1679
1.16863
1.16936
1.17011
1.17087
1.17164
1.17239
1.17309
1.17372
1.17426
1.17469
1.17499
1.17516
1.17518
1.17505
1.17475
1.17429
1.17363
1.17279
1.17175
1.17053
1.16913
1.16758
1.16592
1.16416
1.16234
1.16049
1.1586
1.15668
1.15474
1.15281
1.15099
1.14941
1.14828
1.14777
1.14801
1.14903
1.15071
1.15285
1.15524
1.15766
1.15997
1.16208
1.16395
1.16559
1.16703
1.1683
1.16942
1.17042
1.17132
1.17213
1.17284
1.17345
1.17394
1.20001
1.20017
1.20005
1.19959
1.19866
1.19712
1.19486
1.19179
1.18797
1.18368
1.1795
1.1762
1.1745
1.17472
1.17657
1.17928
1.18194
1.18389
1.1848
1.18471
1.18389
1.18274
1.18168
1.1811
1.1813
1.18247
1.1846
1.18749
1.19076
1.19397
1.19679
1.19904
1.20074
1.20208
1.20332
1.20472
1.20644
1.20849
1.21075
1.21295
1.21477
1.21588
1.21603
1.21505
1.21291
1.2097
1.20563
1.20104
1.19626
1.19159
1.18726
1.18343
1.18025
1.17785
1.17631
1.17554
1.1753
1.17534
1.17551
1.17589
1.17679
1.17873
1.18225
1.18759
1.19454
1.20242
1.21036
1.2176
1.22369
1.22848
1.23203
1.2345
1.23611
1.23703
1.23745
1.2375
1.23729
1.2369
1.2364
1.23584
1.23527
1.23471
1.23419
1.23374
1.23336
1.23307
1.23286
1.23274
1.23269
1.2327
1.23276
1.23285
1.23295
1.23306
1.23316
1.23326
1.23335
1.23345
1.23356
1.2337
1.20001
1.20028
1.20066
1.20115
1.20178
1.20254
1.20343
1.20443
1.20552
1.20666
1.20782
1.20895
1.21001
1.21099
1.21184
1.21256
1.21313
1.21356
1.21385
1.21402
1.21409
1.21404
1.21388
1.21358
1.21313
1.21253
1.2118
1.21102
1.21029
1.20974
1.20954
1.20978
1.21056
1.21186
1.21357
1.21546
1.21719
1.21833
1.21846
1.21726
1.21472
1.21125
1.20778
1.2055
1.20532
1.20736
1.21092
1.21491
1.21851
1.22136
1.22362
1.22568
1.22791
1.23051
1.23347
1.23662
1.23973
1.24258
1.24505
1.24705
1.24854
1.24946
1.24974
1.24927
1.24787
1.24535
1.24152
1.23627
1.22972
1.22232
1.21505
1.20922
1.20619
1.20669
1.21047
1.21639
1.22299
1.22905
1.23381
1.23693
1.23837
1.23822
1.2366
1.23364
1.22947
1.22429
1.21841
1.2123
1.20667
1.20231
1.19993
1.19995
1.20229
1.20647
1.21173
1.21725
1.22235
1.22652
1.22948
1.23109
1.19998
1.199
1.19701
1.19438
1.19162
1.18931
1.18798
1.18785
1.18881
1.19045
1.19227
1.19385
1.19495
1.19552
1.19561
1.19533
1.19477
1.19398
1.19302
1.1919
1.19072
1.18966
1.18894
1.1888
1.18939
1.19069
1.19252
1.19463
1.19673
1.19861
1.20015
1.20128
1.20204
1.20248
1.20264
1.20259
1.20237
1.202
1.20151
1.20089
1.20012
1.19918
1.19804
1.19666
1.195
1.19306
1.19086
1.18849
1.18608
1.18383
1.18195
1.18063
1.17997
1.17998
1.18058
1.18163
1.18298
1.18451
1.18614
1.18782
1.18951
1.19116
1.19273
1.19417
1.19543
1.19647
1.19726
1.19777
1.198
1.19795
1.19766
1.19718
1.19655
1.19589
1.19528
1.19485
1.1947
1.1949
1.19552
1.19654
1.19788
1.19939
1.20082
1.20187
1.2022
1.20144
1.19929
1.19563
1.19063
1.18486
1.17926
1.17482
1.17221
1.17157
1.17255
1.17462
1.17726
1.18002
1.18259
1.18482
1.20008
1.20159
1.20289
1.20409
1.20532
1.20668
1.20826
1.21012
1.21222
1.21448
1.21674
1.21881
1.22051
1.22173
1.22242
1.22259
1.22234
1.22178
1.22101
1.2201
1.21906
1.21781
1.21624
1.2142
1.21158
1.20828
1.2043
1.19974
1.19478
1.18972
1.18495
1.18092
1.17806
1.1767
1.17696
1.1787
1.18158
1.18512
1.18884
1.19237
1.1955
1.19811
1.20021
1.20184
1.2031
1.20407
1.20482
1.20543
1.20594
1.20638
1.20677
1.20711
1.20741
1.20766
1.20787
1.20803
1.20814
1.2082
1.2082
1.20815
1.20801
1.20779
1.20747
1.20706
1.20659
1.20609
1.20565
1.20534
1.20522
1.20534
1.2057
1.20626
1.20694
1.20765
1.20829
1.20878
1.20907
1.20914
1.20898
1.2086
1.20803
1.20729
1.20641
1.20542
1.20431
1.20306
1.20162
1.19993
1.19796
1.19573
1.19341
1.19132
1.1899
1.1896
1.19066
1.193
1.19623
1.19979
1.20309
1.20573
1.20006
1.2008
1.20061
1.19966
1.19816
1.19639
1.19466
1.19327
1.19244
1.19233
1.19295
1.19422
1.196
1.19808
1.20028
1.20245
1.20451
1.2064
1.2081
1.20954
1.21062
1.21122
1.21114
1.21024
1.20836
1.20545
1.20156
1.1969
1.19188
1.18707
1.18305
1.18023
1.17872
1.1783
1.17855
1.17907
1.1796
1.18004
1.18044
1.1809
1.1815
1.18228
1.18319
1.18415
1.18506
1.18585
1.18648
1.18696
1.18734
1.18767
1.188
1.18833
1.18862
1.18883
1.18887
1.18866
1.18812
1.18718
1.18576
1.18382
1.1813
1.17815
1.17437
1.17003
1.16529
1.16052
1.15623
1.15306
1.15156
1.15199
1.15418
1.15762
1.16166
1.16568
1.16929
1.17227
1.17454
1.17616
1.17718
1.17769
1.17778
1.1775
1.17691
1.17602
1.17485
1.1734
1.17169
1.16972
1.16754
1.16521
1.16286
1.16063
1.15869
1.15718
1.15621
1.15579
1.15588
1.15636
1.15711
1.15801
1.20005
1.20101
1.20192
1.20273
1.20345
1.20406
1.20455
1.20495
1.20525
1.20548
1.20569
1.2059
1.20616
1.20651
1.20696
1.20751
1.20811
1.20872
1.20926
1.20968
1.20992
1.20996
1.20979
1.20944
1.20895
1.20838
1.20777
1.20715
1.20654
1.20594
1.20533
1.20468
1.20402
1.2034
1.20292
1.20275
1.20303
1.20385
1.20521
1.20698
1.20896
1.21087
1.21247
1.21354
1.21396
1.21366
1.21268
1.21114
1.20925
1.20726
1.20548
1.2042
1.20367
1.20405
1.20539
1.20762
1.21054
1.21392
1.21749
1.22102
1.22436
1.22739
1.23004
1.23231
1.23419
1.23571
1.23689
1.23777
1.23834
1.23861
1.23854
1.23811
1.23729
1.23608
1.23453
1.23274
1.23083
1.22894
1.22718
1.22559
1.22413
1.22273
1.22128
1.2197
1.21793
1.21591
1.21355
1.21077
1.20753
1.20395
1.20042
1.19755
1.19611
1.19661
1.19909
1.20306
1.20773
1.21235
1.21642
1.21974
1.20012
1.20227
1.20423
1.20629
1.20868
1.2116
1.21512
1.21921
1.22369
1.22835
1.2329
1.23713
1.24086
1.244
1.2465
1.24837
1.24962
1.25028
1.25035
1.24981
1.24859
1.24657
1.24359
1.23939
1.23374
1.22643
1.21753
1.20761
1.19794
1.19027
1.18613
1.18592
1.18869
1.19285
1.1971
1.20077
1.20386
1.20666
1.20953
1.21268
1.21611
1.2196
1.22279
1.22526
1.22664
1.22661
1.22499
1.22176
1.21717
1.21181
1.20659
1.20256
1.20043
1.20031
1.20168
1.20373
1.20579
1.20749
1.20879
1.20982
1.21074
1.21166
1.21264
1.21365
1.21465
1.21557
1.21637
1.21702
1.21751
1.21783
1.218
1.21803
1.21791
1.21765
1.21723
1.21662
1.21578
1.21466
1.21322
1.21142
1.20925
1.20676
1.20402
1.2012
1.19847
1.19605
1.19416
1.19293
1.19239
1.19248
1.19304
1.19385
1.1947
1.19541
1.19585
1.19596
1.19571
1.19512
1.19423
1.19309
1.19993
1.19843
1.1968
1.19504
1.19311
1.19101
1.18877
1.18654
1.18456
1.18319
1.18277
1.18345
1.1852
1.18772
1.19064
1.19357
1.19623
1.19848
1.20027
1.20161
1.20256
1.20319
1.20356
1.20374
1.20375
1.20365
1.20345
1.20317
1.20282
1.20241
1.20194
1.2014
1.20079
1.20011
1.19935
1.19852
1.19761
1.19665
1.19566
1.19466
1.19369
1.19281
1.19205
1.19145
1.19104
1.19085
1.19086
1.19106
1.19141
1.19187
1.19239
1.19291
1.19341
1.19384
1.1942
1.19449
1.19472
1.19492
1.19511
1.19533
1.19561
1.19597
1.19641
1.19691
1.19747
1.19803
1.19856
1.19901
1.19932
1.19942
1.19925
1.19872
1.19777
1.19629
1.19421
1.19145
1.18798
1.1838
1.17902
1.17386
1.16869
1.16405
1.16052
1.15861
1.15856
1.16025
1.16322
1.16682
1.17046
1.17367
1.17621
1.178
1.17911
1.17967
1.17985
1.1798
1.17966
1.1795
1.17935
1.17918
1.19998
1.19953
1.19884
1.19791
1.19684
1.19579
1.19498
1.19461
1.19483
1.19563
1.19691
1.19848
1.20013
1.2017
1.20305
1.20414
1.20492
1.2054
1.20558
1.20547
1.20503
1.20425
1.2031
1.20153
1.19951
1.19702
1.19408
1.19075
1.18718
1.18366
1.18057
1.1784
1.17758
1.17831
1.18045
1.18351
1.18686
1.18988
1.1922
1.19367
1.19441
1.19467
1.19481
1.19514
1.19589
1.19716
1.19889
1.20094
1.20314
1.20531
1.20733
1.20913
1.21068
1.21197
1.21302
1.21387
1.21452
1.21502
1.21537
1.21559
1.21568
1.21566
1.21551
1.21523
1.21479
1.21418
1.21339
1.21239
1.2112
1.20983
1.20835
1.20686
1.20551
1.20447
1.20392
1.20398
1.20471
1.20604
1.20783
1.20986
1.21189
1.21369
1.21505
1.21581
1.21582
1.21502
1.21342
1.21118
1.20862
1.20624
1.20459
1.20407
1.20473
1.20624
1.20801
1.20938
1.20986
1.20923
1.20758
1.2053
1.1999
1.19839
1.19827
1.19984
1.20298
1.20724
1.21202
1.21677
1.22108
1.22469
1.22748
1.22943
1.2306
1.2311
1.23114
1.23096
1.23082
1.23094
1.23144
1.23228
1.23331
1.23426
1.23483
1.23476
1.23384
1.23195
1.2291
1.2254
1.22108
1.21654
1.21224
1.2087
1.20638
1.20556
1.20628
1.20831
1.21126
1.21466
1.21813
1.22137
1.22425
1.2267
1.22873
1.23037
1.23165
1.23259
1.23324
1.23371
1.23411
1.2346
1.23531
1.23632
1.23761
1.2391
1.24062
1.24197
1.24298
1.24351
1.24347
1.24283
1.24165
1.24002
1.23813
1.23622
1.23455
1.23336
1.23279
1.23286
1.23342
1.23426
1.2351
1.23571
1.23596
1.23578
1.23526
1.23454
1.23387
1.2335
1.23369
1.2346
1.23626
1.23858
1.24133
1.24422
1.24698
1.24933
1.25109
1.25215
1.25244
1.25195
1.25068
1.24867
1.24597
1.2427
1.23898
1.23504
1.23111
1.22741
1.22412
1.22128
1.19988
1.19775
1.19585
1.19425
1.19315
1.19283
1.19348
1.1951
1.19741
1.19998
1.20233
1.20409
1.20511
1.20538
1.20509
1.20452
1.20408
1.2042
1.20525
1.20741
1.21054
1.21422
1.21788
1.22095
1.22301
1.22385
1.22338
1.22167
1.21885
1.21515
1.21081
1.20612
1.20137
1.19683
1.19276
1.18933
1.18667
1.18491
1.18411
1.18431
1.1855
1.18754
1.1902
1.19319
1.19622
1.19902
1.20143
1.20334
1.2047
1.20548
1.20573
1.20548
1.20481
1.20382
1.2026
1.20129
1.20001
1.19889
1.19802
1.19745
1.19719
1.19721
1.19743
1.19775
1.19807
1.1983
1.19834
1.19815
1.19769
1.19698
1.19604
1.19494
1.19373
1.19249
1.19131
1.19022
1.18924
1.18839
1.18763
1.18693
1.18625
1.18556
1.18482
1.18403
1.18314
1.18214
1.18101
1.17973
1.17826
1.1766
1.17474
1.17271
1.17059
1.16851
1.16667
1.16526
1.16447
1.16442
1.16513
1.16653
1.20011
1.20237
1.20474
1.20705
1.20917
1.21102
1.21255
1.21376
1.21465
1.21521
1.21547
1.21542
1.21509
1.2145
1.21365
1.21259
1.21138
1.21008
1.20876
1.20753
1.20644
1.20557
1.20492
1.20448
1.2042
1.204
1.20382
1.2036
1.2033
1.2029
1.20242
1.20187
1.20128
1.20067
1.20004
1.19937
1.19859
1.19765
1.19646
1.19495
1.19312
1.19103
1.18888
1.18693
1.18552
1.18491
1.18521
1.18637
1.18816
1.19033
1.19266
1.195
1.19728
1.19946
1.2015
1.20334
1.2049
1.20608
1.20683
1.20709
1.20682
1.20603
1.2047
1.20286
1.20052
1.1977
1.19443
1.19074
1.1867
1.18239
1.17795
1.17357
1.16951
1.16601
1.16334
1.16166
1.16102
1.16136
1.16253
1.16439
1.16678
1.16963
1.17285
1.17635
1.18001
1.18365
1.18707
1.19007
1.19248
1.19414
1.19492
1.1947
1.19342
1.19104
1.18766
1.18358
1.17935
1.17575
1.17354
1.1732
1.20011
1.20287
1.20615
1.20929
1.21187
1.21373
1.21487
1.21543
1.21553
1.21533
1.21496
1.21451
1.21408
1.2137
1.21342
1.21324
1.21318
1.2132
1.21329
1.21341
1.21352
1.21359
1.21356
1.2134
1.21308
1.21257
1.21184
1.2109
1.20973
1.20835
1.2068
1.20511
1.20335
1.20157
1.19983
1.19817
1.19662
1.19523
1.19402
1.19307
1.19245
1.19224
1.19244
1.19293
1.19344
1.19353
1.19265
1.19032
1.18632
1.18095
1.17535
1.17139
1.17094
1.1748
1.1821
1.19092
1.19943
1.20651
1.21182
1.21549
1.21784
1.2192
1.21989
1.22013
1.22009
1.2199
1.21962
1.21931
1.21899
1.21868
1.21835
1.21803
1.21768
1.2173
1.21688
1.21641
1.21588
1.21528
1.2146
1.21385
1.21304
1.21219
1.21133
1.21049
1.20972
1.20902
1.20838
1.20778
1.20716
1.20652
1.20587
1.20532
1.20502
1.2051
1.20564
1.2066
1.20784
1.20914
1.21031
1.21121
1.20002
1.20038
1.20061
1.20083
1.20118
1.20175
1.20258
1.20367
1.20493
1.20624
1.20745
1.2084
1.20896
1.20907
1.2087
1.20787
1.20669
1.20527
1.20375
1.20227
1.20093
1.19981
1.19899
1.19853
1.19854
1.19908
1.2002
1.20186
1.20392
1.2062
1.20848
1.21055
1.21226
1.21353
1.21433
1.21468
1.21466
1.21437
1.21393
1.21342
1.21288
1.21229
1.21157
1.2106
1.2093
1.20768
1.20588
1.20417
1.20289
1.20235
1.20269
1.20386
1.20561
1.20761
1.20959
1.21138
1.21296
1.21441
1.21582
1.21725
1.21871
1.2201
1.22132
1.22227
1.22291
1.22326
1.22339
1.22345
1.22358
1.22392
1.22456
1.22555
1.22686
1.22842
1.23012
1.23186
1.23354
1.23508
1.23644
1.23762
1.2386
1.23941
1.24005
1.24057
1.24098
1.24129
1.24154
1.24172
1.24184
1.24192
1.24195
1.24193
1.24186
1.24173
1.24154
1.24128
1.24095
1.24056
1.2401
1.2396
1.19997
1.19944
1.19895
1.19851
1.19817
1.19794
1.19783
1.19778
1.19772
1.19751
1.19696
1.19583
1.19389
1.19097
1.18707
1.18247
1.17782
1.17403
1.17196
1.17197
1.17372
1.17642
1.17919
1.18144
1.18299
1.18395
1.18459
1.18519
1.18595
1.18695
1.18817
1.18952
1.19087
1.19213
1.19319
1.19402
1.1946
1.19492
1.195
1.19485
1.19451
1.194
1.19334
1.19257
1.19172
1.19082
1.18991
1.189
1.18812
1.18725
1.18635
1.18533
1.18406
1.18231
1.17981
1.17621
1.17116
1.16437
1.15588
1.14628
1.13703
1.13021
1.12764
1.12982
1.13559
1.14292
1.14998
1.15572
1.15981
1.16237
1.16372
1.16428
1.1644
1.1644
1.1645
1.1648
1.16535
1.16609
1.16697
1.16791
1.16883
1.16969
1.17045
1.1711
1.17164
1.17205
1.17233
1.17246
1.17244
1.17221
1.17172
1.17091
1.16969
1.16799
1.16574
1.16294
1.15968
1.15621
1.15296
1.15044
1.19997
1.20014
1.20171
1.20429
1.20733
1.21034
1.21296
1.21502
1.21647
1.21739
1.21789
1.21813
1.21826
1.21842
1.21874
1.2193
1.22012
1.22118
1.22241
1.22371
1.225
1.22616
1.22713
1.22785
1.2283
1.22849
1.22845
1.22821
1.22784
1.22736
1.22679
1.22609
1.22518
1.22395
1.22229
1.22021
1.2179
1.21579
1.21451
1.21467
1.21658
1.22007
1.22458
1.22938
1.23385
1.23761
1.24053
1.24265
1.24407
1.24496
1.24548
1.24574
1.24584
1.24584
1.24581
1.24576
1.24574
1.24578
1.24588
1.24606
1.24629
1.2465
1.2466
1.24646
1.24594
1.24494
1.24341
1.2414
1.23907
1.23671
1.23469
1.23337
1.23303
1.23373
1.23539
1.23773
1.24045
1.24323
1.24588
1.24827
1.25037
1.25219
1.25377
1.25513
1.25632
1.25735
1.25825
1.25904
1.25974
1.26037
1.26096
1.26154
1.26211
1.26267
1.26323
1.26376
1.26426
1.2647
1.26508
1.26538
1.20001
1.20016
1.20026
1.20031
1.20034
1.20036
1.20039
1.20046
1.20056
1.20072
1.20094
1.20121
1.20152
1.20186
1.2022
1.20252
1.20279
1.20299
1.20311
1.20315
1.20311
1.20304
1.20296
1.20294
1.20304
1.20329
1.20372
1.20433
1.2051
1.206
1.20701
1.20813
1.20936
1.2107
1.21211
1.21352
1.21483
1.2159
1.2166
1.21688
1.2167
1.21615
1.21538
1.21464
1.21419
1.21429
1.21514
1.21682
1.2193
1.22243
1.22598
1.2297
1.23335
1.23673
1.2397
1.24213
1.24394
1.24506
1.24544
1.24498
1.2436
1.2412
1.23767
1.23292
1.22691
1.21964
1.21124
1.20194
1.19218
1.18257
1.17395
1.16721
1.16315
1.1622
1.16433
1.16915
1.17602
1.18418
1.19285
1.2013
1.20899
1.21562
1.22112
1.22554
1.22897
1.2314
1.23264
1.23228
1.22959
1.22365
1.21371
1.2001
1.18564
1.17591
1.17601
1.18595
1.20063
1.2146
1.22512
1.23189
1.20013
1.20177
1.202
1.20122
1.19967
1.19745
1.19459
1.19109
1.18695
1.18219
1.17689
1.17119
1.16527
1.15937
1.1537
1.14846
1.14378
1.13971
1.13635
1.13385
1.13253
1.1327
1.13459
1.13815
1.14305
1.14881
1.15488
1.16076
1.16599
1.17017
1.17293
1.17397
1.173
1.16988
1.16461
1.15755
1.14948
1.14164
1.13552
1.13234
1.1326
1.13598
1.14157
1.14828
1.15519
1.16169
1.16743
1.17231
1.17638
1.17973
1.18246
1.18467
1.18642
1.1877
1.18846
1.18855
1.18775
1.18575
1.18216
1.17666
1.16909
1.15982
1.14981
1.14051
1.13323
1.12858
1.12656
1.12709
1.13017
1.13546
1.14207
1.1489
1.15517
1.1606
1.16522
1.16913
1.17239
1.17498
1.17687
1.17808
1.17863
1.1786
1.17808
1.17715
1.17589
1.17435
1.17255
1.17053
1.1683
1.1659
1.16339
1.16089
1.15853
1.15646
1.1548
1.15364
1.15299
1.15282
1.15306
1.15366
1.20005
1.20128
1.20278
1.20453
1.2065
1.20863
1.21086
1.21313
1.21538
1.21756
1.21963
1.22156
1.2233
1.22484
1.22612
1.22713
1.22785
1.22823
1.22827
1.22794
1.22723
1.22613
1.22465
1.2228
1.2206
1.21812
1.21544
1.21266
1.20992
1.20733
1.20504
1.20314
1.20167
1.20065
1.20005
1.19979
1.19981
1.20002
1.20034
1.20069
1.20102
1.20127
1.20141
1.2014
1.20126
1.201
1.20067
1.20032
1.19998
1.19965
1.19931
1.19887
1.19827
1.19745
1.19646
1.19539
1.19445
1.19382
1.19367
1.19405
1.19486
1.19592
1.197
1.19791
1.19851
1.19874
1.19863
1.19826
1.19774
1.19719
1.1967
1.19634
1.19614
1.19607
1.19608
1.1961
1.19609
1.19598
1.19576
1.1954
1.19492
1.19435
1.19373
1.19309
1.19248
1.19194
1.19147
1.19111
1.19083
1.19061
1.1904
1.19015
1.1898
1.18929
1.18857
1.18762
1.18643
1.18502
1.18345
1.18177
1.19991
1.19822
1.19658
1.19503
1.19355
1.19217
1.19093
1.18992
1.18932
1.18931
1.19011
1.19188
1.19468
1.19843
1.20293
1.20787
1.21294
1.21786
1.22242
1.2265
1.23003
1.233
1.23542
1.23728
1.23859
1.23931
1.23939
1.23875
1.23727
1.23485
1.23142
1.22701
1.22181
1.21627
1.21105
1.20692
1.20449
1.20393
1.20491
1.20669
1.20843
1.20947
1.20948
1.20851
1.20693
1.20527
1.2041
1.20383
1.20466
1.20648
1.20903
1.21191
1.2148
1.2174
1.21954
1.22109
1.22203
1.22232
1.22199
1.22108
1.21963
1.21774
1.21553
1.21318
1.21087
1.20879
1.2071
1.20587
1.20512
1.20476
1.20468
1.20476
1.20491
1.20508
1.20526
1.20548
1.20579
1.20625
1.20691
1.2078
1.20894
1.21028
1.21178
1.21338
1.215
1.21659
1.21809
1.21949
1.22074
1.22186
1.22283
1.22366
1.22433
1.22485
1.22519
1.22529
1.22511
1.22454
1.22347
1.22175
1.19985
1.19636
1.19176
1.18604
1.17938
1.17225
1.16541
1.15977
1.15613
1.15482
1.15566
1.15803
1.16117
1.16431
1.1668
1.1681
1.16785
1.16599
1.16291
1.15953
1.15703
1.15642
1.15798
1.16114
1.16488
1.16826
1.17073
1.17217
1.17277
1.17288
1.17291
1.17324
1.17412
1.17564
1.17771
1.18013
1.18263
1.18496
1.18692
1.18834
1.18916
1.18934
1.1889
1.18789
1.18643
1.18469
1.18292
1.18138
1.18035
1.18005
1.18057
1.18186
1.18376
1.18604
1.18849
1.19091
1.19318
1.19525
1.19708
1.19867
1.20004
1.2012
1.20215
1.20292
1.20348
1.20385
1.20402
1.20399
1.20376
1.20334
1.20274
1.20197
1.20106
1.20001
1.19884
1.19755
1.19612
1.19453
1.19277
1.19084
1.18877
1.18665
1.18465
1.18297
1.18181
1.18134
1.18163
1.18266
1.1843
1.18641
1.18882
1.19141
1.19411
1.19687
1.19966
1.20247
1.20526
1.208
1.21062
1.21305
1.2001
1.20195
1.20341
1.20438
1.20474
1.20437
1.2031
1.20078
1.19736
1.19296
1.18804
1.18346
1.18026
1.17928
1.18066
1.18375
1.18747
1.1908
1.19315
1.19442
1.19485
1.19483
1.19472
1.19473
1.19491
1.19516
1.19538
1.19546
1.19541
1.19523
1.19496
1.19458
1.19404
1.19324
1.19211
1.19058
1.18864
1.18638
1.18393
1.18148
1.17927
1.17757
1.17659
1.17649
1.17734
1.17907
1.18152
1.18444
1.18754
1.19059
1.1934
1.19585
1.19786
1.19945
1.20061
1.20138
1.20181
1.20193
1.20177
1.20135
1.20068
1.19976
1.19859
1.19717
1.19552
1.19369
1.19176
1.18989
1.18829
1.18719
1.18684
1.18739
1.18885
1.19108
1.19385
1.19682
1.19972
1.2023
1.20439
1.20591
1.2068
1.20706
1.20669
1.20572
1.20421
1.20224
1.19994
1.19744
1.19493
1.19259
1.19061
1.18915
1.18834
1.18823
1.18881
1.19
1.19161
1.19345
1.19529
1.19697
1.20006
1.20121
1.20212
1.20286
1.20351
1.20416
1.20485
1.20562
1.20648
1.20742
1.2084
1.20939
1.21036
1.21127
1.21209
1.2128
1.21339
1.21385
1.2142
1.21444
1.2146
1.21469
1.21474
1.21475
1.21475
1.21471
1.21462
1.21445
1.21414
1.21366
1.21294
1.21196
1.21067
1.20909
1.20723
1.20516
1.203
1.20091
1.1991
1.19779
1.19717
1.19737
1.1984
1.20018
1.20251
1.20513
1.20775
1.21012
1.212
1.21326
1.21381
1.21365
1.21283
1.21145
1.20966
1.20762
1.20548
1.20339
1.20144
1.19966
1.19806
1.19661
1.19525
1.19395
1.19267
1.19143
1.19028
1.18928
1.18853
1.18813
1.18814
1.18855
1.18935
1.19045
1.19176
1.19323
1.19477
1.19631
1.19778
1.19908
1.20011
1.20076
1.20096
1.20065
1.19981
1.19844
1.19661
1.19438
1.19188
1.18924
1.18661
1.18413
1.1819
1.17996
1.1783
1.17687
1.17563
1.17454
1.17362
1.17296
1.19999
1.20011
1.20066
1.2016
1.20276
1.20394
1.20494
1.2056
1.20582
1.20559
1.20495
1.204
1.20287
1.20168
1.20053
1.1995
1.19865
1.19804
1.1977
1.19765
1.19784
1.19816
1.19841
1.19833
1.1976
1.19592
1.19305
1.18892
1.18379
1.17837
1.17378
1.17126
1.17161
1.17474
1.17975
1.18544
1.19078
1.19517
1.19839
1.20042
1.20137
1.20137
1.20064
1.19945
1.19818
1.19727
1.19715
1.19808
1.20007
1.20287
1.20607
1.20924
1.21204
1.21428
1.21588
1.21688
1.21739
1.21751
1.21734
1.21698
1.21648
1.21586
1.21512
1.21427
1.21337
1.21251
1.21189
1.21176
1.21234
1.21375
1.21593
1.2186
1.22136
1.22379
1.22559
1.22663
1.22698
1.22687
1.22665
1.22668
1.22721
1.22834
1.22997
1.2319
1.23391
1.23581
1.23745
1.23874
1.23959
1.23991
1.23958
1.23851
1.23668
1.23423
1.23156
1.22928
1.22813
1.22863
1.23086
1.2344
1.2002
1.20411
1.20736
1.20967
1.21096
1.21127
1.21071
1.20939
1.20751
1.20527
1.20296
1.2009
1.19942
1.19874
1.19893
1.19987
1.20125
1.2027
1.20391
1.20465
1.2048
1.20435
1.2033
1.2017
1.19955
1.19686
1.19367
1.19005
1.18619
1.18241
1.17909
1.17651
1.17476
1.1738
1.17363
1.17443
1.17644
1.17978
1.18429
1.18954
1.19501
1.20024
1.2049
1.20881
1.2119
1.21418
1.21571
1.21653
1.21672
1.21632
1.21538
1.21394
1.21204
1.20973
1.20705
1.20411
1.20103
1.19794
1.19499
1.19229
1.18988
1.18769
1.1856
1.18341
1.181
1.17832
1.17552
1.17289
1.17083
1.16967
1.16953
1.17025
1.1715
1.17283
1.1739
1.1745
1.17455
1.17412
1.17332
1.17229
1.1712
1.17019
1.16943
1.16904
1.16914
1.16982
1.17109
1.17292
1.1752
1.17781
1.18059
1.18338
1.18603
1.18841
1.19038
1.19182
1.19258
1.19249
1.19135
1.18888
1.19975
1.19363
1.18535
1.17528
1.16478
1.15651
1.15356
1.15756
1.16732
1.17971
1.19171
1.20157
1.20881
1.21361
1.21638
1.21753
1.21739
1.21617
1.21408
1.21124
1.2078
1.2039
1.19967
1.19526
1.19078
1.18635
1.18202
1.17789
1.17407
1.17074
1.16818
1.16677
1.16686
1.16865
1.17203
1.1766
1.1818
1.18706
1.19199
1.19636
1.20011
1.20325
1.20584
1.20791
1.2095
1.21061
1.21125
1.2114
1.21105
1.2102
1.20885
1.20698
1.20462
1.20178
1.1985
1.19482
1.19077
1.18644
1.18191
1.17737
1.17308
1.16939
1.16669
1.16533
1.16556
1.16752
1.17122
1.17645
1.18279
1.18963
1.19634
1.20239
1.20744
1.21137
1.21417
1.21588
1.21658
1.2163
1.21505
1.21283
1.20971
1.20584
1.20163
1.1977
1.19484
1.19374
1.19468
1.19738
1.20115
1.20518
1.2088
1.21159
1.21336
1.21407
1.2138
1.21266
1.21084
1.2086
1.20627
1.20425
1.19995
1.19951
1.20003
1.20136
1.20322
1.20527
1.20722
1.20889
1.21017
1.21103
1.21149
1.2116
1.2114
1.21095
1.21031
1.20951
1.20859
1.20759
1.20651
1.2054
1.20428
1.20317
1.20213
1.20122
1.20051
1.20008
1.20001
1.20035
1.20112
1.20232
1.20392
1.20585
1.20803
1.2104
1.21289
1.21543
1.21799
1.22054
1.22304
1.22548
1.22782
1.23004
1.23212
1.23401
1.23569
1.23712
1.23828
1.23914
1.2397
1.23993
1.23987
1.23954
1.23899
1.2383
1.23754
1.2368
1.23613
1.23553
1.23495
1.23431
1.23348
1.23236
1.23089
1.22908
1.22706
1.22505
1.22337
1.22235
1.22226
1.22325
1.22523
1.22799
1.23118
1.23446
1.23754
1.24019
1.24229
1.24375
1.24451
1.24454
1.2438
1.2423
1.24004
1.23706
1.2335
1.22958
1.22565
1.22215
1.21957
1.21828
1.21845
1.21997
1.22253
1.22567
1.22895
1.232
1.23459
1.23661
1.23807
1.23905
1.20002
1.20031
1.20039
1.20029
1.20007
1.19976
1.19943
1.19915
1.19899
1.199
1.19922
1.1997
1.20045
1.20147
1.20275
1.20422
1.20578
1.20726
1.20843
1.20904
1.20879
1.20734
1.20438
1.19968
1.19316
1.18512
1.1764
1.16838
1.16273
1.16073
1.16268
1.16778
1.17456
1.18162
1.18799
1.19325
1.19737
1.20054
1.20301
1.20498
1.20662
1.20799
1.20911
1.20996
1.2105
1.21068
1.21045
1.20975
1.20853
1.20672
1.20427
1.2011
1.19717
1.19249
1.18712
1.18128
1.17537
1.16996
1.16571
1.16321
1.16279
1.16437
1.16755
1.17173
1.17632
1.18085
1.185
1.18863
1.19167
1.19412
1.19603
1.19744
1.19841
1.19898
1.19919
1.19908
1.19866
1.19797
1.197
1.19579
1.19431
1.19258
1.19058
1.18827
1.18563
1.18264
1.1793
1.17566
1.17179
1.16779
1.16375
1.15976
1.15579
1.15177
1.1476
1.14321
1.13867
1.13431
1.13075
1.12877
1.20007
1.20255
1.2067
1.21165
1.21648
1.22056
1.22358
1.22547
1.22634
1.22642
1.22604
1.22556
1.22538
1.22581
1.22703
1.22904
1.23164
1.23453
1.23741
1.23999
1.24207
1.24354
1.24431
1.24436
1.24364
1.24212
1.23975
1.23654
1.23254
1.22791
1.22298
1.21822
1.21415
1.21118
1.20946
1.20881
1.20884
1.20912
1.2093
1.20923
1.20894
1.20857
1.20836
1.20853
1.20927
1.21067
1.21265
1.21501
1.21745
1.21968
1.22147
1.22268
1.22328
1.22332
1.22294
1.22228
1.22154
1.22087
1.22038
1.22014
1.22012
1.22028
1.22053
1.22078
1.22096
1.22102
1.22093
1.22068
1.22026
1.21967
1.21892
1.218
1.21692
1.21566
1.21424
1.21265
1.21094
1.20915
1.20737
1.20571
1.20431
1.20331
1.20286
1.20302
1.20384
1.20525
1.20714
1.20933
1.21165
1.21393
1.21605
1.21794
1.2196
1.22103
1.22228
1.22338
1.22433
1.22515
1.22583
1.22636
1.20001
1.20021
1.20024
1.20008
1.19973
1.19917
1.19838
1.19734
1.19607
1.19459
1.19296
1.19125
1.1896
1.18815
1.18705
1.18642
1.18633
1.18674
1.18754
1.18852
1.18947
1.19016
1.19045
1.19024
1.18955
1.18843
1.18698
1.18537
1.18374
1.18227
1.18108
1.18024
1.17972
1.1794
1.17908
1.17855
1.17766
1.17631
1.17455
1.17258
1.17075
1.16947
1.16911
1.16993
1.17197
1.17512
1.17912
1.18365
1.18831
1.19278
1.19678
1.20012
1.20274
1.20462
1.20581
1.2064
1.20643
1.20596
1.205
1.20351
1.20137
1.19842
1.19446
1.18935
1.18311
1.17616
1.16942
1.1642
1.16172
1.16243
1.16572
1.17033
1.17507
1.17918
1.1825
1.1852
1.18759
1.18992
1.19231
1.19474
1.1971
1.19923
1.20101
1.20236
1.20324
1.20365
1.20361
1.20314
1.20231
1.20115
1.19974
1.19813
1.19642
1.19471
1.19312
1.19178
1.1908
1.1903
1.19034
1.1909
1.20006
1.20135
1.20268
1.20375
1.20429
1.20409
1.20299
1.20096
1.19805
1.19439
1.19026
1.18609
1.18252
1.18025
1.17986
1.18153
1.18495
1.18955
1.19472
1.20001
1.20512
1.20988
1.21416
1.21782
1.22075
1.22287
1.22411
1.22448
1.22399
1.22272
1.22075
1.21821
1.21527
1.21211
1.20894
1.20599
1.20346
1.20155
1.20039
1.2
1.20035
1.20128
1.2026
1.2041
1.20553
1.20671
1.20749
1.20776
1.2075
1.20678
1.20577
1.20474
1.204
1.20386
1.20448
1.20588
1.20786
1.21015
1.21245
1.2145
1.21616
1.21735
1.21807
1.21836
1.21827
1.21787
1.21724
1.21642
1.21548
1.21446
1.21338
1.21229
1.21117
1.21004
1.20886
1.20763
1.2063
1.20486
1.2033
1.20163
1.19991
1.1982
1.19661
1.19524
1.19417
1.1935
1.19331
1.19368
1.1947
1.1964
1.19874
1.20163
1.20486
1.2082
1.21145
1.21445
1.21709
1.21936
1.22127
1.22287
1.20006
1.2012
1.20218
1.20305
1.20381
1.20443
1.20489
1.2051
1.20499
1.20445
1.20336
1.20159
1.19901
1.19559
1.19138
1.18669
1.18207
1.1783
1.17614
1.17607
1.17805
1.18154
1.18581
1.1902
1.1943
1.1979
1.20096
1.20349
1.20551
1.20705
1.20813
1.20879
1.20913
1.20927
1.20937
1.20956
1.20993
1.21053
1.21134
1.2123
1.21333
1.21435
1.21526
1.21591
1.21618
1.21594
1.2151
1.21362
1.21156
1.20905
1.20633
1.20362
1.20118
1.1992
1.19783
1.19716
1.19728
1.19821
1.19993
1.20237
1.20539
1.20879
1.21237
1.21592
1.21924
1.22216
1.22454
1.22626
1.2272
1.22729
1.2265
1.22483
1.22235
1.21921
1.21564
1.21195
1.2085
1.20567
1.20384
1.20332
1.20426
1.20665
1.2102
1.21445
1.21884
1.2228
1.22592
1.2279
1.22863
1.22813
1.2266
1.22437
1.22191
1.21971
1.21822
1.21768
1.21804
1.21902
1.22021
1.22125
1.20002
1.20011
1.19968
1.19878
1.19752
1.19602
1.19441
1.19281
1.19134
1.1901
1.18921
1.18874
1.18875
1.18928
1.19029
1.19172
1.19346
1.19535
1.19725
1.19901
1.20051
1.20168
1.20248
1.2029
1.203
1.20283
1.2025
1.2021
1.20174
1.20149
1.20139
1.20145
1.20166
1.20196
1.2023
1.20265
1.20297
1.20323
1.20343
1.20355
1.20359
1.20356
1.20344
1.20325
1.20299
1.20266
1.20226
1.20183
1.20135
1.20085
1.20035
1.19986
1.19939
1.19895
1.19855
1.19819
1.19784
1.1975
1.19714
1.19675
1.19631
1.19583
1.19533
1.19484
1.19443
1.19414
1.19403
1.19416
1.19453
1.19515
1.196
1.19703
1.1982
1.19943
1.20068
1.20189
1.20301
1.20398
1.20475
1.20524
1.20538
1.2051
1.20432
1.20297
1.20108
1.19873
1.19614
1.19361
1.19147
1.18993
1.18894
1.18822
1.18734
1.18593
1.1838
1.18105
1.17803
1.17522
1.17305
1.17177
1.19999
1.20018
1.20059
1.20096
1.20114
1.20117
1.20123
1.20161
1.20257
1.20428
1.20669
1.20954
1.21244
1.21501
1.21697
1.2182
1.21871
1.2186
1.21804
1.21718
1.21616
1.21507
1.21396
1.21284
1.21166
1.2104
1.20904
1.20757
1.20604
1.20448
1.20299
1.20166
1.20056
1.19976
1.19929
1.19914
1.19929
1.19966
1.20018
1.20078
1.20138
1.20193
1.20239
1.20272
1.20292
1.20297
1.20288
1.20264
1.20228
1.20179
1.20117
1.20042
1.19955
1.19854
1.19738
1.19603
1.19447
1.19265
1.19053
1.18807
1.18524
1.18208
1.17871
1.17532
1.17225
1.16988
1.16855
1.16849
1.1697
1.17198
1.17501
1.17842
1.1819
1.18523
1.18829
1.19102
1.19342
1.19552
1.19734
1.19894
1.20034
1.20157
1.20267
1.20365
1.20452
1.20528
1.20594
1.2065
1.20695
1.2073
1.20753
1.20764
1.20763
1.20748
1.20718
1.20674
1.20613
1.20533
1.20433
1.20311
1.20162
1.19984
1.19776
1.19538
1.19276
1.19005
1.18746
1.1853
1.18388
1.18345
1.18409
1.18567
1.18786
1.19024
1.19235
1.19375
1.19402
1.19275
1.18961
1.18442
1.17738
1.16937
1.16201
1.15725
1.15657
1.16021
1.16722
1.17608
1.18529
1.19379
1.20099
1.20665
1.21079
1.21354
1.21503
1.21537
1.21461
1.21272
1.20963
1.20529
1.19978
1.1934
1.18685
1.18114
1.17733
1.17596
1.17682
1.17903
1.18159
1.18379
1.1854
1.18653
1.18744
1.18835
1.18934
1.19036
1.19126
1.19188
1.19206
1.19168
1.19065
1.18893
1.18653
1.18357
1.1803
1.17709
1.17435
1.17247
1.17164
1.17185
1.17287
1.17443
1.17622
1.17802
1.17966
1.18104
1.1821
1.18283
1.18329
1.18352
1.18361
1.18364
1.18368
1.18378
1.18393
1.18413
1.18431
1.1844
1.18432
1.18396
1.18322
1.18204
1.18039
1.17835
1.17611
1.17393
1.17214
1.17099
1.17062
1.17099
1.17195
1.17327
1.1747
1.17601
1.17705
1.17768
1.17785
1.17755
1.17681
1.17572
1.17437
1.17284
1.17122
1.16958
1.16796
1.16642
1.16499
1.16372
1.16265
1.16181
1.16124
1.16094
1.16091
1.16112
1.16152
1.16206
1.16268
1.1633
1.16389
1.16437
1.16473
1.16492
1.16495
1.16481
1.16452
1.1641
1.16358
1.16301
1.16242
1.16185
1.16132
1.16085
1.16046
1.16014
1.15987
1.15963
1.1594
1.15914
1.15882
1.15845
1.15799
1.15747
1.15692
1.15636
1.15586
1.15547
1.15525
1.15524
1.15546
1.15592
1.15658
1.15738
1.15825
1.15912
1.15991
1.16056
1.161
1.16118
1.16105
1.16058
1.15973
1.15851
1.15691
1.15498
1.15278
1.15042
1.14807
1.14591
1.14412
1.14289
1.14235
1.14257
1.14354
1.14518
1.14737
1.14994
1.15271
1.15554
1.15831
1.16091
1.16329
1.16543
1.1673
1.16892
1.1703
1.17146
1.17239
1.17311
1.17362
1.17391
1.17395
1.1737
1.17311
1.1721
1.17059
1.16848
1.16572
1.16229
1.1583
1.15401
1.14983
1.14627
1.14376
1.1425
1.14244
1.1433
1.14478
1.14666
1.14886
1.15141
1.15432
1.15757
1.16104
1.16455
1.16791
1.17093
1.17347
1.1754
1.17668
1.17725
1.17713
1.17636
1.17502
1.17324
1.17123
1.16922
1.16747
1.1662
1.16553
1.16546
1.16588
1.16655
1.16722
1.16763
1.16763
1.16716
1.1663
1.16521
1.16415
1.16335
1.16295
1.16299
1.1634
1.16401
1.16461
1.16503
1.16511
1.16473
1.16388
1.16266
1.16134
1.16026
1.15972
1.1597
1.15978
1.15927
1.15757
1.15471
1.15165
1.15005
1.15139
1.15594
1.16255
1.16953
1.17551
1.17993
1.18286
1.18474
1.18609
1.18734
1.18877
1.19051
1.19251
1.19464
1.19674
1.19862
1.20015
1.20121
1.20173
1.20164
1.2009
1.19948
1.19738
1.19461
1.19123
1.18731
1.18303
1.17862
1.17442
1.1709
1.16855
1.16782
1.16892
1.1718
1.17605
1.1811
1.18636
1.19132
1.19568
1.1993
1.20225
1.20467
1.20678
1.20879
1.21088
1.21309
1.21539
1.21763
1.21965
1.22127
1.22237
1.22283
1.22262
1.2217
1.22007
1.21773
1.21464
1.21078
1.20615
1.2009
1.19539
1.19036
1.1868
1.18557
1.18701
1.19067
1.19553
1.20052
1.20488
1.20824
1.21057
1.212
1.21274
1.21297
1.21287
1.21257
1.21216
1.21174
1.21138
1.21115
1.21109
1.21124
1.21161
1.21219
1.21296
1.21387
1.2149
1.216
1.21716
1.21836
1.21959
1.22084
1.22209
1.22331
1.22446
1.22552
1.22646
1.22728
1.22799
1.22862
1.22922
1.22983
1.23049
1.23118
1.23189
1.23257
1.23312
1.23345
1.23346
1.23304
1.2321
1.23057
1.22841
1.2256
1.22214
1.21807
1.21347
1.20848
1.20331
1.19836
1.19419
1.1915
1.19101
1.19315
1.19782
1.20442
1.21192
1.21929
1.22565
1.23046
1.23345
1.23456
1.23391
1.23168
1.22812
1.22351
1.21808
1.21202
1.20545
1.19845
1.19116
1.18397
1.17761
1.17307
1.17125
1.17262
1.1769
1.18332
1.19088
1.19872
1.20614
1.21269
1.21803
1.222
1.22457
1.22582
1.22594
1.22519
1.22389
1.22236
1.22088
1.21968
1.21887
1.21845
1.21833
1.21839
1.21848
1.21847
1.21828
1.21786
1.21718
1.21625
1.21506
1.21365
1.21204
1.21026
1.20832
1.20626
1.20408
1.20179
1.19939
1.19689
1.19428
1.19159
1.18888
1.18621
1.18369
1.18143
1.17956
1.17816
1.17729
1.17695
1.17707
1.17757
1.17832
1.17919
1.18007
1.18088
1.18157
1.18212
1.18253
1.18283
1.18306
1.18325
1.18345
1.18368
1.18395
1.18426
1.18459
1.18492
1.18521
1.18543
1.18555
1.18554
1.18539
1.18509
1.18463
1.18405
1.18334
1.18255
1.18171
1.18084
1.17999
1.17918
1.17844
1.1778
1.17725
1.17682
1.1765
1.17629
1.17616
1.17611
1.17611
1.17613
1.17611
1.17602
1.17579
1.17537
1.17472
1.17382
1.17268
1.17134
1.16986
1.16834
1.16689
1.16562
1.16464
1.16402
1.16381
1.16402
1.16461
1.16549
1.16657
1.16771
1.16879
1.16972
1.17043
1.17089
1.17108
1.17103
1.17075
1.17029
1.16969
1.16898
1.1682
1.16738
1.16658
1.16584
1.16522
1.16479
1.16461
1.16475
1.16525
1.1661
1.16726
1.16867
1.17023
1.17182
1.17336
1.17476
1.17599
1.17702
1.17784
1.17848
1.17897
1.17934
1.17964
1.17988
1.1801
1.18031
1.18052
1.18072
1.1809
1.18105
1.18113
1.18113
1.18101
1.18076
1.18035
1.17976
1.17901
1.17812
1.17713
1.17611
1.17517
1.17444
1.17403
1.17404
1.17455
1.17557
1.17704
1.17889
1.18101
1.1833
1.18567
1.18805
1.19037
1.1926
1.19468
1.19658
1.19827
1.19974
1.20097
1.20197
1.20279
1.20348
1.20409
1.20472
1.20542
1.20628
1.20731
1.20856
1.21001
1.21166
1.21345
1.21537
1.21736
1.21938
1.22138
1.22331
1.22514
1.22682
1.22833
1.22964
1.23075
1.23164
1.23232
1.23281
1.23315
1.23338
1.23355
1.23374
1.23401
1.23445
1.23508
1.23594
1.237
1.23819
1.23941
1.24052
1.24134
1.24171
1.24145
1.24043
1.23854
1.23577
1.2322
1.22805
1.22361
1.21928
1.21546
1.21245
1.21043
1.20941
1.20932
1.21003
1.21141
1.21333
1.21563
1.2181
1.22055
1.22288
1.2251
1.22735
1.22982
1.23265
1.23582
1.23917
1.24246
1.24548
1.24813
1.25039
1.25234
1.25408
1.25571
1.25732
1.25898
1.26071
1.26252
1.26438
1.26623
1.268
1.26961
1.271
1.2721
1.27289
1.27333
1.27341
1.27315
1.27257
1.2717
1.27059
1.26932
1.26794
1.26648
1.26495
1.26331
1.26152
1.25958
1.25758
1.25571
1.25428
1.25354
1.25363
1.25443
1.25559
1.25667
1.25722
1.25692
1.25563
1.25337
1.25036
1.24694
1.24358
1.24076
1.23882
1.23791
1.23794
1.23864
1.23974
1.24101
1.24232
1.24365
1.24504
1.24653
1.24812
1.24976
1.25134
1.25269
1.25367
1.25414
1.25405
1.25343
1.25241
1.25119
1.24997
1.2489
1.24802
1.24723
1.24631
1.24504
1.24323
1.24088
1.23817
1.23542
1.23303
1.23128
1.23024
1.22977
1.22957
1.22935
1.22889
1.2281
1.22705
1.22588
1.2248
1.22404
1.22382
1.22426
1.22536
1.22695
1.22873
1.23032
1.23136
1.23157
1.23077
1.22895
1.22625
1.22299
1.21974
1.21718
1.21593
1.21622
1.2177
1.21949
1.22041
1.21927
1.21518
1.20787
1.19825
1.18882
1.18309
1.18356
1.1898
1.19891
1.20782
1.21478
1.21941
1.22209
1.22341
1.22392
1.22403
1.22401
1.22401
1.22406
1.22416
1.22421
1.22414
1.22385
1.22332
1.22255
1.22167
1.22085
1.22033
1.22034
1.22099
1.22227
1.22401
1.22593
1.22773
1.22913
1.22995
1.23009
1.22955
1.22847
1.22706
1.22561
1.22444
1.22386
1.22406
1.22508
1.22674
1.22871
1.23054
1.23173
1.23187
1.23065
1.22797
1.22393
1.21881
1.21313
1.2075
1.20254
1.19879
1.19657
1.19604
1.19718
1.19981
1.2036
1.20804
1.21256
1.21667
1.22005
1.22265
1.22463
1.22627
1.22786
1.22961
1.23158
1.23371
1.23581
1.23763
1.23891
1.23938
1.23881
1.23699
1.23381
1.22923
1.22343
1.2168
1.21
1.20389
1.19943
1.1974
1.19811
1.20122
1.20581
1.21061
1.21443
1.21634
1.2158
1.2126
1.20703
1.19997
1.19295
1.18781
1.18586
1.18719
1.19068
1.19481
1.19836
1.20079
1.20205
1.20234
1.20198
1.20125
1.20039
1.19958
1.19895
1.19856
1.19842
1.19847
1.19862
1.19879
1.19889
1.19889
1.19875
1.19849
1.19814
1.19773
1.19731
1.1969
1.19654
1.19622
1.19594
1.19564
1.19523
1.19459
1.19357
1.19197
1.18961
1.18636
1.1822
1.17739
1.17245
1.16818
1.16533
1.16422
1.1645
1.16524
1.16536
1.16407
1.16123
1.15742
1.1539
1.1521
1.15291
1.15621
1.16104
1.16617
1.17065
1.17402
1.17622
1.17738
1.17773
1.17748
1.17683
1.17591
1.17485
1.17371
1.17257
1.17146
1.17041
1.16943
1.16851
1.16764
1.1668
1.16595
1.16508
1.16418
1.16329
1.16247
1.16179
1.16136
1.16129
1.16162
1.16239
1.16352
1.16491
1.16641
1.16788
1.16916
1.17014
1.17071
1.17078
1.17026
1.16906
1.16708
1.16425
1.16057
1.15614
1.1512
1.1462
1.14166
1.13805
1.13565
1.13443
1.13408
1.13423
1.13457
1.13497
1.1355
1.13634
1.13774
1.13983
1.14265
1.14605
1.14983
1.15374
1.15758
1.16118
1.16442
1.16723
1.16959
1.17148
1.17293
1.17396
1.17463
1.17496
1.17499
1.17474
1.17422
1.17341
1.1723
1.17084
1.16897
1.16665
1.16386
1.16061
1.15701
1.15323
1.14951
1.14611
1.14322
1.14089
1.13907
1.13759
1.13635
1.13527
1.13438
1.13378
1.13354
1.13374
1.13439
1.1355
1.13705
1.13901
1.1413
1.14379
1.14633
1.14874
1.15089
1.15267
1.15404
1.15501
1.15562
1.1559
1.15591
1.15563
1.15507
1.15421
1.15305
1.15163
1.15002
1.14839
1.14693
1.14586
1.1454
1.14566
1.14666
1.14831
1.15041
1.15275
1.15514
1.15742
1.1595
1.16135
1.16296
1.16436
1.16557
1.16663
1.16755
1.16835
1.16903
1.16961
1.17008
1.17046
1.17076
1.17101
1.17124
1.1715
1.17183
1.17227
1.17287
1.17366
1.17466
1.17587
1.17726
1.1788
1.18043
1.18208
1.18369
1.18517
1.18643
1.18736
1.18788
1.18785
1.18718
1.18573
1.18342
1.18024
1.17625
1.17171
1.16702
1.1627
1.15924
1.15694
1.15587
1.15581
1.15649
1.15763
1.15907
1.16075
1.16267
1.16484
1.16724
1.16984
1.17259
1.17538
1.17811
1.18063
1.18281
1.18449
1.18553
1.18579
1.18519
1.18367
1.18131
1.17831
1.17504
1.17204
1.16987
1.16897
1.16949
1.17125
1.17381
1.17664
1.17925
1.18131
1.18259
1.18301
1.18258
1.18138
1.17955
1.1773
1.17484
1.17244
1.17029
1.16856
1.16731
1.16651
1.16605
1.16578
1.16552
1.16512
1.16443
1.16341
1.16212
1.16073
1.15954
1.15889
1.15909
1.16029
1.16243
1.16523
1.16832
1.17132
1.17396
1.17607
1.17762
1.17868
1.17935
1.17981
1.18021
1.18067
1.18127
1.18203
1.18289
1.18375
1.18447
1.18491
1.18494
1.18446
1.18339
1.18171
1.17946
1.17672
1.17363
1.17035
1.16709
1.16403
1.16136
1.1593
1.15803
1.15773
1.15849
1.16032
1.1631
1.16667
1.17076
1.175
1.17891
1.18194
1.18352
1.18316
1.18069
1.17644
1.17146
1.16742
1.16594
1.16776
1.17227
1.17806
1.18375
1.18849
1.19201
1.19438
1.19581
1.19652
1.19671
1.19656
1.19622
1.19585
1.19558
1.19553
1.19576
1.19633
1.19721
1.19838
1.19977
1.20128
1.20283
1.20432
1.20565
1.20676
1.20756
1.20801
1.20806
1.20766
1.20672
1.20515
1.20281
1.19954
1.19521
1.18977
1.18333
1.17626
1.16916
1.16277
1.15783
1.1549
1.15426
1.15593
1.15963
1.16482
1.17076
1.17667
1.18195
1.18628
1.18958
1.19195
1.19345
1.19412
1.19391
1.19282
1.19091
1.18841
1.18561
1.18281
1.18025
1.17803
1.17617
1.17463
1.17339
1.17251
1.17211
1.17234
1.17336
1.17525
1.17803
1.18155
1.18558
1.1898
1.19387
1.19751
1.20051
1.20276
1.20423
1.20496
1.20501
1.20448
1.20344
1.20195
1.20008
1.19784
1.19526
1.19235
1.18911
1.18556
1.18172
1.17764
1.17342
1.16916
1.16503
1.1612
1.15782
1.15503
1.1529
1.15145
1.15064
1.15042
1.15067
1.1513
1.1522
1.15327
1.15442
1.15556
1.15662
1.15754
1.15827
1.15878
1.15905
1.15907
1.15887
1.15845
1.15786
1.15713
1.15629
1.1554
1.1545
1.15364
1.15286
1.15219
1.15168
1.15134
1.1512
1.15125
1.1515
1.15191
1.15247
1.15315
1.15391
1.1547
1.1555
1.15626
1.15694
1.1575
1.15791
1.15814
1.15816
1.15796
1.15755
1.15697
1.1563
1.15565
1.15515
1.15494
1.15515
1.15582
1.15695
1.15846
1.1602
1.16204
1.16383
1.16544
1.1668
1.16786
1.16859
1.16898
1.16905
1.16882
1.16835
1.16772
1.16705
1.16651
1.16626
1.16646
1.1672
1.16846
1.17011
1.17193
1.17359
1.17474
1.17508
1.17437
1.17254
1.16975
1.16645
1.16325
1.16085
1.15972
1.15997
1.16144
1.16381
1.16685
1.17042
1.17445
1.1788
1.1832
1.18722
1.19038
1.19223
1.1924
1.19074
1.18735
1.18271
1.17765
1.17328
1.17054
1.16985
1.17089
1.17287
1.17497
1.1766
1.17758
1.17799
1.17805
1.178
1.17806
1.17835
1.17889
1.17964
1.18048
1.1813
1.182
1.18252
1.18285
1.18303
1.1831
1.18311
1.18311
1.18315
1.18328
1.18359
1.18415
1.18502
1.18621
1.18759
1.189
1.19019
1.19092
1.19097
1.19016
1.18837
1.18554
1.18169
1.17691
1.17141
1.16552
1.1597
1.15447
1.1503
1.14757
1.14641
1.14676
1.14839
1.15095
1.15408
1.15744
1.16074
1.16377
1.16636
1.16845
1.16999
1.171
1.1715
1.17156
1.17123
1.17057
1.16964
1.16849
1.16716
1.16569
1.16411
1.16243
1.16068
1.15886
1.157
1.1551
1.15319
1.15127
1.14935
1.14745
1.14558
1.14375
1.14199
1.14033
1.13881
1.13749
1.13639
1.13556
1.13502
1.13477
1.13478
1.135
1.13537
1.13584
1.13634
1.13683
1.13732
1.13778
1.13824
1.13869
1.13912
1.13954
1.13991
1.14021
1.14041
1.1405
1.14047
1.14034
1.14012
1.13986
1.13959
1.13937
1.13921
1.13913
1.13913
1.13916
1.1392
1.13917
1.13902
1.1387
1.13817
1.1374
1.13639
1.13514
1.1337
1.13213
1.13051
1.12896
1.1276
1.12655
1.12591
1.12576
1.12612
1.12695
1.1282
1.12976
1.13152
1.13338
1.13525
1.13705
1.13872
1.14023
1.14154
1.14264
1.14353
1.1442
1.14466
1.14494
1.14504
1.14498
1.14477
1.14441
1.14389
1.14321
1.14234
1.14126
1.13995
1.13842
1.13669
1.13484
1.13296
1.13118
1.12961
1.12837
1.12753
1.1271
1.12702
1.12717
1.12739
1.12749
1.12729
1.12668
1.12564
1.1243
1.12293
1.12195
1.12175
1.12256
1.12435
1.12681
1.12949
1.13191
1.13371
1.1347
1.13482
1.13414
1.13284
1.13118
1.12945
1.12799
1.12709
1.12694
1.12762
1.12904
1.13102
1.13332
1.13569
1.13795
1.13997
1.14166
1.14299
1.14394
1.14454
1.14478
1.14467
1.14421
1.14337
1.14212
1.14045
1.13832
1.13572
1.13271
1.1294
1.12604
1.12298
1.12062
1.11932
1.11928
1.12041
1.12242
1.12491
1.1275
1.12993
1.13208
1.13396
1.13564
1.1372
1.13874
1.14028
1.14182
1.14335
1.1448
1.14612
1.14729
1.14827
1.14908
1.14976
1.15034
1.15086
1.15132
1.15166
1.15178
1.1515
1.15063
1.14896
1.14641
1.14311
1.13956
1.1366
1.13522
1.13608
1.13907
1.14334
1.14765
1.15088
1.15229
1.15151
1.14846
1.1433
1.13641
1.12842
1.12026
1.11311
1.10812
1.1061
1.10723
1.11106
1.1167
1.12324
1.12995
1.13642
1.14246
1.148
1.15302
1.15748
1.16135
1.1646
1.1672
1.16915
1.17048
1.17123
1.17146
1.17122
1.17058
1.1696
1.16833
1.16683
1.16519
1.16347
1.16176
1.16016
1.15875
1.1576
1.15678
1.15628
1.15608
1.15612
1.15634
1.15663
1.15693
1.15718
1.15734
1.1574
1.15738
1.15729
1.15719
1.15712
1.15713
1.15724
1.1575
1.1579
1.15845
1.15913
1.15991
1.16077
1.16166
1.16254
1.16336
1.16409
1.16467
1.16503
1.16512
1.16485
1.16416
1.16297
1.16127
1.15907
1.15649
1.15377
1.15122
1.14924
1.14814
1.14808
1.14902
1.1507
1.1528
1.155
1.1571
1.15903
1.16081
1.16255
1.16434
1.1662
1.16811
1.16997
1.17167
1.17308
1.17411
1.17471
1.17487
1.17464
1.17407
1.17327
1.17236
1.17148
1.17077
1.17039
1.17044
1.17102
1.17213
1.17373
1.17572
1.17793
1.18022
1.18243
1.18442
1.18612
1.18746
1.18841
1.18898
1.18918
1.18906
1.18867
1.18809
1.1874
1.18669
1.18606
1.1856
1.18541
1.18554
1.18604
1.18694
1.18822
1.18985
1.19176
1.19388
1.19611
1.19837
1.20057
1.20264
1.2045
1.2061
1.20739
1.20833
1.20889
1.20906
1.20884
1.20826
1.20736
1.20618
1.20481
1.20333
1.2018
1.20032
1.19895
1.19778
1.19686
1.19623
1.1959
1.19584
1.19602
1.1964
1.1969
1.1975
1.19812
1.1987
1.19916
1.19939
1.1993
1.19881
1.1979
1.19662
1.19508
1.19346
1.19196
1.19079
1.19012
1.19007
1.19069
1.19196
1.1938
1.19609
1.19867
1.20136
1.204
1.20642
1.20853
1.21025
1.21156
1.21249
1.21309
1.21341
1.21351
1.21344
1.21322
1.21288
1.21241
1.21179
1.21101
1.21008
1.20901
1.20783
1.2066
1.20538
1.20425
1.20325
1.20243
1.2018
1.20138
1.20117
1.20115
1.20131
1.20165
1.20211
1.20264
1.2032
1.20369
1.20406
1.20424
1.20417
1.20381
1.20311
1.20205
1.2006
1.19877
1.19654
1.19395
1.19103
1.18784
1.18449
1.18112
1.1779
1.17505
1.17279
1.17131
1.17074
1.17113
1.17238
1.17434
1.17678
1.17949
1.18225
1.18489
1.1873
1.18939
1.19113
1.19249
1.19348
1.1941
1.19438
1.19434
1.194
1.19339
1.19252
1.19142
1.19012
1.18864
1.18702
1.1853
1.18351
1.1817
1.17989
1.17806
1.17621
1.17429
1.17227
1.17016
1.16803
1.16602
1.16433
1.16317
1.16271
1.16301
1.16401
1.16556
1.16743
1.16941
1.1713
1.173
1.17444
1.17561
1.17655
1.17731
1.17794
1.17849
1.17898
1.17941
1.17977
1.18004
1.18019
1.18021
1.18008
1.1798
1.17938
1.17884
1.17817
1.17735
1.17634
1.17506
1.17338
1.17118
1.16841
1.16506
1.1613
1.15739
1.15367
1.15047
1.14801
1.14643
1.14586
1.14649
1.1485
1.15194
1.15665
1.16221
1.16805
1.17357
1.17834
1.18208
1.18474
1.18641
1.18731
1.18772
1.18795
1.18831
1.18902
1.19021
1.19189
1.19394
1.19616
1.19828
1.20007
1.20128
1.20174
1.20132
1.19993
1.19759
1.19435
1.19033
1.18565
1.18046
1.17484
1.16891
1.16289
1.15726
1.15282
1.1505
1.15089
1.15391
1.15884
1.16474
1.17087
1.17681
1.18238
1.18749
1.19204
1.19594
1.19911
1.2015
1.20317
1.20421
1.20477
1.20501
1.2051
1.20517
1.2053
1.20553
1.20584
1.20621
1.20659
1.20694
1.20724
1.20747
1.20762
1.20768
1.20767
1.20758
1.20739
1.2071
1.20667
1.20605
1.20515
1.20389
1.20216
1.19982
1.1968
1.19309
1.18881
1.18433
1.18019
1.17708
1.17554
1.17576
1.17748
1.18016
1.18319
1.18611
1.18867
1.19078
1.19243
1.19364
1.19441
1.19468
1.19439
1.19348
1.19191
1.18967
1.18685
1.18364
1.18031
1.17721
1.17465
1.1728
1.17165
1.17101
1.17062
1.17024
1.16976
1.1692
1.1687
1.16841
1.16846
1.16887
1.16961
1.17056
1.17159
1.17261
1.17355
1.17438
1.1751
1.17572
1.17626
1.17674
1.17717
1.17758
1.17798
1.17838
1.1788
1.17925
1.17972
1.1802
1.18068
1.18114
1.18156
1.18192
1.18219
1.18236
1.1824
1.18231
1.18208
1.18169
1.18115
1.18047
1.17969
1.17884
1.17799
1.17722
1.17663
1.17631
1.17632
1.1767
1.17739
1.1783
1.17924
1.18001
1.18038
1.18015
1.1792
1.17749
1.17508
1.17214
1.16885
1.16542
1.16201
1.15874
1.15573
1.1532
1.15149
1.151
1.15211
1.15491
1.15915
1.16423
1.16946
1.17425
1.17822
1.18122
1.18328
1.18452
1.1851
1.18519
1.18492
1.18439
1.18369
1.18285
1.18194
1.18099
1.18006
1.17923
1.17859
1.17822
1.17815
1.17835
1.17872
1.17905
1.17909
1.17857
1.17721
1.17483
1.17139
1.16709
1.16243
1.1582
1.15525
1.15417
1.15503
1.1574
1.16062
1.16405
1.16734
1.17033
1.17304
1.17554
1.17789
1.18012
1.18223
1.18421
1.18605
1.18772
1.18923
1.19055
1.1917
1.19265
1.1934
1.19392
1.19416
1.19406
1.19356
1.19256
1.19096
1.18866
1.18555
1.18158
1.17674
1.17114
1.16505
1.15888
1.15321
1.14863
1.14564
1.14446
1.14504
1.14709
1.15026
1.15422
1.15874
1.16363
1.16869
1.17365
1.17817
1.18182
1.18412
1.18454
1.1826
1.17812
1.17154
1.16442
1.15932
1.15869
1.16323
1.17139
1.18052
1.18852
1.19439
1.19804
1.19981
1.20013
1.19938
1.19787
1.19579
1.19328
1.19042
1.18724
1.18374
1.17989
1.17567
1.17108
1.16614
1.16092
1.15561
1.15047
1.14587
1.14221
1.1399
1.13925
1.14037
1.14315
1.14731
1.15239
1.15791
1.16344
1.16862
1.17321
1.17706
1.18014
1.18247
1.18411
1.18516
1.18571
1.18588
1.18574
1.18539
1.18489
1.18429
1.18364
1.18297
1.18231
1.18166
1.18106
1.18049
1.17996
1.17947
1.17902
1.17859
1.17818
1.17776
1.1773
1.17677
1.17613
1.17534
1.17437
1.17322
1.17194
1.17063
1.16944
1.16855
1.16815
1.16836
1.16915
1.17041
1.17189
1.17332
1.17443
1.17499
1.17486
1.17395
1.17226
1.16985
1.16687
1.16352
1.16012
1.157
1.15451
1.15294
1.15245
1.15308
1.15472
1.15721
1.16032
1.16385
1.16758
1.17133
1.17497
1.17837
1.18147
1.18422
1.18661
1.18865
1.19037
1.19179
1.19295
1.19387
1.19456
1.19504
1.19529
1.19532
1.1951
1.19464
1.19391
1.19291
1.19165
1.19015
1.18844
1.18659
1.18466
1.18278
1.18107
1.17968
1.17876
1.17843
1.17873
1.1796
1.18088
1.18235
1.18377
1.18491
1.18563
1.18586
1.18561
1.18499
1.18416
1.1833
1.18259
1.18216
1.18206
1.18231
1.18284
1.18358
1.18447
1.1855
1.18666
1.18798
1.18949
1.19119
1.19303
1.19494
1.1968
1.19848
1.19983
1.20076
1.20117
1.20103
1.20036
1.19924
1.19784
1.19637
1.19509
1.19421
1.19386
1.19405
1.19466
1.19546
1.19621
1.19666
1.19662
1.19594
1.19459
1.19261
1.19015
1.18751
1.18506
1.18322
1.18235
1.18262
1.184
1.1862
1.18881
1.1914
1.1936
1.19526
1.19642
1.19731
1.19828
1.19961
1.20141
1.20352
1.20562
1.20729
1.20823
1.20828
1.20747
1.206
1.20415
1.20227
1.20065
1.19952
1.19901
1.1991
1.19968
1.20064
1.20183
1.20319
1.20468
1.20627
1.20793
1.2096
1.21114
1.21239
1.21316
1.21326
1.21253
1.21086
1.20822
1.20469
1.20047
1.19588
1.19137
1.18747
1.18465
1.18325
1.18334
1.18473
1.18698
1.18951
1.19168
1.19283
1.19241
1.19001
1.18568
1.18016
1.1751
1.17266
1.17438
1.18018
1.18841
1.19702
1.20454
1.21036
1.2145
1.21726
1.219
1.22005
1.22066
1.22102
1.22125
1.22143
1.22158
1.22169
1.22168
1.22143
1.22077
1.21946
1.21722
1.21374
1.20875
1.20212
1.19403
1.18509
1.17625
1.16843
1.16213
1.15723
1.15346
1.15103
1.15079
1.15377
1.16032
1.16972
1.18049
1.1911
1.20042
1.20785
1.21319
1.21647
1.21785
1.21753
1.21578
1.21293
1.20934
1.20537
1.20134
1.19743
1.19366
1.18988
1.18589
1.18155
1.17693
1.17229
1.16813
1.16493
1.16305
1.16259
1.16336
1.165
1.16718
1.16965
1.1723
1.17514
1.17819
1.18144
1.18482
1.18823
1.19148
1.19443
1.19692
1.19883
1.2001
1.20066
1.20051
1.19965
1.19812
1.19598
1.19331
1.19019
1.18675
1.1831
1.17938
1.17571
1.17221
1.16904
1.16631
1.16416
1.1627
1.16201
1.16206
1.1628
1.16409
1.16575
1.16761
1.16951
1.17135
1.17305
1.17457
1.1759
1.17704
1.178
1.17879
1.17944
1.17994
1.18029
1.18049
1.18051
1.18032
1.17988
1.17911
1.17794
1.17627
1.17398
1.17097
1.16712
1.16237
1.15674
1.15037
1.14361
1.13697
1.13113
1.12678
1.12445
1.12428
1.12607
1.1293
1.13336
1.13776
1.14214
1.14634
1.15028
1.15394
1.15731
1.16038
1.16314
1.16559
1.16772
1.16953
1.17104
1.17225
1.17319
1.17388
1.17434
1.17459
1.17467
1.17458
1.17434
1.17397
1.17346
1.17284
1.17209
1.17121
1.17022
1.16914
1.16799
1.16682
1.16572
1.16478
1.16407
1.16367
1.1636
1.16387
1.16441
1.16514
1.16594
1.16673
1.16743
1.16798
1.16837
1.1686
1.16871
1.16873
1.16873
1.16873
1.16878
1.16891
1.16912
1.16941
1.16975
1.17009
1.17038
1.17056
1.17054
1.17027
1.1697
1.16878
1.16755
1.16607
1.1645
1.16303
1.16192
1.1614
1.16159
1.16252
1.16405
1.16599
1.16808
1.17012
1.17196
1.17351
1.17474
1.17565
1.17628
1.17666
1.17684
1.17685
1.17673
1.1765
1.17617
1.17576
1.17528
1.17472
1.1741
1.17342
1.17269
1.1719
1.17108
1.17021
1.16931
1.16837
1.16737
1.16629
1.16512
1.16383
1.16242
1.16089
1.15927
1.15765
1.15611
1.15479
1.15383
1.15337
1.15349
1.15424
1.1556
1.15746
1.15969
1.16212
1.16459
1.16697
1.16914
1.17106
1.1727
1.17406
1.17518
1.17609
1.17684
1.17748
1.17803
1.17855
1.17905
1.17956
1.18009
1.18066
1.18125
1.18188
1.18253
1.1832
1.18388
1.18457
1.18525
1.18593
1.18659
1.18723
1.18784
1.18843
1.18898
1.1895
1.18998
1.19043
1.19085
1.19125
1.19162
1.19197
1.1923
1.19259
1.19284
1.19302
1.19313
1.19315
1.19307
1.1929
1.19265
1.1923
1.19187
1.19133
1.19068
1.18995
1.18926
1.1888
1.18883
1.1896
1.1912
1.19359
1.19652
1.19968
1.20278
1.20558
1.20794
1.20978
1.21108
1.21183
1.21205
1.21177
1.21104
1.20993
1.20857
1.20708
1.20562
1.20435
1.20341
1.20292
1.20295
1.20349
1.20451
1.20593
1.20763
1.20952
1.21153
1.21361
1.21573
1.21787
1.22001
1.22212
1.22414
1.22601
1.22766
1.22899
1.22987
1.23013
1.22955
1.22785
1.22471
1.2199
1.21346
1.20592
1.19842
1.1925
1.18928
1.18872
1.18965
1.19062
1.19077
1.19013
1.18931
1.18898
1.18947
1.19081
1.19288
1.19566
1.19916
1.20331
1.20784
1.21242
1.21668
1.22036
1.22334
1.22562
1.22727
1.22837
1.22904
1.22935
1.2294
1.22925
1.229
1.22873
1.22856
1.22862
1.22902
1.22987
1.2312
1.23298
1.23511
1.23744
1.23977
1.24193
1.24372
1.24499
1.24561
1.24547
1.24447
1.24253
1.23958
1.23554
1.23038
1.22412
1.21692
1.20915
1.20145
1.19472
1.18991
1.18773
1.18839
1.19144
1.19596
1.20082
1.20508
1.20815
1.20976
1.20989
1.20871
1.20651
1.20382
1.20125
1.19937
1.19849
1.19862
1.19954
1.20106
1.20307
1.20554
1.20844
1.21163
1.21493
1.21815
1.22111
1.22368
1.22581
1.22747
1.22866
1.22941
1.22976
1.22975
1.22942
1.22883
1.22803
1.22705
1.22596
1.2248
1.22361
1.22245
1.22134
1.22033
1.21942
1.21861
1.21791
1.21729
1.21672
1.21615
1.21555
1.21486
1.21405
1.21309
1.21195
1.21064
1.20916
1.20756
1.20588
1.20417
1.2025
1.20089
1.19931
1.19768
1.19586
1.19365
1.19089
1.18745
1.18337
1.17888
1.1744
1.17047
1.16759
