1.1
1.1
1.09999
1.09996
1.0999
1.09983
1.09974
1.09962
1.09948
1.09932
1.09914
1.09894
1.09872
1.09848
1.09822
1.09793
1.09762
1.0973
1.09695
1.09658
1.09618
1.09577
1.09533
1.09487
1.09439
1.09389
1.09336
1.09281
1.09224
1.09164
1.09103
1.09038
1.08971
1.08902
1.08831
1.08757
1.0868
1.08601
1.08519
1.08435
1.08348
1.08258
1.08165
1.0807
1.07972
1.07872
1.07768
1.07661
1.07552
1.0744
1.07324
1.07206
1.07085
1.0696
1.06832
1.06701
1.06567
1.06429
1.06289
1.06144
1.05997
1.05846
1.05691
1.05532
1.05371
1.05205
1.05035
1.04862
1.04685
1.04504
1.04319
1.0413
1.03937
1.0374
1.03539
1.03333
1.03123
1.02909
1.0269
1.02467
1.0224
1.02008
1.01771
1.0153
1.01283
1.01033
1.00777
1.00516
1.00251
0.999799
0.997043
0.994237
0.99138
0.988471
0.98551
0.982498
0.979432
0.976315
0.973144
0.96992
0.966642
0.96331
0.959925
0.956485
0.952992
0.949445
0.945842
0.942186
0.938476
0.934711
0.930892
0.927019
0.923094
0.919115
0.915083
0.910999
0.906863
0.902675
0.898436
0.894147
0.889808
0.88542
0.880983
0.876498
0.871967
0.86739
0.862769
0.858104
0.853398
0.848651
0.843864
0.839039
0.834177
0.829279
0.824347
0.819383
0.814389
0.809366
0.804316
0.799241
0.794144
0.789025
0.783888
0.778735
0.773567
0.768387
0.763198
0.758002
0.752801
0.747597
0.742394
0.737194
0.731999
0.726813
0.721638
0.716477
0.711331
0.706205
0.7011
0.696019
0.690966
0.685942
0.680952
0.675996
0.671079
0.666203
0.66137
0.656583
0.651846
0.647161
0.64253
0.637955
0.63344
0.628986
0.624596
0.620271
0.616015
0.611828
0.607713
0.603673
0.599708
0.595821
0.592014
0.588287
0.584643
0.581083
0.577607
0.574219
0.570917
0.567704
0.56458
0.561546
0.558603
0.555751
0.552991
0.550323
0.547748
0.545266
0.542877
0.54058
0.538377
0.536266
0.534247
0.532321
0.530486
0.528742
0.527088
0.525525
0.524051
0.522665
0.521366
0.520154
0.519027
0.517984
0.517025
0.516147
0.51535
0.514632
0.513992
0.513429
0.512941
0.512528
0.512186
0.511915
0.511714
0.51158
0.511513
0.511509
0.511569
0.511689
0.511868
0.512105
0.512398
0.512745
0.513144
0.513595
0.514094
0.51464
0.515232
0.515867
0.516545
0.517262
0.518018
0.518811
0.519638
0.5205
0.521392
0.522315
0.523267
1.1
1.10072
1.10215
1.10355
1.1049
1.10622
1.10748
1.10871
1.10989
1.11102
1.1121
1.11313
1.11411
1.11504
1.11591
1.11673
1.11749
1.11819
1.11884
1.11943
1.11996
1.12043
1.12085
1.1212
1.12148
1.12171
1.12188
1.12198
1.12202
1.122
1.12191
1.12176
1.12155
1.12127
1.12093
1.12052
1.12006
1.11953
1.11893
1.11828
1.11756
1.11679
1.11595
1.11505
1.11409
1.11308
1.112
1.11087
1.10968
1.10844
1.10715
1.1058
1.1044
1.10295
1.10145
1.09991
1.09831
1.09668
1.095
1.09327
1.09151
1.08971
1.08788
1.08601
1.08411
1.08218
1.08022
1.07824
1.07623
1.0742
1.07215
1.07008
1.068
1.0659
1.06379
1.06167
1.05954
1.0574
1.05527
1.05313
1.05099
1.04885
1.04672
1.0446
1.04248
1.04038
1.03828
1.0362
1.03413
1.03208
1.03005
1.02804
1.02604
1.02407
1.02212
1.0202
1.0183
1.01642
1.01457
1.01275
1.01095
1.00918
1.00744
1.00572
1.00404
1.00238
1.00075
0.99914
0.997562
0.996011
0.994485
0.992985
0.99151
0.990059
0.988632
0.987227
0.985845
0.984483
0.983142
0.981819
0.980515
0.979227
0.977955
0.976697
0.975451
0.974217
0.972994
0.971779
0.970571
0.96937
0.968174
0.966981
0.965791
0.964602
0.963412
0.962221
0.961027
0.959828
0.958623
0.957411
0.956192
0.954964
0.953725
0.952475
0.951214
0.949938
0.94865
0.947346
0.946027
0.944692
0.943341
0.941973
0.940587
0.939183
0.937762
0.936322
0.934864
0.933387
0.93189
0.930376
0.928842
0.927291
0.925722
0.924135
0.922531
0.92091
0.919274
0.917623
0.915958
0.914279
0.912589
0.910887
0.909175
0.907453
0.905723
0.903987
0.902244
0.900497
0.898747
0.896996
0.895244
0.893493
0.891746
0.890003
0.888267
0.886539
0.884821
0.883114
0.88142
0.879741
0.878078
0.876433
0.874807
0.873202
0.87162
0.870063
0.868531
0.867027
0.865552
0.864107
0.862694
0.861313
0.859966
0.858654
0.857379
0.856141
0.854941
0.85378
0.852659
0.851578
0.850538
0.849538
0.848581
0.847665
0.846791
0.845959
0.845169
0.844421
0.843716
0.843052
0.842429
0.841847
0.841307
0.840806
0.840346
0.839924
0.839541
0.839196
0.838888
0.838617
0.838381
0.83818
0.838013
0.83788
0.83778
0.837711
0.837674
0.837667
0.83769
0.837741
0.837821
0.837928
0.838063
0.838224
0.83841
0.838621
0.838855
0.839113
0.839395
0.839699
1.1
1.10018
1.10057
1.10095
1.1013
1.10164
1.10196
1.10226
1.10254
1.10281
1.10305
1.10328
1.10348
1.10367
1.10383
1.10398
1.10411
1.10422
1.10431
1.10438
1.10444
1.10448
1.10449
1.10449
1.10447
1.10444
1.10438
1.10431
1.10422
1.10411
1.10398
1.10384
1.10368
1.10351
1.10331
1.1031
1.10287
1.10263
1.10237
1.10209
1.1018
1.10148
1.10116
1.10081
1.10045
1.10007
1.09968
1.09927
1.09884
1.0984
1.09794
1.09746
1.09697
1.09646
1.09594
1.0954
1.09485
1.09428
1.09369
1.0931
1.09248
1.09185
1.09121
1.09055
1.08988
1.08919
1.08849
1.08778
1.08705
1.08631
1.08555
1.08478
1.084
1.0832
1.08239
1.08157
1.08073
1.07988
1.07902
1.07814
1.07725
1.07635
1.07544
1.07452
1.07359
1.07264
1.07169
1.07072
1.06975
1.06876
1.06777
1.06677
1.06577
1.06476
1.06375
1.06273
1.06171
1.06068
1.05966
1.05864
1.05762
1.0566
1.05559
1.05458
1.05358
1.0526
1.05162
1.05066
1.04971
1.04877
1.04785
1.04696
1.04608
1.04522
1.04439
1.04358
1.0428
1.04205
1.04133
1.04064
1.03998
1.03935
1.03876
1.0382
1.03768
1.03719
1.03674
1.03633
1.03596
1.03562
1.03533
1.03507
1.03485
1.03467
1.03453
1.03443
1.03437
1.03434
1.03436
1.0344
1.03449
1.03461
1.03476
1.03495
1.03517
1.03543
1.03571
1.03603
1.03638
1.03675
1.03716
1.03759
1.03805
1.03853
1.03904
1.03957
1.04012
1.04069
1.04128
1.0419
1.04253
1.04318
1.04384
1.04452
1.04521
1.04592
1.04663
1.04736
1.0481
1.04885
1.0496
1.05036
1.05113
1.0519
1.05267
1.05344
1.05422
1.05499
1.05576
1.05653
1.0573
1.05806
1.05882
1.05957
1.06031
1.06104
1.06176
1.06247
1.06317
1.06385
1.06452
1.06517
1.06581
1.06642
1.06702
1.0676
1.06816
1.06869
1.0692
1.06968
1.07014
1.07057
1.07097
1.07134
1.07168
1.07199
1.07227
1.07252
1.07273
1.07291
1.07305
1.07316
1.07323
1.07326
1.07326
1.07322
1.07314
1.07302
1.07287
1.07268
1.07244
1.07217
1.07187
1.07152
1.07114
1.07072
1.07026
1.06977
1.06924
1.06868
1.06809
1.06746
1.06681
1.06612
1.06541
1.06468
1.06392
1.06313
1.06233
1.06151
1.06067
1.05982
1.05896
1.05809
1.05722
1.05633
1.05545
1.05457
1.05369
1.05282
1.1
1.09955
1.09868
1.09783
1.09699
1.09616
1.09535
1.09456
1.09379
1.09304
1.09232
1.09163
1.09096
1.09033
1.08973
1.08916
1.08863
1.08814
1.08768
1.08727
1.0869
1.08656
1.08627
1.08602
1.08581
1.08565
1.08553
1.08545
1.08541
1.08542
1.08546
1.08555
1.08568
1.08585
1.08605
1.08629
1.08657
1.08688
1.08722
1.0876
1.08801
1.08844
1.08891
1.08939
1.08991
1.09044
1.09099
1.09156
1.09215
1.09275
1.09337
1.09399
1.09463
1.09527
1.09593
1.09658
1.09724
1.0979
1.09857
1.09923
1.09989
1.10055
1.10121
1.10186
1.1025
1.10314
1.10378
1.1044
1.10502
1.10563
1.10624
1.10683
1.10742
1.108
1.10857
1.10914
1.10969
1.11024
1.11079
1.11133
1.11186
1.11239
1.11291
1.11343
1.11394
1.11445
1.11496
1.11547
1.11598
1.11648
1.11698
1.11748
1.11798
1.11847
1.11897
1.11946
1.11995
1.12044
1.12093
1.12141
1.12189
1.12237
1.12284
1.1233
1.12375
1.1242
1.12463
1.12506
1.12547
1.12586
1.12624
1.12661
1.12695
1.12728
1.12758
1.12786
1.12811
1.12834
1.12855
1.12872
1.12886
1.12898
1.12906
1.12911
1.12912
1.1291
1.12904
1.12895
1.12882
1.12865
1.12845
1.1282
1.12792
1.1276
1.12724
1.12685
1.12642
1.12595
1.12545
1.12491
1.12434
1.12373
1.1231
1.12243
1.12173
1.121
1.12025
1.11947
1.11866
1.11784
1.11699
1.11612
1.11524
1.11434
1.11343
1.11251
1.11157
1.11063
1.10969
1.10874
1.10779
1.10684
1.1059
1.10496
1.10403
1.10311
1.1022
1.1013
1.10042
1.09955
1.09871
1.09789
1.09709
1.09631
1.09557
1.09485
1.09416
1.0935
1.09288
1.09229
1.09174
1.09123
1.09075
1.09031
1.08991
1.08955
1.08924
1.08896
1.08873
1.08854
1.0884
1.08829
1.08823
1.08822
1.08825
1.08832
1.08843
1.08859
1.08878
1.08902
1.0893
1.08962
1.08997
1.09037
1.0908
1.09126
1.09176
1.0923
1.09286
1.09346
1.09409
1.09474
1.09542
1.09612
1.09685
1.09759
1.09836
1.09915
1.09995
1.10076
1.10159
1.10243
1.10328
1.10413
1.10499
1.10586
1.10673
1.10759
1.10846
1.10933
1.11019
1.11104
1.11189
1.11273
1.11355
1.11436
1.11516
1.11594
1.11671
1.11745
1.11817
1.11887
1.11955
1.1202
1.12083
1.12143
1.122
1.12254
1.12304
1.12352
1.1
1.10018
1.10054
1.10088
1.10118
1.10144
1.10167
1.10185
1.102
1.10211
1.10218
1.10221
1.10219
1.10214
1.10204
1.10189
1.1017
1.10147
1.10118
1.10086
1.10048
1.10006
1.09959
1.09908
1.09851
1.0979
1.09724
1.09653
1.09578
1.09497
1.09412
1.09322
1.09228
1.09129
1.09025
1.08917
1.08804
1.08687
1.08566
1.0844
1.08311
1.08177
1.08039
1.07897
1.07752
1.07602
1.0745
1.07294
1.07135
1.06972
1.06807
1.06639
1.06469
1.06296
1.06121
1.05944
1.05765
1.05585
1.05403
1.0522
1.05036
1.04851
1.04665
1.0448
1.04294
1.04108
1.03923
1.03738
1.03554
1.03371
1.0319
1.0301
1.02832
1.02656
1.02483
1.02312
1.02144
1.01979
1.01817
1.01659
1.01505
1.01356
1.0121
1.01069
1.00934
1.00803
1.00678
1.00558
1.00444
1.00336
1.00235
1.0014
1.00051
0.9997
0.998957
0.998286
0.997688
0.997166
0.99672
0.996353
0.996063
0.995854
0.995725
0.995676
0.99571
0.995825
0.996022
0.996302
0.996663
0.997106
0.99763
0.998234
0.998918
0.999681
1.00052
1.00144
1.00243
1.0035
1.00463
1.00584
1.00712
1.00847
1.00988
1.01135
1.01289
1.01449
1.01614
1.01784
1.0196
1.02141
1.02326
1.02516
1.0271
1.02908
1.0311
1.03315
1.03522
1.03733
1.03946
1.04162
1.04379
1.04597
1.04818
1.05039
1.0526
1.05482
1.05704
1.05926
1.06147
1.06367
1.06587
1.06804
1.0702
1.07234
1.07445
1.07654
1.0786
1.08063
1.08262
1.08458
1.0865
1.08838
1.09021
1.092
1.09375
1.09544
1.09709
1.09868
1.10022
1.10171
1.10314
1.10452
1.10584
1.10711
1.10831
1.10946
1.11056
1.11159
1.11257
1.11349
1.11436
1.11517
1.11592
1.11662
1.11726
1.11786
1.1184
1.11889
1.11933
1.11972
1.12006
1.12036
1.12062
1.12083
1.12099
1.12112
1.12121
1.12126
1.12128
1.12126
1.12121
1.12112
1.121
1.12086
1.12068
1.12048
1.12026
1.12001
1.11973
1.11943
1.11911
1.11878
1.11842
1.11804
1.11765
1.11725
1.11682
1.11639
1.11594
1.11548
1.115
1.11452
1.11403
1.11352
1.11301
1.11249
1.11197
1.11144
1.1109
1.11036
1.10982
1.10928
1.10873
1.10818
1.10763
1.10708
1.10652
1.10597
1.10542
1.10487
1.10432
1.10377
1.10322
1.10268
1.10214
1.1016
1.10107
1.10054
1.10001
1.09949
1.1
1.09972
1.09922
1.09871
1.09821
1.09771
1.09722
1.09674
1.09625
1.09577
1.0953
1.09482
1.09435
1.09388
1.09341
1.09295
1.09248
1.09201
1.09154
1.09107
1.0906
1.09013
1.08965
1.08917
1.08869
1.0882
1.0877
1.0872
1.08669
1.08617
1.08564
1.08511
1.08456
1.084
1.08343
1.08285
1.08226
1.08165
1.08103
1.0804
1.07975
1.07909
1.07841
1.07772
1.07701
1.07629
1.07556
1.07481
1.07405
1.07327
1.07248
1.07169
1.07087
1.07005
1.06922
1.06839
1.06754
1.06669
1.06584
1.06498
1.06412
1.06327
1.06241
1.06156
1.06072
1.05989
1.05906
1.05825
1.05746
1.05668
1.05593
1.05519
1.05448
1.0538
1.05314
1.05252
1.05192
1.05137
1.05085
1.05036
1.04992
1.04952
1.04916
1.04884
1.04857
1.04835
1.04817
1.04804
1.04795
1.04791
1.04792
1.04798
1.04808
1.04823
1.04843
1.04867
1.04895
1.04927
1.04964
1.05004
1.05049
1.05097
1.05148
1.05203
1.05261
1.05323
1.05387
1.05454
1.05523
1.05595
1.05669
1.05745
1.05822
1.05902
1.05983
1.06066
1.0615
1.06236
1.06322
1.0641
1.06498
1.06588
1.06678
1.06768
1.0686
1.06951
1.07044
1.07136
1.07229
1.07323
1.07416
1.0751
1.07603
1.07697
1.0779
1.07884
1.07977
1.08071
1.08163
1.08256
1.08348
1.0844
1.08531
1.08622
1.08712
1.08801
1.0889
1.08977
1.09064
1.09149
1.09233
1.09316
1.09398
1.09478
1.09556
1.09633
1.09708
1.09781
1.09851
1.0992
1.09986
1.1005
1.10112
1.1017
1.10226
1.1028
1.1033
1.10377
1.10422
1.10463
1.10501
1.10536
1.10568
1.10596
1.10622
1.10644
1.10662
1.10678
1.1069
1.10699
1.10705
1.10708
1.10708
1.10706
1.107
1.10692
1.10682
1.1067
1.10655
1.10638
1.1062
1.10601
1.1058
1.10558
1.10535
1.10511
1.10487
1.10463
1.10439
1.10415
1.10392
1.1037
1.10349
1.10329
1.10311
1.10294
1.1028
1.10268
1.10258
1.10251
1.10247
1.10246
1.10248
1.10254
1.10263
1.10276
1.10293
1.10313
1.10338
1.10366
1.10399
1.10436
1.10477
1.10523
1.10572
1.10626
1.10684
1.10746
1.10812
1.10882
1.10956
1.11034
1.11115
1.112
1.11288
1.11379
1.11473
1.1157
1.11669
1.11771
1.11875
1.11981
1.12089
1.12198
1.12309
1.1242
1.12533
1.12647
1.1276
1.12875
1.1
1.10055
1.10167
1.10279
1.10391
1.10503
1.10613
1.10723
1.10832
1.10939
1.11045
1.11149
1.11252
1.11353
1.11452
1.1155
1.11644
1.11737
1.11828
1.11916
1.12001
1.12084
1.12165
1.12243
1.12318
1.12391
1.12461
1.12528
1.12592
1.12654
1.12713
1.12769
1.12823
1.12874
1.12922
1.12968
1.13011
1.13051
1.1309
1.13125
1.13159
1.1319
1.13219
1.13246
1.13271
1.13294
1.13315
1.13335
1.13352
1.13369
1.13383
1.13397
1.13409
1.1342
1.1343
1.13439
1.13448
1.13455
1.13462
1.13468
1.13473
1.13478
1.13483
1.13487
1.13491
1.13494
1.13498
1.13501
1.13504
1.13506
1.13509
1.13511
1.13513
1.13515
1.13516
1.13517
1.13518
1.13518
1.13518
1.13517
1.13516
1.13513
1.1351
1.13506
1.13501
1.13495
1.13487
1.13478
1.13468
1.13456
1.13442
1.13426
1.13409
1.13389
1.13368
1.13344
1.13318
1.1329
1.13259
1.13226
1.1319
1.13152
1.13111
1.13067
1.13021
1.12973
1.12921
1.12867
1.12811
1.12751
1.12689
1.12625
1.12557
1.12488
1.12416
1.12341
1.12264
1.12185
1.12103
1.1202
1.11934
1.11846
1.11756
1.11664
1.1157
1.11475
1.11377
1.11279
1.11178
1.11076
1.10973
1.10868
1.10762
1.10655
1.10547
1.10438
1.10327
1.10216
1.10104
1.09991
1.09878
1.09764
1.09649
1.09534
1.09418
1.09302
1.09186
1.09069
1.08952
1.08835
1.08718
1.08601
1.08484
1.08366
1.08249
1.08132
1.08015
1.07899
1.07782
1.07666
1.0755
1.07434
1.07319
1.07204
1.07089
1.06975
1.06861
1.06748
1.06634
1.06521
1.06409
1.06297
1.06185
1.06073
1.05962
1.05851
1.0574
1.0563
1.0552
1.05411
1.05301
1.05193
1.05084
1.04976
1.04868
1.04761
1.04654
1.04547
1.04441
1.04335
1.0423
1.04125
1.04021
1.03918
1.03815
1.03713
1.03611
1.0351
1.03409
1.03309
1.0321
1.03112
1.03014
1.02916
1.02819
1.02723
1.02627
1.02531
1.02435
1.0234
1.02245
1.0215
1.02055
1.01959
1.01864
1.01767
1.01671
1.01573
1.01475
1.01376
1.01276
1.01174
1.01072
1.00967
1.00862
1.00754
1.00645
1.00534
1.00421
1.00305
1.00188
1.00068
0.999464
0.998222
0.996956
0.995667
0.994354
0.993017
0.991658
0.990275
0.98887
0.987443
0.985994
0.984526
0.98304
0.981535
0.980015
0.978481
0.976933
0.975375
1.1
1.09913
1.09744
1.09571
1.09395
1.09218
1.09038
1.08856
1.08673
1.08489
1.08304
1.08119
1.07933
1.07749
1.07565
1.07382
1.072
1.07021
1.06845
1.06671
1.065
1.06333
1.06171
1.06013
1.0586
1.05712
1.05571
1.05435
1.05306
1.05184
1.05069
1.04962
1.04862
1.04771
1.04689
1.04615
1.04549
1.04494
1.04447
1.0441
1.04383
1.04365
1.04357
1.04358
1.04369
1.0439
1.0442
1.0446
1.04509
1.04567
1.04633
1.04709
1.04793
1.04885
1.04985
1.05092
1.05207
1.05329
1.05457
1.05591
1.0573
1.05875
1.06025
1.06179
1.06337
1.06499
1.06664
1.06831
1.07001
1.07172
1.07345
1.07519
1.07693
1.07868
1.08042
1.08216
1.08389
1.0856
1.0873
1.08898
1.09064
1.09227
1.09388
1.09546
1.09701
1.09852
1.1
1.10144
1.10285
1.10422
1.10555
1.10684
1.10809
1.10929
1.11046
1.11159
1.11268
1.11373
1.11474
1.11572
1.11666
1.11757
1.11844
1.11928
1.12009
1.12087
1.12162
1.12235
1.12306
1.12375
1.12442
1.12507
1.12571
1.12634
1.12696
1.12757
1.12818
1.12878
1.12938
1.12999
1.13059
1.13121
1.13183
1.13245
1.13309
1.13373
1.13439
1.13506
1.13574
1.13644
1.13715
1.13787
1.13861
1.13936
1.14012
1.1409
1.14168
1.14248
1.14328
1.1441
1.14492
1.14574
1.14657
1.1474
1.14823
1.14905
1.14987
1.15069
1.1515
1.15229
1.15308
1.15385
1.1546
1.15534
1.15606
1.15676
1.15744
1.15809
1.15872
1.15933
1.15991
1.16046
1.16098
1.16148
1.16194
1.16238
1.16278
1.16316
1.16351
1.16382
1.16411
1.16436
1.16459
1.16479
1.16497
1.16511
1.16524
1.16533
1.1654
1.16545
1.16548
1.16549
1.16548
1.16545
1.1654
1.16533
1.16525
1.16516
1.16506
1.16494
1.16481
1.16468
1.16454
1.16439
1.16423
1.16408
1.16391
1.16375
1.16358
1.16342
1.16325
1.16308
1.16291
1.16274
1.16257
1.1624
1.16223
1.16207
1.1619
1.16173
1.16156
1.16139
1.16122
1.16105
1.16087
1.16069
1.16051
1.16032
1.16012
1.15991
1.1597
1.15948
1.15924
1.15899
1.15873
1.15846
1.15817
1.15786
1.15754
1.1572
1.15684
1.15647
1.15607
1.15565
1.15522
1.15476
1.15429
1.15379
1.15328
1.15275
1.1522
1.15163
1.15105
1.15045
1.14984
1.14922
1.14858
1.14794
1.1473
1.14665
1.1
1.09862
1.09801
1.09742
1.09684
1.09629
1.09577
1.09527
1.0948
1.09437
1.09398
1.09362
1.09331
1.09304
1.09281
1.09264
1.09251
1.09244
1.09242
1.09246
1.09256
1.09271
1.09293
1.0932
1.09353
1.09393
1.09438
1.09489
1.09547
1.0961
1.0968
1.09755
1.09835
1.09921
1.10013
1.1011
1.10212
1.10318
1.1043
1.10545
1.10665
1.10789
1.10917
1.11048
1.11182
1.1132
1.1146
1.11603
1.11748
1.11895
1.12043
1.12193
1.12345
1.12497
1.12651
1.12805
1.12959
1.13113
1.13267
1.13422
1.13575
1.13728
1.1388
1.14031
1.14181
1.1433
1.14477
1.14622
1.14766
1.14907
1.15047
1.15185
1.15321
1.15454
1.15585
1.15714
1.1584
1.15964
1.16086
1.16205
1.16321
1.16436
1.16547
1.16656
1.16763
1.16868
1.16969
1.17069
1.17166
1.17261
1.17354
1.17445
1.17534
1.1762
1.17705
1.17788
1.17869
1.17948
1.18026
1.18102
1.18177
1.1825
1.18322
1.18393
1.18462
1.1853
1.18597
1.18663
1.18728
1.18792
1.18855
1.18917
1.18979
1.19039
1.19099
1.19158
1.19216
1.19273
1.1933
1.19386
1.19441
1.19495
1.19549
1.19602
1.19654
1.19705
1.19755
1.19804
1.19852
1.19899
1.19946
1.19991
1.20034
1.20077
1.20118
1.20158
1.20196
1.20233
1.20269
1.20302
1.20334
1.20365
1.20393
1.20419
1.20444
1.20466
1.20486
1.20504
1.20519
1.20533
1.20543
1.20551
1.20557
1.2056
1.20559
1.20557
1.20551
1.20542
1.2053
1.20515
1.20496
1.20475
1.2045
1.20422
1.2039
1.20355
1.20316
1.20273
1.20228
1.20178
1.20125
1.20068
1.20008
1.19944
1.19876
1.19805
1.1973
1.19652
1.1957
1.19484
1.19395
1.19303
1.19207
1.19108
1.19005
1.189
1.18791
1.18679
1.18565
1.18447
1.18327
1.18205
1.1808
1.17953
1.17824
1.17694
1.17561
1.17427
1.17291
1.17154
1.17017
1.16878
1.16739
1.16599
1.16459
1.16319
1.1618
1.1604
1.15902
1.15763
1.15626
1.1549
1.15355
1.15222
1.1509
1.1496
1.14833
1.14707
1.14583
1.14462
1.14344
1.14228
1.14114
1.14004
1.13896
1.13792
1.1369
1.13591
1.13495
1.13403
1.13313
1.13226
1.13142
1.13061
1.12982
1.12907
1.12834
1.12764
1.12696
1.1263
1.12566
1.12505
1.12446
1.12388
1.12332
1.12277
1.12224
1.12172
1.12121
1.12071
1.12021
1.11972
1.11923
1.11875
1.11827
1.11779
1.1173
1.11682
1.11633
1.11583
1.11533
1.11483
1.11431
1.11379
1.11326
1.11272
1.11218
1.11162
1.11105
1.11048
1.10989
1.10929
1.10869
1.10808
1.10746
1.10683
1.10619
1.10554
1.10489
1.10424
1.10358
1.10291
1.10225
1.10158
1.10091
1.10024
1.09958
1.09891
1.09825
1.0976
1.09695
1.09631
1.09568
1.09506
1.09446
1.09386
1.09328
1.09272
1.09217
1.09164
1.09113
1.09064
1.09017
1.08973
1.0893
1.08891
1.08854
1.08819
1.08788
1.08759
1.08734
1.08712
1.08692
1.08676
1.08664
1.08655
1.08649
1.08646
1.08648
1.08653
1.08661
1.08673
1.08689
1.08709
1.08732
1.08759
1.0879
1.08825
1.08863
1.08906
1.08951
1.09001
1.09054
1.0911
1.09171
1.09234
1.09301
1.09372
1.09445
1.09522
1.09602
1.09686
1.09772
1.09861
1.09953
1.10047
1.10144
1.10244
1.10346
1.1045
1.10557
1.10666
1.10776
1.10888
1.11002
1.11118
1.11235
1.11353
1.11473
1.11594
1.11715
1.11837
1.1196
1.12084
1.12208
1.12332
1.12457
1.12581
1.12706
1.1283
1.12954
1.13077
1.132
1.13323
1.13444
1.13565
1.13685
1.13804
1.13922
1.14038
1.14153
1.14267
1.14379
1.1449
1.14599
1.14706
1.14812
1.14915
1.15017
1.15116
1.15214
1.15309
1.15402
1.15493
1.15581
1.15667
1.1575
1.15831
1.15909
1.15985
1.16057
1.16128
1.16195
1.16259
1.16321
1.16379
1.16435
1.16487
1.16537
1.16583
1.16626
1.16666
1.16703
1.16736
1.16766
1.16792
1.16815
1.16835
1.16851
1.16864
1.16873
1.16878
1.1688
1.16878
1.16873
1.16864
1.16851
1.16834
1.16813
1.16789
1.16761
1.16729
1.16693
1.16653
1.1661
1.16562
1.16511
1.16456
1.16397
1.16334
1.16268
1.16197
1.16122
1.16044
1.15962
1.15876
1.15786
1.15692
1.15595
1.15494
1.15389
1.1528
1.15168
1.15051
1.14932
1.14808
1.14681
1.14551
1.14416
1.14279
1.14138
1.13994
1.13846
1.13696
1.13542
1.13385
1.13224
1.13061
1.12896
1.12727
1.12555
1.12381
1.12205
1.12025
1.11844
1.1166
1.11474
1.11286
1.11096
1.10904
1.1071
1.10515
1.10318
1.10119
1.09919
1.09718
1.09516
1.09313
1.09109
1.08904
1.08699
1.08493
1.08286
1.08079
1.07872
1.07665
1.07458
1.07252
1.07045
1.06839
1.06634
1.06429
1.06225
1.06022
1.0582
1.0562
1.05421
1.05223
1.05027
1.04833
1.04641
1.04451
1.04264
1.04079
1.03897
1.03718
1.03542
1.03369
1.032
1.03034
1.02873
1.02715
1.02563
1.02414
1.02271
1.02133
1.02
1.01873
1.01751
1.01635
1.01526
1.01423
1.01327
1.01238
1.01156
1.01082
1.01015
1.00956
1.00905
1.00862
1.00828
1.00802
1.00785
1.00777
1.00778
1.00788
1.00807
1.00836
1.00874
1.00922
1.0098
1.01047
1.01124
1.0121
1.01306
1.01412
1.01527
1.01653
1.01787
1.01931
1.02084
1.02247
1.02418
1.02599
1.02788
1.02986
1.03193
1.03407
1.0363
1.0386
1.04099
1.04344
1.04597
1.04856
1.05122
1.05394
1.05673
1.05957
1.06246
1.0654
1.0684
1.07143
1.07451
1.07763
1.08078
1.08396
1.08716
1.0904
1.09365
1.09692
1.10021
1.1035
1.10681
1.11011
1.11342
1.11673
1.12003
1.12332
1.1266
1.12986
1.1331
1.13632
1.13952
1.14269
1.14583
1.14894
1.15201
1.15504
1.15802
1.16097
1.16387
1.16671
1.16951
1.17225
1.17494
1.17756
1.18013
1.18264
1.18508
1.18745
1.18976
1.19199
1.19416
1.19625
1.19826
1.20021
1.20207
1.20386
1.20557
1.2072
1.20874
1.21021
1.2116
1.2129
1.21412
1.21526
1.21632
1.21729
1.21818
1.21898
1.21971
1.22035
1.2209
1.22138
1.22177
1.22209
1.22232
1.22247
1.22255
1.22254
1.22246
1.2223
1.22207
1.22177
1.22139
1.22094
1.22042
1.21984
1.21918
1.21847
1.21769
1.21684
1.21594
1.21498
1.21396
1.21289
1.21176
1.21058
1.20935
1.20807
1.20674
1.20537
1.20395
1.20249
1.20099
1.19945
1.19788
1.19627
1.19462
1.19294
1.19124
1.1895
1.18773
1.18594
1.18413
1.18229
1.18043
1.17854
1.17664
1.17473
1.1728
1.17085
1.16889
1.16692
1.16493
1.16294
1.16094
1.15894
1.15693
1.15491
1.1529
1.15088
1.14887
1.14686
1.14486
1.14286
1.14088
1.1389
1.13694
1.13499
1.13306
1.13115
1.12926
1.1274
1.12557
1.12376
1.12199
1.12025
1.11856
1.1169
1.11529
1.11372
1.11221
1.11075
1.10934
1.108
1.10672
1.1055
1.10436
1.10329
1.10229
1.10137
1.10054
1.09979
1.09913
1.09855
1.09807
1.09769
1.0974
1.09721
1.09711
1.09712
1.09723
1.09745
1.09776
1.09818
1.0987
1.09932
1.10004
1.10086
1.10177
1.10278
1.10389
1.10508
1.10636
1.10772
1.10917
1.11069
1.11228
1.11394
1.11566
1.11745
1.11928
1.12117
1.12309
1.12506
1.12705
1.12908
1.13112
1.13319
1.13526
1.13734
1.13942
1.1415
1.14356
1.14561
1.14764
1.14965
1.15163
1.15357
1.15547
1.15733
1.15914
1.16091
1.16261
1.16426
1.16585
1.16737
1.16882
1.17019
1.1715
1.17273
1.17387
1.17494
1.17592
1.17681
1.17762
1.17834
1.17897
1.1795
1.17995
1.1803
1.18056
1.18072
1.18079
1.18077
1.18065
1.18043
1.18013
1.17972
1.17923
1.17864
1.17797
1.1772
1.17634
1.1754
1.17437
1.17326
1.17206
1.17079
1.16944
1.168
1.1665
1.16492
1.16327
1.16155
1.15977
1.15792
1.15602
1.15405
1.15203
1.14995
1.14783
1.14565
1.14343
1.14117
1.13887
1.13653
1.13415
1.13174
1.1293
1.12683
1.12434
1.12183
1.1193
1.11675
1.11419
1.11162
1.10903
1.10645
1.10386
1.10127
1.09868
1.0961
1.09352
1.09096
1.08841
1.08588
1.08337
1.08089
1.07843
1.076
1.0736
1.07124
1.06892
1.06665
1.06442
1.06224
1.06011
1.05804
1.05602
1.05408
1.05219
1.05038
1.04864
1.04698
1.0454
1.0439
1.04248
1.04115
1.03991
1.03877
1.03772
1.03677
1.03591
1.03516
1.03451
1.03396
1.03351
1.03317
1.03293
1.0328
1.03277
1.03284
1.03302
1.0333
1.03368
1.03415
1.03473
1.0354
1.03617
1.03702
1.03797
1.039
1.04012
1.04132
1.0426
1.04395
1.04538
1.04687
1.04844
1.05006
1.05175
1.0535
1.0553
1.05715
1.05905
1.06099
1.06298
1.065
1.06706
1.06916
1.07128
1.07344
1.07561
1.07781
1.08003
1.08227
1.08452
1.08679
1.08906
1.09134
1.09363
1.09593
1.09822
1.10052
1.10281
1.1051
1.10738
1.10966
1.11192
1.11418
1.11643
1.11866
1.12088
1.12308
1.12527
1.12743
1.12958
1.1317
1.1338
1.13588
1.13793
1.13996
1.14197
1.14394
1.14589
1.1478
1.14969
1.15154
1.15337
1.15516
1.15691
1.15863
1.16032
1.16197
1.16359
1.16516
1.1667
1.1682
1.16966
1.17108
1.17246
1.1738
1.1751
1.17636
1.17757
1.17874
1.17987
1.18095
1.18199
1.18298
1.18393
1.18484
1.1857
1.18651
1.18728
1.188
1.18867
1.1893
1.18988
1.19042
1.19091
1.19135
1.19175
1.1921
1.19241
1.19267
1.19289
1.19306
1.19318
1.19327
1.19331
1.1933
1.19325
1.19316
1.19303
1.19286
1.19264
1.19239
1.1921
1.19177
1.1914
1.19099
1.19055
1.19007
1.18956
1.18901
1.18843
1.18781
1.18717
1.18649
1.18578
1.18504
1.18427
1.18347
1.18265
1.18179
1.18091
1.18
1.17907
1.17811
1.17712
1.17611
1.17507
1.17401
1.17293
1.17182
1.17068
1.16953
1.16835
1.16714
1.16592
1.16467
1.1634
1.1621
1.16079
1.15945
1.15809
1.15671
1.15531
1.15388
1.15244
1.15097
1.14948
1.14798
1.14645
1.14491
1.14334
1.14176
1.14017
1.13856
1.13693
1.13529
1.13364
1.13197
1.1303
1.12862
1.12694
1.12525
1.12355
1.12186
1.12017
1.11848
1.1168
1.11512
1.11345
1.1118
1.11016
1.10853
1.10693
1.10534
1.10378
1.10225
1.10075
1.09928
1.09784
1.09644
1.09509
1.09377
1.09249
1.09127
1.09009
1.08896
1.08789
1.08686
1.0859
1.08499
1.08414
1.08335
1.08262
1.08195
1.08134
1.0808
1.08031
1.0799
1.07954
1.07925
1.07902
1.07885
1.07874
1.0787
1.07871
1.07879
1.07892
1.0791
1.07934
1.07964
1.07998
1.08038
1.08082
1.08131
1.08185
1.08243
1.08305
1.08371
1.08442
1.08516
1.08593
1.08674
1.08758
1.08846
1.08936
1.0903
1.09127
1.09226
1.09328
1.09433
1.0954
1.0965
1.09762
1.09876
1.09993
1.10112
1.10233
1.10355
1.1048
1.10607
1.10736
1.10866
1.10998
1.11131
1.11266
1.11402
1.1154
1.11679
1.11818
1.11959
1.121
1.12242
1.12385
1.12528
1.12671
1.12814
1.12957
1.13099
1.13242
1.13383
1.13524
1.13664
1.13802
1.1394
1.14075
1.1421
1.14342
1.14472
1.146
1.14726
1.1485
1.14971
1.1509
1.15205
1.15318
1.15428
1.15535
1.15639
1.1574
1.15837
1.15931
1.16022
1.1611
1.16194
1.16276
1.16353
1.16428
1.16499
1.16567
1.16632
1.16693
1.16752
1.16807
1.16859
1.16909
1.16955
1.16999
1.1704
1.17078
1.17114
1.17147
1.17177
1.17204
1.1723
1.17252
1.17272
1.1729
1.17304
1.17317
1.17327
1.17335
1.1734
1.17342
1.17342
1.17339
1.17334
1.17326
1.17315
1.17301
1.17285
1.17265
1.17242
1.17217
1.17188
1.17156
1.1712
1.17082
1.1704
1.16994
1.16946
1.16893
1.16838
1.16779
1.16717
1.16651
1.16582
1.1651
1.16434
1.16355
1.16273
1.16188
1.161
1.16009
1.15915
1.15818
1.15719
1.15618
1.15514
1.15408
1.15301
1.15191
1.1508
1.14967
1.14853
1.14738
1.14622
1.14505
1.14388
1.1427
1.14152
1.14033
1.13915
1.13798
1.1368
1.13563
1.13447
1.13332
1.13218
1.13105
1.12993
1.12883
1.12774
1.12667
1.12562
1.12459
1.12358
1.12259
1.12162
1.12067
1.11975
1.11884
1.11797
1.11711
1.11628
1.11548
1.1147
1.11395
1.11322
1.11252
1.11184
1.11119
1.11056
1.10995
1.10937
1.10881
1.10828
1.10777
1.10728
1.10682
1.10637
1.10595
1.10554
1.10516
1.10479
1.10443
1.1041
1.10378
1.10348
1.10319
1.10291
1.10264
1.10239
1.10215
1.10191
1.10169
1.10147
1.10127
1.10106
1.10087
1.10068
1.10049
1.10031
1.10013
1.09996
1.09979
1.09962
1.09945
1.09928
1.09911
1.09895
1.09878
1.09862
1.09845
1.09828
1.09812
1.09795
1.09778
1.09761
1.09744
1.09727
1.0971
1.09693
1.09675
1.09658
1.09641
1.09623
1.09605
1.09588
1.0957
1.09552
1.09534
1.09516
1.09498
1.09479
1.09461
1.09443
1.09424
1.09405
1.09386
1.09367
1.09348
1.09328
1.09309
1.09288
1.09268
1.09247
1.09225
1.09203
1.0918
1.09157
1.09133
1.09108
1.09082
1.09056
1.09028
1.09
1.0897
1.0894
1.08908
1.08875
1.08841
1.08805
1.08768
1.0873
1.0869
1.08649
1.08606
1.08562
1.08516
1.08468
1.08419
1.08368
1.08316
1.08263
1.08207
1.08151
1.08093
1.08033
1.07973
1.07911
1.07848
1.07784
1.0772
1.07654
1.07588
1.07522
1.07455
1.07388
1.07321
1.07254
1.07188
1.07122
1.07057
1.06993
1.06931
1.0687
1.06811
1.06754
1.06699
1.06646
1.06597
1.0655
1.06506
1.06466
1.06429
1.06396
1.06368
1.06343
1.06323
1.06308
1.06297
1.06291
1.0629
1.06294
1.06304
1.06319
1.06339
1.06365
1.06396
1.06433
1.06476
1.06524
1.06578
1.06637
1.06702
1.06772
1.06847
1.06927
1.07012
1.07103
1.07198
1.07297
1.07401
1.07509
1.07621
1.07737
1.07856
1.07979
1.08105
1.08233
1.08364
1.08497
1.08633
1.08769
1.08908
1.09047
1.09187
1.09328
1.09469
1.09609
1.09749
1.09888
1.10026
1.10163
1.10298
1.1043
1.10561
1.10688
1.10813
1.10934
1.11051
1.11165
1.11275
1.1138
1.11481
1.11577
1.11668
1.11754
1.11835
1.1191
1.1198
1.12043
1.12101
1.12153
1.12199
1.12239
1.12273
1.12301
1.12322
1.12338
1.12348
1.12351
1.12349
1.12341
1.12327
1.12307
1.12282
1.12252
1.12216
1.12176
1.1213
1.1208
1.12026
1.11967
1.11904
1.11837
1.11767
1.11693
1.11616
1.11536
1.11454
1.11369
1.11281
1.11192
1.11101
1.11009
1.10915
1.10821
1.10725
1.10629
1.10532
1.10435
1.10338
1.10241
1.10145
1.10049
1.09954
1.09859
1.09766
1.09674
1.09583
1.09494
1.09406
1.0932
1.09235
1.09153
1.09072
1.08994
1.08917
1.08843
1.08771
1.08701
1.08634
1.08568
1.08505
1.08445
1.08387
1.08331
1.08277
1.08226
1.08177
1.08131
1.08086
1.08044
1.08004
1.07966
1.07929
1.07895
1.07863
1.07832
1.07802
1.07775
1.07748
1.07723
1.07699
1.07676
1.07655
1.07634
1.07614
1.07594
1.07575
1.07557
1.07539
1.07521
1.07504
1.07486
1.07469
1.07452
1.07434
1.07417
1.07399
1.07382
1.07364
1.07346
1.07328
1.07309
1.07291
1.07273
1.07254
1.07236
1.07218
1.072
1.07183
1.07166
1.0715
1.07134
1.0712
1.07106
1.07094
1.07083
1.07074
1.07067
1.07061
1.07058
1.07057
1.07058
1.07062
1.07069
1.07079
1.07093
1.07109
1.07129
1.07154
1.07181
1.07213
1.0725
1.0729
1.07335
1.07384
1.07438
1.07497
1.07561
1.07629
1.07703
1.07781
1.07864
1.07953
1.08046
1.08144
1.08248
1.08356
1.08469
1.08587
1.08709
1.08836
1.08967
1.09103
1.09243
1.09387
1.09535
1.09687
1.09843
1.10002
1.10164
1.10329
1.10497
1.10667
1.1084
1.11015
1.11192
1.1137
1.1155
1.11731
1.11913
1.12095
1.12277
1.1246
1.12642
1.12824
1.13004
1.13184
1.13362
1.13538
1.13712
1.13884
1.14053
1.14219
1.14382
1.14541
1.14696
1.14847
1.14993
1.15135
1.15272
1.15403
1.15528
1.15648
1.15761
1.15868
1.15969
1.16062
1.16148
1.16227
1.16298
1.16361
1.16416
1.16463
1.16501
1.16531
1.16552
1.16564
1.16567
1.16561
1.16545
1.1652
1.16485
1.16441
1.16387
1.16324
1.1625
1.16168
1.16075
1.15972
1.1586
1.15739
1.15607
1.15467
1.15316
1.15157
1.14989
1.14811
1.14625
1.14431
1.14228
1.14017
1.13798
1.13572
1.13338
1.13097
1.1285
1.12596
1.12337
1.12071
1.11801
1.11526
1.11246
1.10962
1.10675
1.10385
1.10092
1.09797
1.095
1.09202
1.08903
1.08604
1.08306
1.08008
1.07711
1.07417
1.07125
1.06836
1.0655
1.06268
1.05991
1.05719
1.05453
1.05192
1.04938
1.04691
1.04451
1.0422
1.03997
1.03782
1.03577
1.03382
1.03196
1.0302
1.02855
1.02701
1.02558
1.02426
1.02306
1.02197
1.021
1.02015
1.01941
1.01879
1.01829
1.0179
1.01763
1.01747
1.01743
1.01749
1.01766
1.01793
1.0183
1.01877
1.01933
1.01998
1.02071
1.02152
1.02241
1.02337
1.02439
1.02547
1.02661
1.0278
1.02904
1.03031
1.03162
1.03297
1.03434
1.03573
1.03713
1.03856
1.03999
1.04143
1.04287
1.04431
1.04574
1.04717
1.04859
1.05
1.0514
1.05279
1.05416
1.05551
1.05684
1.05816
1.05946
1.06074
1.062
1.06324
1.06447
1.06567
1.06686
1.06803
1.06918
1.07031
1.07143
1.07253
1.07362
1.0747
1.07576
1.07681
1.07785
1.07888
1.07989
1.0809
1.08189
1.08288
1.08385
1.08482
1.08577
1.08671
1.08765
1.08857
1.08948
1.09038
1.09126
1.09214
1.09299
1.09384
1.09467
1.09548
1.09628
1.09706
1.09783
1.09857
1.0993
1.1
1.10069
1.10135
1.102
1.10262
1.10322
1.10379
1.10435
1.10488
1.10539
1.10588
1.10635
1.10679
1.10721
1.10762
1.108
1.10837
1.10871
1.10904
1.10936
1.10966
1.10995
1.11022
1.11049
1.11075
1.111
1.11124
1.11148
1.11172
1.11196
1.11221
1.11245
1.1127
1.11296
1.11323
1.11351
1.11381
1.11412
1.11444
1.11479
1.11515
1.11553
1.11594
1.11637
1.11683
1.11731
1.11782
1.11836
1.11892
1.11952
1.12014
1.12079
1.12146
1.12217
1.1229
1.12366
1.12444
1.12525
1.12608
1.12693
1.1278
1.12869
1.1296
1.13053
1.13146
1.13241
1.13336
1.13432
1.13528
1.13625
1.13721
1.13816
1.13911
1.14004
1.14097
1.14187
1.14276
1.14363
1.14447
1.14528
1.14606
1.14682
1.14753
1.14821
1.14884
1.14943
1.14998
1.15048
1.15093
1.15133
1.15168
1.15196
1.15219
1.15237
1.15248
1.15252
1.15251
1.15243
1.15229
1.15208
1.1518
1.15145
1.15104
1.15056
1.15001
1.1494
1.14871
1.14796
1.14714
1.14625
1.1453
1.14428
1.1432
1.14206
1.14085
1.13958
1.13826
1.13688
1.13544
1.13395
1.1324
1.13081
1.12918
1.1275
1.12578
1.12402
1.12223
1.1204
1.11855
1.11667
1.11478
1.11286
1.11093
1.10899
1.10705
1.1051
1.10316
1.10122
1.0993
1.09738
1.09549
1.09362
1.09178
1.08996
1.08818
1.08644
1.08474
1.08308
1.08147
1.07992
1.07841
1.07696
1.07557
1.07423
1.07296
1.07175
1.0706
1.06952
1.06849
1.06754
1.06664
1.06581
1.06504
1.06433
1.06367
1.06308
1.06253
1.06204
1.0616
1.06121
1.06087
1.06056
1.0603
1.06008
1.05989
1.05973
1.0596
1.05951
1.05943
1.05938
1.05935
1.05934
1.05934
1.05936
1.0594
1.05944
1.05949
1.05956
1.05963
1.0597
1.05978
1.05986
1.05995
1.06003
1.06012
1.0602
1.06029
1.06037
1.06045
1.06052
1.06059
1.06065
1.0607
1.06075
1.06079
1.06082
1.06083
1.06084
1.06083
1.0608
1.06076
1.0607
1.06062
1.06052
1.06041
1.06026
1.0601
1.05991
1.05969
1.05945
1.05918
1.05889
1.05856
1.05821
1.05782
1.0574
1.05696
1.05648
1.05598
1.05544
1.05488
1.05428
1.05366
1.05301
1.05234
1.05164
1.05092
1.05018
1.04942
1.04864
1.04785
1.04705
1.04623
1.04541
1.04459
1.04376
1.04294
1.04212
1.04131
1.04051
1.03973
1.03897
1.03823
1.03752
1.03683
1.03618
1.03557
1.03499
1.03446
1.03398
1.03355
1.03317
1.03285
1.03259
1.0324
1.03226
1.0322
1.0322
1.03227
1.03242
1.03264
1.03293
1.0333
1.03375
1.03427
1.03487
1.03555
1.03631
1.03714
1.03804
1.03902
1.04006
1.04118
1.04236
1.04361
1.04492
1.0463
1.04773
1.04921
1.05074
1.05232
1.05395
1.05561
1.05732
1.05905
1.06082
1.06261
1.06442
1.06625
1.0681
1.06995
1.07182
1.07368
1.07555
1.07742
1.07927
1.08112
1.08295
1.08477
1.08657
1.08835
1.0901
1.09182
1.09352
1.09518
1.09682
1.09841
1.09997
1.10149
1.10297
1.10441
1.1058
1.10716
1.10847
1.10973
1.11095
1.11213
1.11326
1.11434
1.11538
1.11638
1.11733
1.11824
1.11911
1.11993
1.12071
1.12145
1.12215
1.12281
1.12343
1.12402
1.12457
1.12509
1.12557
1.12602
1.12644
1.12683
1.1272
1.12753
1.12784
1.12812
1.12838
1.12862
1.12884
1.12903
1.12921
1.12936
1.1295
1.12963
1.12973
1.12983
1.1299
1.12997
1.13002
1.13006
1.13008
1.1301
1.1301
1.1301
1.13008
1.13006
1.13002
1.12998
1.12993
1.12987
1.1298
1.12973
1.12964
1.12955
1.12946
1.12935
1.12924
1.12913
1.12901
1.12888
1.12874
1.1286
1.12845
1.1283
1.12814
1.12797
1.1278
1.12763
1.12744
1.12725
1.12706
1.12685
1.12665
1.12643
1.12621
1.12598
1.12574
1.1255
1.12525
1.12499
1.12472
1.12444
1.12415
1.12385
1.12355
1.12323
1.1229
1.12256
1.12221
1.12184
1.12147
1.12108
1.12067
1.12025
1.11982
1.11938
1.11891
1.11844
1.11795
1.11744
1.11692
1.11638
1.11582
1.11525
1.11467
1.11406
1.11345
1.11282
1.11217
1.11152
1.11084
1.11016
1.10947
1.10876
1.10805
1.10732
1.10659
1.10586
1.10512
1.10437
1.10363
1.10289
1.10214
1.1014
1.10067
1.09995
1.09923
1.09853
1.09784
1.09716
1.0965
1.09586
1.09524
1.09465
1.09407
1.09353
1.09301
1.09252
1.09206
1.09163
1.09123
1.09087
1.09054
1.09024
1.08998
1.08975
1.08956
1.0894
1.08927
1.08918
1.08912
1.08909
1.08909
1.08912
1.08917
1.08925
1.08935
1.08947
1.08961
1.08976
1.08993
1.09011
1.09029
1.09048
1.09067
1.09086
1.09105
1.09123
1.0914
1.09156
1.09171
1.09184
1.09195
1.09204
1.0921
1.09214
1.09214
1.09212
1.09206
1.09198
1.09185
1.09169
1.09149
1.09126
1.09098
1.09067
1.09031
1.08991
1.08948
1.089
1.08848
1.08793
1.08733
1.0867
1.08603
1.08533
1.0846
1.08383
1.08303
1.08221
1.08136
1.0805
1.07961
1.0787
1.07778
1.07685
1.07591
1.07496
1.07401
1.07306
1.07211
1.07116
1.07023
1.0693
1.06839
1.06749
1.06661
1.06575
1.06492
1.0641
1.06331
1.06255
1.06182
1.06111
1.06044
1.05979
1.05918
1.0586
1.05805
1.05753
1.05704
1.05658
1.05616
1.05576
1.0554
1.05506
1.05476
1.05448
1.05423
1.054
1.05381
1.05363
1.05349
1.05337
1.05327
1.05319
1.05314
1.05311
1.05311
1.05312
1.05316
1.05321
1.05329
1.05338
1.0535
1.05363
1.05378
1.05395
1.05414
1.05434
1.05456
1.0548
1.05505
1.05532
1.0556
1.05589
1.0562
1.05652
1.05685
1.0572
1.05755
1.05791
1.05828
1.05866
1.05905
1.05944
1.05984
1.06024
1.06064
1.06104
1.06145
1.06185
1.06226
1.06266
1.06306
1.06345
1.06384
1.06422
1.0646
1.06496
1.06532
1.06567
1.06601
1.06633
1.06665
1.06695
1.06724
1.06751
1.06777
1.06802
1.06825
1.06847
1.06867
1.06886
1.06902
1.06918
1.06931
1.06943
1.06953
1.06962
1.06969
1.06975
1.06979
1.06981
1.06982
1.06981
1.06979
1.06975
1.06971
1.06964
1.06957
1.06948
1.06937
1.06926
1.06913
1.069
1.06885
1.06869
1.06852
1.06835
1.06816
1.06796
1.06776
1.06755
1.06734
1.06711
1.06688
1.06665
1.06641
1.06617
1.06592
1.06567
1.06542
1.06516
1.0649
1.06464
1.06438
1.06412
1.06387
1.06361
1.06335
1.0631
1.06284
1.06259
1.06234
1.0621
1.06186
1.06162
1.06139
1.06116
1.06094
1.06073
1.06052
1.06032
1.06013
1.05994
1.05976
1.05959
1.05943
1.05928
1.05914
1.059
1.05888
1.05877
1.05867
1.05858
1.05851
1.05844
1.05839
1.05836
1.05834
1.05834
1.05835
1.05838
1.05843
1.05849
1.05858
1.05869
1.05882
1.05897
1.05914
1.05933
1.05956
1.0598
1.06008
1.06038
1.0607
1.06106
1.06145
1.06187
1.06232
1.0628
1.06332
1.06387
1.06445
1.06507
1.06572
1.06641
1.06713
1.06789
1.06869
1.06952
1.07039
1.0713
1.07224
1.07321
1.07422
1.07527
1.07635
1.07746
1.07861
1.07979
1.081
1.08225
1.08352
1.08482
1.08615
1.0875
1.08888
1.09028
1.0917
1.09314
1.0946
1.09608
1.09757
1.09908
1.10059
1.10212
1.10366
1.1052
1.10675
1.1083
1.10985
1.1114
1.11295
1.11449
1.11603
1.11756
1.11907
1.12058
1.12207
1.12354
1.12499
1.12643
1.12784
1.12923
1.13059
1.13193
1.13324
1.13451
1.13576
1.13697
1.13815
1.13929
1.14039
1.14145
1.14248
1.14347
1.14441
1.14531
1.14617
1.14699
1.14776
1.14848
1.14916
1.14979
1.15038
1.15092
1.15142
1.15187
1.15227
1.15263
1.15294
1.15321
1.15343
1.15361
1.15374
1.15383
1.15389
1.1539
1.15387
1.1538
1.1537
1.15356
1.15338
1.15318
1.15294
1.15266
1.15236
1.15203
1.15168
1.1513
1.15089
1.15046
1.15002
1.14955
1.14906
1.14856
1.14804
1.14751
1.14696
1.14641
1.14584
1.14526
1.14467
1.14407
1.14347
1.14286
1.14225
1.14163
1.14101
1.14038
1.13975
1.13911
1.13848
1.13784
1.1372
1.13656
1.13592
1.13527
1.13462
1.13398
1.13333
1.13268
1.13202
1.13137
1.13071
1.13005
1.12939
1.12872
1.12806
1.12739
1.12671
1.12603
1.12535
1.12466
1.12397
1.12327
1.12257
1.12186
1.12115
1.12043
1.1197
1.11897
1.11823
1.11748
1.11673
1.11597
1.1152
1.11442
1.11363
1.11284
1.11203
1.11122
1.1104
1.10957
1.10872
1.10787
1.10701
1.10613
1.10525
1.10435
1.10344
1.10252
1.10158
1.10063
1.09967
1.0987
1.09771
1.0967
1.09568
1.09465
1.0936
1.09254
1.09147
1.09038
1.08927
1.08815
1.08702
1.08587
1.08471
1.08353
1.08234
1.08113
1.07992
1.07869
1.07745
1.0762
1.07493
1.07366
1.07238
1.07109
1.06979
1.06849
1.06718
1.06587
1.06455
1.06323
1.06191
1.0606
1.05928
1.05798
1.05667
1.05538
1.05409
1.05282
1.05155
1.05031
1.04908
1.04786
1.04667
1.0455
1.04436
1.04324
1.04215
1.04109
1.04007
1.03908
1.03812
1.03721
1.03634
1.03551
1.03472
1.03398
1.03329
1.03265
1.03207
1.03153
1.03105
1.03063
1.03026
1.02996
1.02971
1.02953
1.0294
1.02934
1.02935
1.02941
1.02954
1.02974
1.03
1.03032
1.0307
1.03114
1.03165
1.03222
1.03285
1.03353
1.03428
1.03507
1.03593
1.03683
1.03778
1.03878
1.03983
1.04092
1.04206
1.04323
1.04443
1.04567
1.04695
1.04825
1.04957
1.05092
1.05229
1.05368
1.05508
1.0565
1.05792
1.05936
1.0608
1.06224
1.06369
1.06513
1.06657
1.068
1.06942
1.07084
1.07224
1.07363
1.075
1.07636
1.0777
1.07902
1.08032
1.0816
1.08285
1.08409
1.0853
1.08648
1.08764
1.08878
1.08989
1.09097
1.09202
1.09305
1.09404
1.09501
1.09595
1.09687
1.09775
1.0986
1.09943
1.10022
1.10098
1.10172
1.10242
1.10309
1.10373
1.10433
1.10491
1.10545
1.10596
1.10644
1.10688
1.1073
1.10767
1.10802
1.10833
1.1086
1.10884
1.10905
1.10922
1.10935
1.10945
1.10951
1.10954
1.10953
1.10948
1.1094
1.10929
1.10914
1.10895
1.10873
1.10848
1.10819
1.10788
1.10754
1.10716
1.10676
1.10634
1.10589
1.10542
1.10492
1.10441
1.10389
1.10335
1.1028
1.10224
1.10167
1.10111
1.10055
1.09998
1.09943
1.09889
1.09836
1.09784
1.09735
1.09688
1.09643
1.09602
1.09563
1.09529
1.09498
1.09471
1.09448
1.0943
1.09417
1.09409
1.09406
1.09408
1.09415
1.09428
1.09446
1.0947
1.09499
1.09533
1.09573
1.09617
1.09667
1.09722
1.09781
1.09845
1.09913
1.09986
1.10061
1.10141
1.10223
1.10308
1.10395
1.10485
1.10576
1.10669
1.10763
1.10857
1.10952
1.11047
1.11142
1.11236
1.11329
1.1142
1.11511
1.11599
1.11686
1.1177
1.11851
1.1193
1.12006
1.12079
1.12148
1.12214
1.12277
1.12335
1.12391
1.12442
1.1249
1.12534
1.12574
1.1261
1.12642
1.12671
1.12696
1.12718
1.12736
1.12751
1.12762
1.1277
1.12776
1.12778
1.12778
1.12774
1.12769
1.12761
1.12752
1.1274
1.12726
1.12711
1.12695
1.12677
1.12658
1.12638
1.12618
1.12597
1.12576
1.12554
1.12533
1.12512
1.12492
1.12472
1.12452
1.12434
1.12417
1.12401
1.12386
1.12373
1.12362
1.12352
1.12345
1.12339
1.12336
1.12336
1.12338
1.12342
1.1235
1.1236
1.12374
1.12391
1.12411
1.12435
1.12461
1.12492
1.12526
1.12563
1.12605
1.12649
1.12698
1.12749
1.12805
1.12864
1.12926
1.12991
1.1306
1.13132
1.13207
1.13284
1.13364
1.13447
1.13532
1.13619
1.13707
1.13798
1.1389
1.13982
1.14076
1.14171
1.14266
1.14361
1.14456
1.1455
1.14644
1.14737
1.1483
1.1492
1.1501
1.15097
1.15183
1.15267
1.15349
1.15428
1.15504
1.15578
1.15649
1.15718
1.15783
1.15845
1.15905
1.15961
1.16013
1.16063
1.16109
1.16153
1.16193
1.1623
1.16264
1.16296
1.16324
1.16349
1.16372
1.16393
1.1641
1.16426
1.16439
1.16451
1.16461
1.16469
1.16475
1.1648
1.16484
1.16487
1.1649
1.16491
1.16492
1.16493
1.16494
1.16495
1.16495
1.16497
1.16499
1.16501
1.16504
1.16509
1.16514
1.16521
1.1653
1.1654
1.16551
1.16565
1.1658
1.16598
1.16617
1.16639
1.16663
1.1669
1.16718
1.1675
1.16784
1.1682
1.16859
1.16901
1.16945
1.16992
1.17042
1.17095
1.1715
1.17209
1.17269
1.17333
1.17399
1.17468
1.1754
1.17614
1.17691
1.1777
1.17852
1.17936
1.18022
1.18111
1.18201
1.18294
1.18388
1.18484
1.18582
1.18682
1.18782
1.18885
1.18988
1.19092
1.19197
1.19302
1.19408
1.19514
1.19621
1.19727
1.19832
1.19938
1.20042
1.20146
1.20249
1.20351
1.20451
1.2055
1.20647
1.20742
1.20836
1.20927
1.21016
1.21102
1.21186
1.21267
1.21346
1.21421
1.21493
1.21563
1.21629
1.21692
1.21751
1.21808
1.21861
1.2191
1.21956
1.21998
1.22037
1.22072
1.22104
1.22132
1.22157
1.22178
1.22195
1.2221
1.22221
1.22228
1.22233
1.22234
1.22232
1.22227
1.22219
1.22208
1.22194
1.22178
1.22159
1.22137
1.22113
1.22087
1.22058
1.22028
1.21995
1.21961
1.21925
1.21887
1.21848
1.21807
1.21765
1.21721
1.21677
1.21631
1.21584
1.21536
1.21488
1.21439
1.21389
1.21339
1.21288
1.21237
1.21185
1.21133
1.21081
1.21028
1.20976
1.20923
1.2087
1.20817
1.20764
1.20711
1.20658
1.20604
1.20551
1.20497
1.20444
1.2039
1.20336
1.20282
1.20227
1.20173
1.20118
1.20062
1.20006
1.1995
1.19893
1.19835
1.19777
1.19718
1.19658
1.19597
1.19535
1.19472
1.19408
1.19343
1.19276
1.19208
1.19139
1.19068
1.18996
1.18922
1.18846
1.18768
1.18689
1.18608
1.18525
1.18441
1.18354
1.18266
1.18175
1.18083
1.17988
1.17892
1.17793
1.17693
1.1759
1.17486
1.17379
1.17271
1.1716
1.17047
1.16933
1.16816
1.16698
1.16577
1.16455
1.16331
1.16205
1.16077
1.15948
1.15817
1.15684
1.1555
1.15414
1.15277
1.15138
1.14998
1.14856
1.14714
1.1457
1.14425
1.14279
1.14133
1.13985
1.13837
1.13688
1.13539
1.13389
1.1324
1.1309
1.1294
1.12791
1.12641
1.12492
1.12344
1.12196
1.1205
1.11904
1.1176
1.11617
1.11476
1.11336
1.11199
1.11063
1.1093
1.108
1.10673
1.10548
1.10427
1.10309
1.10195
1.10085
1.09979
1.09878
1.09781
1.09689
1.09603
1.09521
1.09446
1.09376
1.09312
1.09254
1.09203
1.09159
1.09122
1.09092
1.09069
1.09054
1.09047
1.09047
1.09056
1.09073
1.09098
1.09131
1.09173
1.09223
1.09282
1.0935
1.09426
1.09511
1.09605
1.09707
1.09818
1.09938
1.10066
1.10202
1.10346
1.10499
1.10659
1.10828
1.11003
1.11186
1.11376
1.11573
1.11776
1.11986
1.12202
1.12423
1.1265
1.12882
1.13118
1.13359
1.13604
1.13852
1.14104
1.14358
1.14615
1.14873
1.15134
1.15395
1.15657
1.1592
1.16183
1.16445
1.16707
1.16967
1.17226
1.17483
1.17738
1.17991
1.1824
1.18486
1.18729
1.18968
1.19202
1.19432
1.19658
1.19878
1.20093
1.20303
1.20507
1.20705
1.20897
1.21083
1.21263
1.21437
1.21604
1.21765
1.21918
1.22066
1.22206
1.2234
1.22468
1.22588
1.22702
1.22809
1.2291
1.23004
1.23092
1.23174
1.23249
1.23318
1.23382
1.23439
1.23491
1.23537
1.23578
1.23614
1.23645
1.23671
1.23692
1.23709
1.23721
1.23729
1.23733
1.23734
1.2373
1.23723
1.23713
1.237
1.23684
1.23665
1.23643
1.23619
1.23592
1.23563
1.23532
1.23499
1.23463
1.23426
1.23388
1.23347
1.23306
1.23262
1.23218
1.23172
1.23125
1.23077
1.23028
1.22978
1.22927
1.22875
1.22822
1.22769
1.22715
1.22661
1.22606
1.2255
1.22494
1.22438
1.22381
1.22324
1.22266
1.22209
1.22151
1.22093
1.22034
1.21976
1.21918
1.21859
1.218
1.21742
1.21683
1.21624
1.21565
1.21507
1.21448
1.21389
1.2133
1.21271
1.21213
1.21154
1.21095
1.21036
1.20977
1.20917
1.20858
1.20798
1.20738
1.20678
1.20617
1.20555
1.20494
1.20431
1.20368
1.20305
1.20241
1.20176
1.2011
1.20043
1.19975
1.19907
1.19837
1.19766
1.19694
1.19622
1.19547
1.19472
1.19396
1.19318
1.19239
1.19158
1.19076
1.18993
1.18908
1.18822
1.18734
1.18645
1.18555
1.18463
1.1837
1.18275
1.18179
1.18082
1.17984
1.17884
1.17783
1.17681
1.17578
1.17474
1.17369
1.17264
1.17157
1.1705
1.16942
1.16834
1.16725
1.16616
1.16507
1.16398
1.16289
1.1618
1.16072
1.15964
1.15857
1.1575
1.15645
1.1554
1.15437
1.15336
1.15235
1.15137
1.1504
1.14945
1.14853
1.14763
1.14675
1.1459
1.14507
1.14428
1.14351
1.14277
1.14206
1.14139
1.14075
1.14015
1.13958
1.13904
1.13855
1.13809
1.13767
1.13729
1.13694
1.13664
1.13637
1.13614
1.13595
1.1358
1.13568
1.1356
1.13556
1.13555
1.13558
1.13564
1.13574
1.13586
1.13602
1.1362
1.13641
1.13665
1.13691
1.1372
1.13751
1.13783
1.13818
1.13854
1.13891
1.1393
1.1397
1.1401
1.14052
1.14093
1.14136
1.14178
1.1422
1.14261
1.14303
1.14343
1.14383
1.14422
1.14459
1.14495
1.1453
1.14562
1.14593
1.14622
1.14649
1.14674
1.14696
1.14715
1.14732
1.14746
1.14758
1.14766
1.14771
1.14774
1.14773
1.14769
1.14761
1.1475
1.14736
1.14718
1.14697
1.14672
1.14643
1.14611
1.14576
1.14536
1.14493
1.14447
1.14397
1.14343
1.14286
1.14225
1.14161
1.14093
1.14022
1.13947
1.13869
1.13788
1.13703
1.13615
1.13524
1.13429
1.13332
1.13232
1.13129
1.13023
1.12914
1.12802
1.12688
1.12572
1.12452
1.12331
1.12207
1.12081
1.11952
1.11822
1.1169
1.11555
1.11419
1.11282
1.11142
1.11001
1.10859
1.10715
1.10571
1.10424
1.10277
1.10129
1.09981
1.09831
1.0968
1.09529
1.09378
1.09226
1.09073
1.0892
1.08768
1.08615
1.08461
1.08308
1.08155
1.08002
1.07849
1.07697
1.07544
1.07392
1.0724
1.07089
1.06938
1.06787
1.06637
1.06487
1.06337
1.06188
1.06038
1.0589
1.05741
1.05592
1.05444
1.05296
1.05148
1.04999
1.04851
1.04702
1.04554
1.04405
1.04256
1.04106
1.03956
1.03806
1.03655
1.03504
1.03352
1.032
1.03048
1.02895
1.02741
1.02587
1.02434
1.02279
1.02125
1.01971
1.01818
1.01664
1.01512
1.0136
1.01209
1.0106
1.00912
1.00767
1.00623
1.00482
1.00344
1.00209
1.00078
0.999503
0.998273
0.997092
0.995963
0.994889
0.993876
0.992925
0.992042
0.991229
0.990492
0.989832
0.989255
0.988762
0.988356
0.98804
0.987815
0.987684
0.987648
0.98771
0.987868
0.988124
0.988477
0.988927
0.989472
0.990112
0.990843
0.991665
0.992573
0.993566
0.994639
0.99579
0.997014
0.998307
0.999665
1.00108
1.00255
1.00408
1.00564
1.00725
1.00889
1.01056
1.01225
1.01397
1.01569
1.01743
1.01916
1.0209
1.02263
1.02435
1.02606
1.02775
1.02941
1.03106
1.03267
1.03425
1.0358
1.03731
1.03878
1.0402
1.04159
1.04293
1.04422
1.04546
1.04666
1.04781
1.0489
1.04995
1.05095
1.05189
1.05279
1.05363
1.05443
1.05517
1.05587
1.05653
1.05713
1.05769
1.05821
1.05869
1.05912
1.05952
1.05988
1.0602
1.06049
1.06074
1.06097
1.06117
1.06134
1.06148
1.0616
1.06171
1.06179
1.06185
1.0619
1.06193
1.06196
1.06197
1.06197
1.06196
1.06195
1.06193
1.06191
1.06188
1.06186
1.06183
1.0618
1.06178
1.06175
1.06173
1.06171
1.0617
1.06169
1.06167
1.06167
1.06166
1.06166
1.06165
1.06165
1.06165
1.06165
1.06164
1.06164
1.06163
1.06161
1.06159
1.06156
1.06153
1.06148
1.06143
1.06136
1.06127
1.06118
1.06106
1.06093
1.06079
1.06062
1.06043
1.06021
1.05998
1.05972
1.05943
1.05912
1.05879
1.05842
1.05803
1.05761
1.05716
1.05668
1.05618
1.05564
1.05508
1.05449
1.05387
1.05322
1.05255
1.05186
1.05114
1.05039
1.04963
1.04884
1.04803
1.0472
1.04636
1.04551
1.04464
1.04376
1.04287
1.04197
1.04107
1.04017
1.03926
1.03835
1.03745
1.03655
1.03566
1.03478
1.03392
1.03306
1.03223
1.03141
1.03061
1.02983
1.02909
1.02837
1.02768
1.02702
1.02639
1.0258
1.02525
1.02474
1.02427
1.02384
1.02346
1.02312
1.02283
1.02259
1.0224
1.02226
1.02218
1.02215
1.02217
1.02225
1.02239
1.02259
1.02285
1.02317
1.02356
1.024
1.02451
1.02509
1.02573
1.02643
1.02721
1.02804
1.02895
1.02992
1.03097
1.03207
1.03325
1.0345
1.03581
1.0372
1.03865
1.04017
1.04176
1.04341
1.04513
1.04692
1.04878
1.05069
1.05267
1.05472
1.05682
1.05898
1.0612
1.06348
1.06581
1.06819
1.07063
1.07311
1.07564
1.07821
1.08083
1.08348
1.08617
1.08889
1.09164
1.09442
1.09723
1.10005
1.10289
1.10575
1.10862
1.11149
1.11437
1.11724
1.12011
1.12298
1.12583
1.12867
1.1315
1.1343
1.13707
1.13981
1.14253
1.1452
1.14784
1.15043
1.15298
1.15548
1.15793
1.16032
1.16265
1.16493
1.16714
1.16928
1.17136
1.17336
1.1753
1.17715
1.17894
1.18064
1.18226
1.1838
1.18526
1.18663
1.18792
1.18912
1.19023
1.19126
1.1922
1.19304
1.1938
1.19447
1.19505
1.19555
1.19595
1.19626
1.19649
1.19663
1.19668
1.19665
1.19654
1.19633
1.19605
1.19569
1.19525
1.19473
1.19413
1.19346
1.19271
1.1919
1.19101
1.19006
1.18905
1.18796
1.18682
1.18562
1.18437
1.18306
1.18169
1.18028
1.17882
1.17731
1.17577
1.17418
1.17255
1.17088
1.16919
1.16746
1.1657
1.16391
1.1621
1.16027
1.15841
1.15654
1.15465
1.15274
1.15083
1.1489
1.14696
1.14502
1.14307
1.14112
1.13916
1.13721
1.13525
1.1333
1.13136
1.12942
1.12749
1.12556
1.12365
1.12175
1.11986
1.11799
1.11613
1.11429
1.11247
1.11066
1.10888
1.10712
1.10538
1.10367
1.10198
1.10031
1.09868
1.09707
1.09548
1.09393
1.09241
1.09093
1.08947
1.08805
1.08667
1.08533
1.08402
1.08275
1.08152
1.08034
1.0792
1.0781
1.07705
1.07605
1.07509
1.07419
1.07334
1.07254
1.0718
1.07112
1.07049
1.06993
1.06943
1.06899
1.06862
1.06832
1.06808
1.06792
1.06782
1.0678
1.06785
1.06797
1.06817
1.06844
1.06879
1.06921
1.06971
1.07028
1.07092
1.07164
1.07242
1.07328
1.07421
1.0752
1.07626
1.07739
1.07857
1.07981
1.08111
1.08246
1.08387
1.08531
1.0868
1.08834
1.0899
1.09151
1.09314
1.0948
1.09648
1.09818
1.0999
1.10163
1.10338
1.10512
1.10688
1.10863
1.11038
1.11212
1.11386
1.11559
1.11731
1.11901
1.1207
1.12237
1.12402
1.12564
1.12725
1.12884
1.1304
1.13193
1.13345
1.13493
1.13639
1.13783
1.13924
1.14062
1.14198
1.14332
1.14463
1.14591
1.14718
1.14842
1.14964
1.15084
1.15202
1.15317
1.15431
1.15544
1.15654
1.15763
1.15871
1.15977
1.16082
1.16186
1.16288
1.1639
1.1649
1.1659
1.16689
1.16787
1.16885
1.16981
1.17078
1.17173
1.17268
1.17363
1.17457
1.17551
1.17645
1.17738
1.17831
1.17923
1.18015
1.18107
1.18199
1.1829
1.18381
1.18471
1.18561
1.1865
1.18739
1.18828
1.18916
1.19003
1.1909
1.19176
1.19262
1.19346
1.1943
1.19513
1.19595
1.19676
1.19756
1.19835
1.19913
1.1999
1.20065
1.20139
1.20212
1.20283
1.20353
1.20421
1.20487
1.20552
1.20615
1.20676
1.20735
1.20792
1.20848
1.20901
1.20952
1.21001
1.21048
1.21092
1.21134
1.21174
1.21212
1.21247
1.2128
1.2131
1.21337
1.21362
1.21384
1.21403
1.2142
1.21434
1.21445
1.21453
1.21459
1.21461
1.21461
1.21457
1.21451
1.21442
1.21429
1.21413
1.21395
1.21373
1.21348
1.2132
1.21289
1.21254
1.21217
1.21176
1.21132
1.21085
1.21034
1.2098
1.20923
1.20863
1.208
1.20733
1.20663
1.2059
1.20514
1.20435
1.20352
1.20267
1.20178
1.20087
1.19992
1.19894
1.19793
1.19689
1.19583
1.19473
1.19361
1.19246
1.19128
1.19007
1.18883
1.18757
1.18629
1.18497
1.18364
1.18227
1.18089
1.17948
1.17805
1.17659
1.17511
1.17361
1.17209
1.17055
1.16899
1.1674
1.1658
1.16418
1.16254
1.16089
1.15922
1.15753
1.15582
1.1541
1.15237
1.15062
1.14886
1.14708
1.1453
1.1435
1.14169
1.13986
1.13803
1.13619
1.13433
1.13247
1.1306
1.12872
1.12683
1.12494
1.12303
1.12113
1.11921
1.11729
1.11537
1.11345
1.11152
1.10958
1.10765
1.10572
1.10378
1.10184
1.09991
1.09797
1.09604
1.0941
1.09218
1.09025
1.08833
1.08641
1.0845
1.0826
1.08071
1.07882
1.07694
1.07508
1.07322
1.07138
1.06955
1.06773
1.06593
1.06415
1.06238
1.06063
1.0589
1.05719
1.0555
1.05383
1.05219
1.05057
1.04899
1.04742
1.04589
1.04439
1.04293
1.04149
1.0401
1.03874
1.03742
1.03614
1.03491
1.03372
1.03257
1.03148
1.03043
1.02944
1.0285
1.02762
1.0268
1.02603
1.02533
1.02469
1.02412
1.02361
1.02317
1.0228
1.02251
1.02228
1.02213
1.02206
1.02206
1.02214
1.0223
1.02253
1.02284
1.02323
1.02371
1.02425
1.02488
1.02559
1.02637
1.02723
1.02816
1.02917
1.03025
1.03139
1.03261
1.03389
1.03524
1.03665
1.03811
1.03963
1.04121
1.04283
1.0445
1.04622
1.04797
1.04976
1.05158
1.05343
1.05531
1.05721
1.05913
1.06107
1.06301
1.06496
1.06692
1.06888
1.07084
1.07279
1.07473
1.07666
1.07858
1.08047
1.08235
1.0842
1.08602
1.08782
1.08959
1.09132
1.09302
1.09468
1.0963
1.09787
1.09941
1.1009
1.10235
1.10375
1.10511
1.10641
1.10767
1.10887
1.11003
1.11114
1.11219
1.1132
1.11415
1.11506
1.11591
1.11671
1.11747
1.11817
1.11883
1.11944
1.12001
1.12053
1.121
1.12143
1.12181
1.12216
1.12246
1.12272
1.12294
1.12313
1.12328
1.12339
1.12346
1.1235
1.12351
1.12349
1.12343
1.12334
1.12323
1.12308
1.1229
1.1227
1.12247
1.12222
1.12193
1.12162
1.12129
1.12093
1.12054
1.12013
1.1197
1.11923
1.11875
1.11823
1.1177
1.11713
1.11654
1.11592
1.11528
1.11461
1.11392
1.11319
1.11244
1.11167
1.11086
1.11003
1.10917
1.10829
1.10737
1.10643
1.10547
1.10447
1.10345
1.10241
1.10134
1.10024
1.09912
1.09798
1.09682
1.09564
1.09444
1.09322
1.09198
1.09073
1.08947
1.0882
1.08692
1.08563
1.08434
1.08305
1.08175
1.08046
1.07917
1.07788
1.07661
1.07535
1.0741
1.07287
1.07165
1.07046
1.06929
1.06815
1.06703
1.06595
1.06489
1.06387
1.06289
1.06194
1.06103
1.06017
1.05934
1.05856
1.05782
1.05713
1.05648
1.05588
1.05533
1.05482
1.05436
1.05395
1.05359
1.05328
1.05301
1.0528
1.05263
1.0525
1.05243
1.0524
1.05241
1.05247
1.05257
1.05272
1.0529
1.05313
1.05339
1.0537
1.05404
1.05442
1.05483
1.05528
1.05576
1.05627
1.05682
1.0574
1.05801
1.05864
1.05931
1.06
1.06072
1.06147
1.06224
1.06304
1.06386
1.0647
1.06557
1.06646
1.06737
1.0683
1.06925
1.07023
1.07122
1.07223
1.07326
1.07431
1.07537
1.07645
1.07755
1.07866
1.07978
1.08092
1.08207
1.08323
1.0844
1.08557
1.08676
1.08795
1.08914
1.09034
1.09153
1.09273
1.09393
1.09512
1.0963
1.09748
1.09865
1.09981
1.10096
1.10209
1.10321
1.1043
1.10538
1.10644
1.10747
1.10848
1.10946
1.11042
1.11134
1.11223
1.11309
1.11392
1.11471
1.11546
1.11617
1.11684
1.11748
1.11807
1.11861
1.11912
1.11957
1.11998
1.12035
1.12066
1.12093
1.12115
1.12132
1.12144
1.12151
1.12153
1.1215
1.12142
1.12129
1.12111
1.12088
1.1206
1.12027
1.11989
1.11946
1.11898
1.11845
1.11787
1.11724
1.11657
1.11584
1.11507
1.11426
1.11339
1.11249
1.11154
1.11054
1.10951
1.10843
1.10731
1.10615
1.10495
1.10372
1.10244
1.10113
1.09979
1.09841
1.097
1.09555
1.09408
1.09258
1.09105
1.08949
1.08791
1.0863
1.08467
1.08302
1.08134
1.07965
1.07795
1.07622
1.07449
1.07274
1.07098
1.06921
1.06744
1.06566
1.06388
1.06209
1.06031
1.05853
1.05675
1.05498
1.05322
1.05147
1.04973
1.04801
1.0463
1.04461
1.04295
1.0413
1.03969
1.0381
1.03655
1.03502
1.03354
1.03209
1.03068
1.02931
1.02799
1.02672
1.02549
1.02432
1.0232
1.02214
1.02113
1.02019
1.01931
1.01849
1.01774
1.01705
1.01643
1.01589
1.01541
1.01501
1.01468
1.01443
1.01425
1.01415
1.01413
1.01419
1.01432
1.01453
1.01482
1.01518
1.01562
1.01614
1.01673
1.01739
1.01813
1.01894
1.01982
1.02076
1.02177
1.02285
1.02399
1.02519
1.02644
1.02775
1.02911
1.03052
1.03198
1.03349
1.03503
1.03662
1.03823
1.03989
1.04157
1.04327
1.04501
1.04676
1.04853
1.05032
1.05212
1.05393
1.05574
1.05756
1.05939
1.06121
1.06303
1.06484
1.06665
1.06845
1.07023
1.072
1.07376
1.0755
1.07722
1.07891
1.08059
1.08224
1.08386
1.08546
1.08703
1.08857
1.09008
1.09155
1.093
1.09441
1.09579
1.09713
1.09844
1.09971
1.10094
1.10214
1.1033
1.10443
1.10551
1.10656
1.10756
1.10853
1.10946
1.11034
1.11119
1.112
1.11277
1.1135
1.1142
1.11485
1.11547
1.11604
1.11658
1.11709
1.11755
1.11798
1.11837
1.11873
1.11905
1.11934
1.1196
1.11982
1.12002
1.12018
1.12031
1.12042
1.1205
1.12055
1.12058
1.12058
1.12056
1.12052
1.12046
1.12038
1.12028
1.12017
1.12004
1.11989
1.11973
1.11956
1.11938
1.11918
1.11898
1.11877
1.11855
1.11832
1.11809
1.11785
1.11761
1.11737
1.11712
1.11687
1.11661
1.11635
1.11609
1.11583
1.11556
1.1153
1.11502
1.11475
1.11447
1.11419
1.11391
1.11363
1.11334
1.11304
1.11274
1.11243
1.11212
1.1118
1.11147
1.11113
1.11079
1.11043
1.11006
1.10968
1.10929
1.10888
1.10846
1.10803
1.10758
1.10711
1.10662
1.10612
1.1056
1.10506
1.1045
1.10393
1.10333
1.10271
1.10207
1.10141
1.10072
1.10002
1.09929
1.09854
1.09777
1.09698
1.09616
1.09533
1.09447
1.09359
1.0927
1.09179
1.09085
1.0899
1.08894
1.08795
1.08695
1.08594
1.08491
1.08386
1.08281
1.08174
1.08066
1.07957
1.07848
1.07738
1.07627
1.07516
1.07404
1.07292
1.0718
1.07068
1.06956
1.06844
1.06733
1.06622
1.06511
1.06401
1.06292
1.06184
1.06076
1.0597
1.05864
1.0576
1.05658
1.05557
1.05457
1.05359
1.05263
1.05168
1.05076
1.04985
1.04897
1.04811
1.04727
1.04646
1.04567
1.04491
1.04418
1.04348
1.04281
1.04217
1.04157
1.041
1.04047
1.03997
1.03951
1.0391
1.03872
1.03839
1.0381
1.03786
1.03767
1.03752
1.03743
1.03738
1.03739
1.03745
1.03757
1.03774
1.03797
1.03826
1.0386
1.03901
1.03948
1.04
1.04059
1.04124
1.04195
1.04273
1.04356
1.04445
1.04541
1.04642
1.0475
1.04863
1.04982
1.05106
1.05236
1.05372
1.05512
1.05658
1.05808
1.05963
1.06122
1.06285
1.06453
1.06624
1.06798
1.06976
1.07157
1.0734
1.07526
1.07714
1.07904
1.08096
1.08289
1.08484
1.08679
1.08875
1.09071
1.09267
1.09463
1.09659
1.09854
1.10048
1.10242
1.10434
1.10625
1.10814
1.11002
1.11188
1.11372
1.11553
1.11733
1.1191
1.12085
1.12257
1.12427
1.12594
1.12758
1.1292
1.13079
1.13235
1.13389
1.1354
1.13689
1.13835
1.13979
1.1412
1.14259
1.14395
1.14529
1.14661
1.14791
1.1492
1.15046
1.1517
1.15293
1.15413
1.15533
1.1565
1.15767
1.15881
1.15995
1.16107
1.16217
1.16327
1.16435
1.16542
1.16648
1.16752
1.16855
1.16957
1.17058
1.17157
1.17255
1.17352
1.17447
1.17541
1.17633
1.17724
1.17813
1.17901
1.17987
1.18072
1.18155
1.18236
1.18315
1.18392
1.18468
1.18542
1.18614
1.18684
1.18752
1.18818
1.18882
1.18944
1.19004
1.19062
1.19118
1.19173
1.19225
1.19275
1.19323
1.19369
1.19413
1.19455
1.19495
1.19533
1.1957
1.19604
1.19636
1.19666
1.19694
1.19721
1.19745
1.19767
1.19787
1.19806
1.19822
1.19836
1.19848
1.19858
1.19865
1.19871
1.19874
1.19875
1.19874
1.1987
1.19864
1.19855
1.19844
1.1983
1.19814
1.19795
1.19773
1.19748
1.1972
1.19689
1.19655
1.19618
1.19578
1.19534
1.19487
1.19436
1.19382
1.19324
1.19262
1.19196
1.19127
1.19053
1.18975
1.18893
1.18806
1.18715
1.1862
1.1852
1.18416
1.18307
1.18193
1.18074
1.1795
1.17822
1.17689
1.1755
1.17407
1.17258
1.17105
1.16946
1.16783
1.16614
1.1644
1.16261
1.16078
1.15889
1.15695
1.15497
1.15294
1.15086
1.14873
1.14656
1.14435
1.1421
1.13981
1.13748
1.13511
1.13271
1.13028
1.12783
1.12534
1.12284
1.12031
1.11777
1.11522
1.11266
1.11009
1.10753
1.10497
1.10241
1.09987
1.09735
1.09485
1.09237
1.08993
1.08753
1.08517
1.08286
1.0806
1.0784
1.07626
1.07418
1.07218
1.07025
1.0684
1.06663
1.06495
1.06336
1.06186
1.06045
1.05914
1.05793
1.05682
1.0558
1.05489
1.05408
1.05337
1.05276
1.05225
1.05183
1.05151
1.05129
1.05116
1.05112
1.05117
1.0513
1.05151
1.05181
1.05218
1.05263
1.05314
1.05373
1.05438
1.05509
1.05586
1.05669
1.05757
1.0585
1.05948
1.0605
1.06157
1.06268
1.06382
1.065
1.06622
1.06747
1.06874
1.07005
1.07138
1.07273
1.0741
1.0755
1.07691
1.07834
1.07978
1.08123
1.08269
1.08417
1.08564
1.08713
1.08861
1.0901
1.09158
1.09306
1.09453
1.09599
1.09745
1.09889
1.10031
1.10172
1.10311
1.10448
1.10583
1.10715
1.10844
1.10971
1.11094
1.11214
1.11331
1.11444
1.11553
1.11659
1.11761
1.11858
1.11952
1.12041
1.12126
1.12207
1.12284
1.12356
1.12424
1.12488
1.12547
1.12603
1.12654
1.12702
1.12745
1.12785
1.12822
1.12855
1.12885
1.12912
1.12937
1.12958
1.12977
1.12994
1.13009
1.13022
1.13034
1.13044
1.13052
1.1306
1.13067
1.13073
1.13079
1.13084
1.13089
1.13093
1.13098
1.13102
1.13107
1.13111
1.13116
1.13121
1.13126
1.13131
1.13136
1.13142
1.13147
1.13153
1.13159
1.13164
1.1317
1.13175
1.13181
1.13186
1.13191
1.13195
1.132
1.13204
1.13207
1.1321
1.13213
1.13215
1.13217
1.13218
1.13219
1.1322
1.13221
1.13221
1.13221
1.13221
1.13222
1.13222
1.13223
1.13225
1.13226
1.13229
1.13233
1.13237
1.13243
1.1325
1.13258
1.13268
1.1328
1.13294
1.13311
1.13329
1.1335
1.13374
1.134
1.13429
1.13462
1.13497
1.13536
1.13578
1.13623
1.13672
1.13724
1.1378
1.13839
1.13901
1.13967
1.14036
1.14109
1.14184
1.14263
1.14344
1.14428
1.14515
1.14603
1.14694
1.14787
1.14882
1.14978
1.15075
1.15172
1.15271
1.1537
1.15468
1.15567
1.15665
1.15762
1.15858
1.15952
1.16045
1.16135
1.16224
1.16309
1.16392
1.16471
1.16548
1.1662
1.16689
1.16753
1.16814
1.16869
1.1692
1.16966
1.17008
1.17044
1.17074
1.171
1.17119
1.17134
1.17142
1.17145
1.17142
1.17133
1.17119
1.17098
1.17072
1.1704
1.17002
1.16959
1.16909
1.16855
1.16794
1.16729
1.16657
1.16581
1.16499
1.16412
1.16319
1.16222
1.1612
1.16014
1.15903
1.15787
1.15667
1.15543
1.15414
1.15282
1.15146
1.15007
1.14864
1.14717
1.14568
1.14415
1.1426
1.14102
1.13941
1.13778
1.13613
1.13446
1.13278
1.13107
1.12936
1.12762
1.12588
1.12413
1.12238
1.12062
1.11885
1.11709
1.11533
1.11358
1.11183
1.11009
1.10836
1.10664
1.10495
1.10327
1.10161
1.09998
1.09838
1.0968
1.09526
1.09376
1.09229
1.09087
1.08949
1.08815
1.08687
1.08564
1.08447
1.08336
1.08231
1.08132
1.0804
1.07955
1.07877
1.07806
1.07743
1.07688
1.07641
1.07602
1.07572
1.0755
1.07537
1.07532
1.07536
1.07549
1.07571
1.07602
1.07642
1.07691
1.07748
1.07815
1.07889
1.07972
1.08063
1.08162
1.08269
1.08384
1.08505
1.08634
1.08768
1.08909
1.09056
1.09209
1.09366
1.09528
1.09693
1.09863
1.10035
1.10211
1.10388
1.10567
1.10747
1.10928
1.11109
1.11289
1.11469
1.11647
1.11823
1.11997
1.12167
1.12335
1.12498
1.12658
1.12812
1.12962
1.13106
1.13244
1.13376
1.13501
1.1362
1.13731
1.13834
1.1393
1.14018
1.14097
1.14169
1.14231
1.14285
1.1433
1.14367
1.14394
1.14412
1.14421
1.14422
1.14413
1.14396
1.14369
1.14334
1.1429
1.14238
1.14177
1.14108
1.14031
1.13946
1.13854
1.13754
1.13647
1.13533
1.13412
1.13286
1.13153
1.13014
1.1287
1.12722
1.12568
1.12411
1.12249
1.12084
1.11916
1.11746
1.11573
1.11398
1.11222
1.11045
1.10868
1.1069
1.10513
1.10337
1.10162
1.09989
1.09817
1.09649
1.09483
1.09321
1.09163
1.09009
1.0886
1.08716
1.08577
1.08445
1.08318
1.08199
1.08086
1.07981
1.07883
1.07794
1.07712
1.0764
1.07575
1.0752
1.07474
1.07437
1.07409
1.0739
1.07381
1.07381
1.0739
1.07409
1.07437
1.07474
1.0752
1.07575
1.07638
1.07709
1.07789
1.07876
1.0797
1.08071
1.08179
1.08293
1.08413
1.08539
1.08669
1.08803
1.08942
1.09084
1.09229
1.09376
1.09525
1.09676
1.09828
1.0998
1.10131
1.10282
1.10433
1.10581
1.10727
1.10871
1.11011
1.11148
1.11281
1.1141
1.11533
1.11652
1.11764
1.11871
1.11971
1.12065
1.12151
1.1223
1.12301
1.12364
1.1242
1.12466
1.12505
1.12534
1.12554
1.12565
1.12567
1.1256
1.12543
1.12517
1.12482
1.12436
1.12382
1.12318
1.12245
1.12162
1.1207
1.11969
1.11859
1.1174
1.11613
1.11478
1.11334
1.11183
1.11024
1.10858
1.10685
1.10506
1.1032
1.10128
1.09931
1.09728
1.09521
1.0931
1.09094
1.08876
1.08654
1.08429
1.08203
1.07975
1.07746
1.07516
1.07286
1.07056
1.06828
1.066
1.06374
1.06151
1.0593
1.05712
1.05498
1.05288
1.05082
1.04881
1.04686
1.04496
1.04312
1.04134
1.03964
1.038
1.03644
1.03495
1.03354
1.03221
1.03096
1.0298
1.02872
1.02773
1.02682
1.026
1.02527
1.02463
1.02408
1.02361
1.02323
1.02294
1.02274
1.02262
1.02258
1.02263
1.02275
1.02296
1.02324
1.02359
1.02401
1.02451
1.02507
1.02569
1.02637
1.02711
1.02791
1.02876
1.02965
1.03059
1.03158
1.0326
1.03365
1.03474
1.03585
1.037
1.03816
1.03934
1.04054
1.04175
1.04297
1.0442
1.04543
1.04666
1.04789
1.04911
1.05032
1.05152
1.05271
1.05389
1.05505
1.05618
1.0573
1.05839
1.05946
1.0605
1.06152
1.0625
1.06345
1.06437
1.06526
1.06611
1.06693
1.06772
1.06847
1.06919
1.06987
1.07051
1.07112
1.0717
1.07224
1.07276
1.07324
1.07369
1.07411
1.07451
1.07488
1.07522
1.07554
1.07584
1.07612
1.07638
1.07662
1.07685
1.07707
1.07727
1.07747
1.07765
1.07783
1.07801
1.07818
1.07836
1.07853
1.07871
1.07889
1.07907
1.07926
1.07945
1.07966
1.07987
1.08009
1.08032
1.08056
1.08081
1.08107
1.08134
1.08163
1.08192
1.08222
1.08254
1.08286
1.08319
1.08353
1.08387
1.08422
1.08458
1.08494
1.0853
1.08567
1.08604
1.0864
1.08677
1.08713
1.0875
1.08785
1.0882
1.08855
1.08888
1.08921
1.08953
1.08984
1.09015
1.09044
1.09071
1.09098
1.09124
1.09148
1.09171
1.09193
1.09214
1.09233
1.09251
1.09268
1.09283
1.09297
1.0931
1.09322
1.09332
1.09342
1.0935
1.09358
1.09364
1.09369
1.09374
1.09377
1.0938
1.09382
1.09383
1.09383
1.09383
1.09382
1.09381
1.09379
1.09377
1.09374
1.0937
1.09367
1.09363
1.09359
1.09354
1.0935
1.09345
1.0934
1.09335
1.0933
1.09326
1.09321
1.09316
1.09312
1.09308
1.09304
1.09301
1.09297
1.09295
1.09292
1.09291
1.09289
1.09289
1.09289
1.0929
1.09291
1.09294
1.09297
1.09301
1.09306
1.09312
1.09319
1.09327
1.09335
1.09345
1.09356
1.09368
1.09381
1.09396
1.09411
1.09427
1.09445
1.09464
1.09483
1.09504
1.09527
1.0955
1.09575
1.096
1.09627
1.09656
1.09685
1.09716
1.09748
1.09781
1.09816
1.09851
1.09889
1.09927
1.09967
1.10008
1.10051
1.10095
1.10141
1.10188
1.10237
1.10287
1.1034
1.10393
1.10449
1.10506
1.10565
1.10626
1.10689
1.10753
1.10819
1.10887
1.10957
1.11029
1.11103
1.11178
1.11256
1.11335
1.11415
1.11498
1.11582
1.11668
1.11755
1.11844
1.11934
1.12025
1.12118
1.12211
1.12306
1.12402
1.12498
1.12595
1.12693
1.12791
1.12889
1.12988
1.13086
1.13185
1.13283
1.13381
1.13478
1.13575
1.13672
1.13767
1.13861
1.13954
1.14046
1.14137
1.14226
1.14313
1.14398
1.14481
1.14563
1.14642
1.14718
1.14793
1.14865
1.14934
1.15
1.15063
1.15124
1.15181
1.15236
1.15286
1.15334
1.15378
1.15418
1.15455
1.15487
1.15516
1.15541
1.15562
1.15579
1.15591
1.156
1.15604
1.15603
1.15598
1.15588
1.15574
1.15555
1.15531
1.15503
1.1547
1.15431
1.15388
1.1534
1.15287
1.15229
1.15166
1.15098
1.15025
1.14948
1.14865
1.14778
1.14686
1.14589
1.14488
1.14382
1.14272
1.14158
1.14039
1.13917
1.13791
1.13661
1.13528
1.13391
1.13251
1.13109
1.12964
1.12816
1.12667
1.12515
1.12362
1.12207
1.12051
1.11894
1.11737
1.1158
1.11423
1.11265
1.11109
1.10953
1.10799
1.10645
1.10494
1.10344
1.10197
1.10052
1.0991
1.09771
1.09635
1.09502
1.09373
1.09248
1.09127
1.0901
1.08898
1.0879
1.08687
1.08588
1.08494
1.08406
1.08322
1.08243
1.08169
1.081
1.08036
1.07978
1.07924
1.07875
1.07831
1.07792
1.07758
1.07727
1.07702
1.0768
1.07663
1.07649
1.07639
1.07633
1.07629
1.07629
1.07632
1.07637
1.07645
1.07655
1.07666
1.07679
1.07694
1.07709
1.07725
1.07742
1.07759
1.07776
1.07792
1.07808
1.07822
1.07836
1.07848
1.07858
1.07867
1.07873
1.07876
1.07877
1.07875
1.07869
1.0786
1.07846
1.07829
1.07808
1.07782
1.07751
1.07715
1.07674
1.07628
1.07577
1.07519
1.07456
1.07387
1.07312
1.0723
1.07142
1.07048
1.06947
1.0684
1.06726
1.06605
1.06477
1.06343
1.06202
1.06055
1.05901
1.0574
1.05573
1.05399
1.05219
1.05033
1.04841
1.04643
1.04439
1.04231
1.04017
1.03798
1.03575
1.03348
1.03116
1.02881
1.02643
1.02402
1.02159
1.01914
1.01668
1.0142
1.01172
1.00924
1.00676
1.00429
1.00184
0.999411
0.997006
0.994632
0.992295
0.99
0.987752
0.985556
0.983416
0.98134
0.97933
0.977392
0.975529
0.973746
0.972047
0.970434
0.96891
0.967479
0.966143
0.964903
0.963762
0.96272
0.961779
0.96094
0.960202
0.959565
0.959027
0.95859
0.95825
0.958007
0.957859
0.957804
0.95784
0.957963
0.958171
0.958462
0.958833
0.959279
0.959798
0.960386
0.96104
0.961756
0.962531
0.963362
0.964244
0.965174
0.966149
0.967165
0.968219
0.969308
0.970429
0.971578
0.972753
0.97395
0.975167
0.976401
0.977649
0.978909
0.980179
0.981455
0.982736
0.98402
0.985306
0.98659
0.987872
0.98915
0.990422
0.991688
0.992946
0.994194
0.995432
0.996658
0.997872
0.999073
1.00026
1.00143
1.00259
1.00373
1.00485
1.00596
1.00705
1.00812
1.00918
1.01022
1.01124
1.01224
1.01323
1.01421
1.01516
1.01611
1.01704
1.01795
1.01885
1.01973
1.02061
1.02147
1.02232
1.02317
1.024
1.02483
1.02564
1.02645
1.02726
1.02806
1.02885
1.02964
1.03042
1.0312
1.03198
1.03275
1.03353
1.0343
1.03507
1.03584
1.03661
1.03738
1.03815
1.03892
1.03969
1.04047
1.04124
1.04201
1.04278
1.04355
1.04432
1.04509
1.04586
1.04663
1.0474
1.04816
1.04892
1.04968
1.05044
1.05119
1.05194
1.05268
1.05342
1.05416
1.05489
1.05561
1.05634
1.05705
1.05776
1.05847
1.05916
1.05986
1.06055
1.06123
1.06191
1.06259
1.06326
1.06393
1.0646
1.06526
1.06593
1.06659
1.06725
1.06791
1.06857
1.06923
1.0699
1.07056
1.07123
1.07191
1.07258
1.07327
1.07395
1.07465
1.07535
1.07606
1.07678
1.07751
1.07825
1.079
1.07976
1.08052
1.0813
1.08209
1.0829
1.08371
1.08453
1.08536
1.08621
1.08707
1.08793
1.08881
1.0897
1.0906
1.0915
1.09242
1.09334
1.09427
1.09521
1.09615
1.09709
1.09804
1.099
1.09995
1.10091
1.10187
1.10282
1.10378
1.10473
1.10568
1.10662
1.10755
1.10848
1.1094
1.11031
1.11121
1.1121
1.11297
1.11383
1.11468
1.11551
1.11632
1.11712
1.1179
1.11865
1.11939
1.1201
1.12079
1.12146
1.1221
1.12272
1.12331
1.12388
1.12442
1.12493
1.12542
1.12588
1.12631
1.12671
1.12708
1.12743
1.12774
1.12802
1.12828
1.1285
1.1287
1.12886
1.12899
1.1291
1.12917
1.12921
1.12922
1.1292
1.12916
1.12908
1.12897
1.12883
1.12866
1.12845
1.12822
1.12796
1.12767
1.12734
1.12699
1.1266
1.12618
1.12573
1.12525
1.12473
1.12419
1.12361
1.12299
1.12235
1.12167
1.12096
1.12021
1.11943
1.11861
1.11776
1.11687
1.11595
1.11499
1.11399
1.11296
1.11189
1.11079
1.10964
1.10846
1.10724
1.10599
1.10469
1.10336
1.10199
1.10059
1.09915
1.09767
1.09615
1.09461
1.09302
1.09141
1.08976
1.08808
1.08637
1.08463
1.08287
1.08108
1.07927
1.07744
1.0756
1.07373
1.07186
1.06997
1.06808
1.06619
1.06429
1.0624
1.06051
1.05863
1.05677
1.05492
1.05309
1.05129
1.04952
1.04778
1.04607
1.04441
1.04279
1.04121
1.03969
1.03822
1.03681
1.03546
1.03417
1.03295
1.03179
1.03071
1.0297
1.02876
1.0279
1.02712
1.02641
1.02579
1.02524
1.02478
1.0244
1.0241
1.02388
1.02373
1.02367
1.02369
1.02379
1.02396
1.0242
1.02452
1.02491
1.02537
1.0259
1.02649
1.02715
1.02787
1.02864
1.02947
1.03036
1.03129
1.03227
1.0333
1.03437
1.03548
1.03663
1.03781
1.03902
1.04026
1.04152
1.04281
1.04411
1.04544
1.04677
1.04812
1.04948
1.05084
1.05221
1.05358
1.05494
1.05631
1.05767
1.05902
1.06037
1.0617
1.06302
1.06433
1.06563
1.0669
1.06816
1.0694
1.07063
1.07183
1.073
1.07416
1.07529
1.0764
1.07748
1.07853
1.07956
1.08056
1.08154
1.08249
1.08341
1.0843
1.08517
1.086
1.08681
1.08758
1.08833
1.08905
1.08973
1.09039
1.09102
1.09162
1.09218
1.09272
1.09323
1.0937
1.09414
1.09456
1.09494
1.09529
1.09561
1.09589
1.09615
1.09637
1.09657
1.09673
1.09687
1.09697
1.09705
1.0971
1.09713
1.09713
1.09711
1.09706
1.09699
1.09691
1.09681
1.09669
1.09656
1.09642
1.09627
1.09612
1.09597
1.09582
1.09567
1.09553
1.09541
1.0953
1.09521
1.09514
1.0951
1.0951
1.09513
1.0952
1.09532
1.09548
1.0957
1.09598
1.09631
1.09671
1.09717
1.09771
1.09831
1.099
1.09976
1.10059
1.10151
1.10251
1.10359
1.10475
1.10598
1.1073
1.1087
1.11017
1.11172
1.11334
1.11502
1.11678
1.11859
1.12046
1.12239
1.12436
1.12638
1.12845
1.13054
1.13267
1.13482
1.13699
1.13917
1.14137
1.14356
1.14576
1.14795
1.15013
1.15229
1.15443
1.15655
1.15864
1.16069
1.1627
1.16467
1.16659
1.16846
1.17027
1.17203
1.17373
1.17536
1.17692
1.17841
1.17983
1.18118
1.18244
1.18363
1.18473
1.18575
1.18668
1.18752
1.18828
1.18894
1.18951
1.18998
1.19036
1.19064
1.19082
1.19091
1.19089
1.19078
1.19056
1.19024
1.18982
1.18929
1.18867
1.18794
1.18711
1.18618
1.18514
1.18401
1.18277
1.18144
1.18001
1.17849
1.17687
1.17515
1.17335
1.17146
1.16948
1.16742
1.16529
1.16307
1.16079
1.15844
1.15602
1.15355
1.15102
1.14843
1.14581
1.14315
1.14045
1.13773
1.13499
1.13223
1.12946
1.1267
1.12394
1.1212
1.11848
1.1158
1.11315
1.11054
1.10799
1.1055
1.10307
1.10072
1.09846
1.09628
1.09419
1.09221
1.09034
1.08857
1.08692
1.08539
1.08399
1.08271
1.08156
1.08054
1.07965
1.07889
1.07826
1.07776
1.07738
1.07713
1.077
1.07699
1.07709
1.07731
1.07762
1.07803
1.07854
1.07913
1.07979
1.08054
1.08135
1.08221
1.08314
1.08411
1.08511
1.08616
1.08723
1.08832
1.08943
1.09055
1.09167
1.0928
1.09392
1.09503
1.09614
1.09722
1.09829
1.09934
1.10037
1.10137
1.10234
1.10328
1.1042
1.10508
1.10592
1.10674
1.10752
1.10826
1.10898
1.10965
1.1103
1.11091
1.11148
1.11202
1.11253
1.11301
1.11346
1.11388
1.11427
1.11463
1.11496
1.11526
1.11554
1.11579
1.11602
1.11622
1.11641
1.11657
1.11671
1.11683
1.11693
1.11701
1.11708
1.11712
1.11715
1.11716
1.11716
1.11714
1.11711
1.11706
1.117
1.11692
1.11684
1.11674
1.11662
1.1165
1.11636
1.11622
1.11606
1.11589
1.11572
1.11553
1.11534
1.11514
1.11493
1.11472
1.1145
1.11427
1.11404
1.1138
1.11356
1.11332
1.11307
1.11282
1.11257
1.11231
1.11206
1.11181
1.11156
1.11131
1.11107
1.11084
1.1106
1.11038
1.11016
1.10996
1.10976
1.10958
1.10941
1.10926
1.10912
1.109
1.1089
1.10882
1.10876
1.10873
1.10872
1.10874
1.10878
1.10886
1.10896
1.1091
1.10928
1.10948
1.10973
1.11
1.11032
1.11067
1.11106
1.11149
1.11195
1.11245
1.11298
1.11355
1.11416
1.1148
1.11546
1.11616
1.11689
1.11764
1.11841
1.11921
1.12003
1.12086
1.1217
1.12255
1.12341
1.12427
1.12513
1.12598
1.12683
1.12766
1.12849
1.12929
1.13007
1.13083
1.13157
1.13227
1.13294
1.13357
1.13416
1.13472
1.13523
1.1357
1.13613
1.1365
1.13683
1.13711
1.13734
1.13752
1.13765
1.13772
1.13775
1.13772
1.13764
1.13752
1.13735
1.13712
1.13686
1.13655
1.13619
1.13579
1.13535
1.13488
1.13436
1.13381
1.13323
1.13262
1.13198
1.13131
1.13062
1.12991
1.12917
1.12842
1.12765
1.12687
1.12607
1.12526
1.12445
1.12363
1.1228
1.12197
1.12113
1.1203
1.11947
1.11864
1.11781
1.11699
1.11617
1.11536
1.11455
1.11376
1.11297
1.11219
1.11143
1.11067
1.10993
1.10919
1.10847
1.10777
1.10707
1.10639
1.10572
1.10506
1.10442
1.10379
1.10318
1.10258
1.102
1.10143
1.10088
1.10034
1.09982
1.09932
1.09883
1.09836
1.09791
1.09747
1.09706
1.09666
1.09628
1.09593
1.09559
1.09528
1.09499
1.09472
1.09447
1.09425
1.09405
1.09388
1.09374
1.09362
1.09352
1.09346
1.09342
1.09341
1.09344
1.09349
1.09357
1.09368
1.09382
1.09399
1.09419
1.09442
1.09468
1.09497
1.09529
1.09564
1.09602
1.09643
1.09686
1.09732
1.0978
1.09831
1.09884
1.0994
1.09998
1.10058
1.1012
1.10183
1.10249
1.10316
1.10385
1.10455
1.10526
1.10599
1.10672
1.10746
1.10821
1.10896
1.10972
1.11049
1.11125
1.11202
1.11279
1.11356
1.11433
1.1151
1.11586
1.11662
1.11737
1.11812
1.11887
1.11961
1.12034
1.12106
1.12178
1.12249
1.12319
1.12389
1.12457
1.12525
1.12591
1.12657
1.12722
1.12786
1.12849
1.12911
1.12972
1.13032
1.13091
1.13148
1.13205
1.13261
1.13316
1.13369
1.13422
1.13473
1.13523
1.13572
1.1362
1.13667
1.13713
1.13757
1.138
1.13841
1.13882
1.1392
1.13958
1.13994
1.14028
1.14061
1.14092
1.14121
1.14148
1.14174
1.14197
1.14219
1.14239
1.14256
1.14272
1.14286
1.14297
1.14306
1.14313
1.14318
1.14321
1.14321
1.14319
1.14315
1.14309
1.14301
1.1429
1.14278
1.14263
1.14247
1.14228
1.14208
1.14186
1.14163
1.14139
1.14113
1.14086
1.14057
1.14029
1.13999
1.13969
1.13939
1.13909
1.13878
1.13848
1.13819
1.1379
1.13761
1.13734
1.13708
1.13683
1.13659
1.13637
1.13616
1.13598
1.13581
1.13566
1.13553
1.13543
1.13534
1.13528
1.13524
1.13523
1.13524
1.13527
1.13532
1.1354
1.1355
1.13562
1.13576
1.13593
1.13611
1.13631
1.13652
1.13676
1.13701
1.13727
1.13754
1.13783
1.13812
1.13843
1.13873
1.13905
1.13936
1.13968
1.14
1.14031
1.14062
1.14092
1.14122
1.14151
1.14179
1.14205
1.1423
1.14254
1.14276
1.14296
1.14314
1.14331
1.14345
1.14356
1.14366
1.14373
1.14378
1.1438
1.14379
1.14376
1.1437
1.14362
1.14351
1.14337
1.14321
1.14302
1.1428
1.14257
1.1423
1.14202
1.14171
1.14138
1.14103
1.14066
1.14028
1.13988
1.13947
1.13905
1.13861
1.13817
1.13773
1.13727
1.13682
1.13636
1.13591
1.13546
1.13502
1.13458
1.13416
1.13374
1.13334
1.13296
1.1326
1.13226
1.13194
1.13164
1.13137
1.13113
1.13091
1.13073
1.13058
1.13046
1.13037
1.13032
1.1303
1.13032
1.13038
1.13047
1.13061
1.13078
1.13098
1.13123
1.13151
1.13183
1.13219
1.13258
1.13301
1.13347
1.13396
1.13448
1.13503
1.13561
1.13622
1.13685
1.1375
1.13818
1.13887
1.13958
1.1403
1.14103
1.14178
1.14253
1.14328
1.14404
1.14481
1.14557
1.14632
1.14708
1.14782
1.14856
1.14929
1.15001
1.15071
1.15141
1.15208
1.15274
1.15338
1.154
1.1546
1.15518
1.15573
1.15627
1.15678
1.15727
1.15774
1.15818
1.15859
1.15898
1.15935
1.15969
1.16
1.16029
1.16055
1.16078
1.16099
1.16117
1.16133
1.16146
1.16156
1.16163
1.16168
1.1617
1.16169
1.16165
1.16159
1.1615
1.16138
1.16123
1.16105
1.16085
1.16061
1.16035
1.16006
1.15974
1.1594
1.15902
1.15862
1.15819
1.15773
1.15724
1.15673
1.15619
1.15563
1.15505
1.15444
1.1538
1.15315
1.15247
1.15177
1.15106
1.15033
1.14958
1.14882
1.14804
1.14726
1.14646
1.14565
1.14484
1.14402
1.14319
1.14237
1.14154
1.14072
1.13989
1.13907
1.13826
1.13746
1.13666
1.13587
1.1351
1.13434
1.13359
1.13286
1.13214
1.13145
1.13077
1.13011
1.12947
1.12885
1.12825
1.12767
1.12711
1.12658
1.12607
1.12558
1.12511
1.12467
1.12425
1.12385
1.12347
1.12311
1.12277
1.12245
1.12215
1.12187
1.1216
1.12136
1.12112
1.12091
1.1207
1.12051
1.12034
1.12017
1.12001
1.11987
1.11973
1.1196
1.11947
1.11936
1.11924
1.11914
1.11903
1.11893
1.11884
1.11874
1.11864
1.11855
1.11846
1.11836
1.11826
1.11816
1.11806
1.11796
1.11786
1.11775
1.11764
1.11752
1.11741
1.11728
1.11716
1.11703
1.11689
1.11675
1.11661
1.11646
1.11632
1.11616
1.11601
1.11585
1.1157
1.11554
1.11538
1.11522
1.11506
1.1149
1.11475
1.1146
1.11445
1.11431
1.11418
1.11405
1.11393
1.11382
1.11372
1.11363
1.11355
1.11348
1.11343
1.11339
1.11336
1.11336
1.11336
1.11339
1.11344
1.1135
1.11358
1.11368
1.1138
1.11394
1.11411
1.11429
1.11449
1.11471
1.11496
1.11522
1.1155
1.11581
1.11613
1.11647
1.11683
1.11721
1.1176
1.11801
1.11843
1.11887
1.11932
1.11979
1.12027
1.12075
1.12125
1.12176
1.12228
1.12281
1.12334
1.12388
1.12443
1.12498
1.12554
1.1261
1.12667
1.12724
1.12781
1.12838
1.12896
1.12954
1.13012
1.1307
1.13128
1.13186
1.13244
1.13302
1.1336
1.13418
1.13476
1.13534
1.13592
1.13649
1.13707
1.13765
1.13823
1.1388
1.13938
1.13996
1.14053
1.14111
1.14168
1.14226
1.14284
1.14342
1.144
1.14459
1.14517
1.14576
1.14635
1.14694
1.14754
1.14814
1.14875
1.14936
1.14998
1.1506
1.15123
1.15186
1.15251
1.15316
1.15382
1.15449
1.15517
1.15586
1.15656
1.15727
1.15799
1.15873
1.15948
1.16024
1.16101
1.1618
1.1626
1.16342
1.16425
1.16509
1.16595
1.16682
1.16771
1.16861
1.16952
1.17045
1.17139
1.17234
1.17331
1.17428
1.17526
1.17626
1.17726
1.17827
1.17928
1.1803
1.18133
1.18235
1.18338
1.18441
1.18543
1.18646
1.18747
1.18848
1.18949
1.19048
1.19146
1.19243
1.19339
1.19432
1.19524
1.19614
1.19702
1.19788
1.19871
1.19952
1.2003
1.20105
1.20177
1.20246
1.20311
1.20374
1.20433
1.20488
1.20539
1.20587
1.20631
1.20671
1.20707
1.20739
1.20767
1.2079
1.20809
1.20824
1.20835
1.20841
1.20843
1.2084
1.20834
1.20822
1.20807
1.20787
1.20763
1.20734
1.20701
1.20664
1.20622
1.20576
1.20526
1.20472
1.20414
1.20351
1.20285
1.20215
1.20141
1.20063
1.19982
1.19897
1.19809
1.19717
1.19622
1.19523
1.19422
1.19317
1.1921
1.191
1.18988
1.18873
1.18756
1.18636
1.18515
1.18391
1.18267
1.1814
1.18012
1.17884
1.17754
1.17623
1.17492
1.17361
1.17229
1.17098
1.16967
1.16836
1.16706
1.16577
1.16449
1.16323
1.16198
1.16076
1.15955
1.15836
1.15721
1.15608
1.15498
1.15391
1.15287
1.15187
1.15091
1.14999
1.1491
1.14826
1.14747
1.14672
1.14601
1.14535
1.14474
1.14418
1.14366
1.14319
1.14277
1.14241
1.14208
1.14181
1.14158
1.1414
1.14127
1.14117
1.14113
1.14112
1.14115
1.14122
1.14133
1.14147
1.14164
1.14185
1.14208
1.14234
1.14262
1.14292
1.14325
1.14359
1.14394
1.14432
1.1447
1.14509
1.14549
1.1459
1.14631
1.14673
1.14715
1.14757
1.14798
1.1484
1.14882
1.14923
1.14964
1.15005
1.15045
1.15085
1.15124
1.15164
1.15202
1.15241
1.15279
1.15318
1.15356
1.15394
1.15432
1.1547
1.15508
1.15547
1.15586
1.15625
1.15665
1.15706
1.15747
1.1579
1.15833
1.15877
1.15922
1.15969
1.16016
1.16066
1.16116
1.16168
1.16222
1.16277
1.16335
1.16393
1.16454
1.16516
1.16579
1.16645
1.16712
1.16782
1.16853
1.16925
1.17
1.17076
1.17154
1.17234
1.17315
1.17399
1.17484
1.1757
1.17659
1.17749
1.1784
1.17933
1.18028
1.18124
1.18221
1.1832
1.18421
1.18522
1.18625
1.1873
1.18835
1.18942
1.1905
1.19159
1.19269
1.19381
1.19493
1.19606
1.1972
1.19834
1.1995
1.20066
1.20182
1.20299
1.20417
1.20534
1.20652
1.2077
1.20888
1.21005
1.21123
1.2124
1.21356
1.21472
1.21586
1.217
1.21813
1.21924
1.22034
1.22143
1.2225
1.22355
1.22457
1.22558
1.22656
1.22752
1.22845
1.22935
1.23022
1.23106
1.23186
1.23263
1.23336
1.23406
1.23471
1.23533
1.2359
1.23643
1.23692
1.23736
1.23775
1.2381
1.2384
1.23864
1.23884
1.23898
1.23908
1.23911
1.2391
1.23903
1.2389
1.23872
1.23849
1.23819
1.23784
1.23744
1.23697
1.23645
1.23587
1.23524
1.23455
1.2338
1.23299
1.23213
1.23121
1.23023
1.22919
1.22811
1.22696
1.22576
1.22451
1.22321
1.22185
1.22044
1.21898
1.21747
1.21591
1.2143
1.21264
1.21094
1.20919
1.2074
1.20557
1.20369
1.20178
1.19983
1.19783
1.19581
1.19374
1.19165
1.18952
1.18737
1.18519
1.18298
1.18075
1.1785
1.17623
1.17394
1.17164
1.16933
1.167
1.16467
1.16234
1.16
1.15767
1.15534
1.15301
1.1507
1.14839
1.1461
1.14383
1.14158
1.13935
1.13715
1.13498
1.13284
1.13073
1.12867
1.12664
1.12466
1.12272
1.12083
1.11899
1.1172
1.11547
1.1138
1.11219
1.11063
1.10914
1.10772
1.10635
1.10506
1.10383
1.10267
1.10157
1.10055
1.09959
1.0987
1.09788
1.09712
1.09643
1.0958
1.09523
1.09473
1.09429
1.0939
1.09357
1.0933
1.09308
1.0929
1.09277
1.09269
1.09265
1.09265
1.09268
1.09274
1.09284
1.09296
1.09311
1.09328
1.09347
1.09368
1.0939
1.09413
1.09437
1.09462
1.09487
1.09513
1.09539
1.09565
1.0959
1.09616
1.09641
1.09665
1.09689
1.09712
1.09735
1.09756
1.09777
1.09797
1.09816
1.09835
1.09852
1.0987
1.09886
1.09902
1.09918
1.09934
1.09949
1.09965
1.0998
1.09996
1.10013
1.10031
1.10049
1.10069
1.10089
1.10112
1.10135
1.10161
1.10188
1.10218
1.10249
1.10283
1.1032
1.10359
1.10401
1.10446
1.10493
1.10544
1.10597
1.10653
1.10713
1.10775
1.1084
1.10908
1.10979
1.11052
1.11128
1.11207
1.11287
1.1137
1.11455
1.11541
1.11629
1.11718
1.11807
1.11898
1.11989
1.12081
1.12172
1.12263
1.12353
1.12443
1.12531
1.12618
1.12703
1.12786
1.12866
1.12945
1.1302
1.13092
1.13162
1.13227
1.13289
1.13348
1.13402
1.13452
1.13498
1.1354
1.13577
1.13609
1.13636
1.13659
1.13677
1.13691
1.13699
1.13703
1.13702
1.13696
1.13686
1.13671
1.13652
1.13629
1.13601
1.1357
1.13534
1.13495
1.13453
1.13407
1.13358
1.13306
1.13251
1.13194
1.13135
1.13073
1.13009
1.12944
1.12877
1.12809
1.1274
1.1267
1.12599
1.12527
1.12454
1.12382
1.12309
1.12235
1.12162
1.12089
1.12015
1.11942
1.11869
1.11797
1.11724
1.11652
1.1158
1.11509
1.11437
1.11366
1.11295
1.11223
1.11152
1.11081
1.1101
1.10939
1.10867
1.10795
1.10723
1.10651
1.10578
1.10504
1.1043
1.10356
1.1028
1.10204
1.10128
1.1005
1.09972
1.09892
1.09812
1.09731
1.0965
1.09567
1.09484
1.094
1.09316
1.09231
1.09145
1.09059
1.08973
1.08886
1.08799
1.08712
1.08625
1.08538
1.08452
1.08366
1.08281
1.08196
1.08112
1.0803
1.07948
1.07868
1.07789
1.07713
1.07638
1.07565
1.07494
1.07426
1.07361
1.07299
1.07239
1.07183
1.0713
1.0708
1.07035
1.06993
1.06955
1.06921
1.06892
1.06866
1.06846
1.0683
1.06818
1.06812
1.0681
1.06813
1.06821
1.06834
1.06852
1.06875
1.06903
1.06936
1.06974
1.07017
1.07064
1.07116
1.07173
1.07235
1.07301
1.07371
1.07446
1.07524
1.07607
1.07693
1.07783
1.07877
1.07974
1.08074
1.08177
1.08283
1.08391
1.08501
1.08614
1.08729
1.08845
1.08963
1.09082
1.09202
1.09322
1.09443
1.09565
1.09686
1.09807
1.09928
1.10047
1.10166
1.10283
1.10398
1.10512
1.10624
1.10733
1.10839
1.10942
1.11042
1.11139
1.11231
1.1132
1.11404
1.11484
1.11559
1.11629
1.11694
1.11754
1.11808
1.11857
1.11899
1.11936
1.11967
1.11992
1.12011
1.12024
1.12031
1.12032
1.12027
1.12016
1.12
1.11978
1.11951
1.11919
1.11883
1.11842
1.11798
1.1175
1.11698
1.11645
1.11589
1.11532
1.11474
1.11416
1.11358
1.11301
1.11245
1.11192
1.11141
1.11094
1.11051
1.11013
1.10979
1.10951
1.10929
1.10914
1.10906
1.10905
1.10911
1.10924
1.10946
1.10975
1.11012
1.11056
1.11108
1.11167
1.11233
1.11306
1.11385
1.11469
1.11559
1.11654
1.11752
1.11854
1.11959
1.12067
1.12175
1.12285
1.12396
1.12506
1.12615
1.12723
1.12829
1.12933
1.13033
1.1313
1.13223
1.13312
1.13396
1.13475
1.13549
1.13617
1.1368
1.13736
1.13786
1.1383
1.13868
1.13899
1.13924
1.13942
1.13954
1.13959
1.13958
1.13951
1.13938
1.13919
1.13894
1.13863
1.13827
1.13786
1.1374
1.13688
1.13632
1.13572
1.13507
1.13438
1.13366
1.1329
1.1321
1.13128
1.13043
1.12955
1.12865
1.12772
1.12678
1.12582
1.12485
1.12387
1.12288
1.12188
1.12088
1.11987
1.11887
1.11786
1.11687
1.11588
1.1149
1.11393
1.11297
1.11203
1.11111
1.11021
1.10933
1.10848
1.10766
1.10686
1.1061
1.10536
1.10466
1.104
1.10336
1.10277
1.10221
1.1017
1.10121
1.10077
1.10037
1.1
1.09967
1.09938
1.09912
1.09889
1.0987
1.09854
1.0984
1.09829
1.0982
1.09814
1.0981
1.09807
1.09805
1.09805
1.09806
1.09807
1.09809
1.0981
1.09812
1.09813
1.09813
1.09813
1.09812
1.09809
1.09804
1.09798
1.09791
1.09781
1.09769
1.09755
1.09738
1.09719
1.09698
1.09674
1.09648
1.09619
1.09587
1.09553
1.09516
1.09477
1.09435
1.0939
1.09343
1.09294
1.09242
1.09188
1.09132
1.09074
1.09013
1.08951
1.08886
1.0882
1.08752
1.08683
1.08612
1.0854
1.08466
1.08392
1.08316
1.0824
1.08162
1.08084
1.08006
1.07927
1.07848
1.07768
1.07689
1.0761
1.0753
1.07452
1.07373
1.07296
1.07219
1.07143
1.07068
1.06994
1.06922
1.06851
1.06782
1.06714
1.06649
1.06585
1.06523
1.06464
1.06407
1.06353
1.06301
1.06251
1.06205
1.06162
1.06121
1.06083
1.06049
1.06018
1.0599
1.05965
1.05944
1.05926
1.05911
1.059
1.05892
1.05888
1.05887
1.0589
1.05896
1.05906
1.05919
1.05935
1.05954
1.05977
1.06003
1.06031
1.06063
1.06098
1.06136
1.06176
1.06219
1.06265
1.06312
1.06362
1.06414
1.06468
1.06524
1.06582
1.06641
1.06702
1.06764
1.06828
1.06892
1.06958
1.07024
1.07091
1.07158
1.07226
1.07295
1.07363
1.07432
1.075
1.07569
1.07637
1.07705
1.07772
1.07839
1.07905
1.07971
1.08035
1.08099
1.08161
1.08223
1.08283
1.08342
1.084
1.08456
1.08511
1.08565
1.08617
1.08668
1.08717
1.08764
1.0881
1.08855
1.08898
1.08939
1.08979
1.09018
1.09054
1.0909
1.09123
1.09155
1.09186
1.09216
1.09243
1.0927
1.09295
1.09319
1.09342
1.09364
1.09384
1.09404
1.09422
1.0944
1.09457
1.09473
1.09488
1.09503
1.09517
1.09531
1.09544
1.09557
1.09569
1.09582
1.09594
1.09606
1.09618
1.0963
1.09642
1.09655
1.09667
1.0968
1.09693
1.09707
1.09721
1.09736
1.09752
1.09768
1.09784
1.09802
1.0982
1.0984
1.0986
1.09881
1.09903
1.09926
1.09949
1.09974
1.1
1.10027
1.10055
1.10085
1.10115
1.10146
1.10178
1.10212
1.10246
1.10282
1.10318
1.10356
1.10395
1.10434
1.10474
1.10516
1.10558
1.10601
1.10644
1.10688
1.10733
1.10778
1.10824
1.1087
1.10917
1.10963
1.1101
1.11058
1.11105
1.11152
1.112
1.11247
1.11294
1.11341
1.11387
1.11434
1.11479
1.11525
1.1157
1.11614
1.11658
1.11701
1.11744
1.11786
1.11827
1.11867
1.11907
1.11946
1.11985
1.12023
1.1206
1.12096
1.12132
1.12167
1.12202
1.12236
1.1227
1.12303
1.12336
1.12368
1.124
1.12432
1.12464
1.12495
1.12527
1.12558
1.12589
1.1262
1.12651
1.12683
1.12714
1.12746
1.12777
1.12809
1.12841
1.12874
1.12906
1.12939
1.12973
1.13006
1.1304
1.13075
1.13109
1.13144
1.13179
1.13215
1.1325
1.13286
1.13322
1.13358
1.13394
1.1343
1.13466
1.13502
1.13537
1.13573
1.13607
1.13642
1.13675
1.13708
1.1374
1.13772
1.13802
1.13832
1.1386
1.13887
1.13912
1.13936
1.13959
1.13979
1.13998
1.14015
1.1403
1.14043
1.14054
1.14062
1.14069
1.14073
1.14074
1.14073
1.1407
1.14064
1.14055
1.14044
1.14031
1.14015
1.13996
1.13975
1.13952
1.13926
1.13899
1.13869
1.13836
1.13802
1.13766
1.13729
1.13689
1.13648
1.13606
1.13563
1.13519
1.13474
1.13428
1.13382
1.13336
1.1329
1.13245
1.132
1.13156
1.13113
1.13071
1.13031
1.12992
1.12955
1.12921
1.12889
1.1286
1.12834
1.12811
1.12791
1.12774
1.12761
1.12751
1.12746
1.12744
1.12746
1.12752
1.12762
1.12776
1.12793
1.12815
1.1284
1.12869
1.12902
1.12938
1.12977
1.13019
1.13064
1.13111
1.13161
1.13213
1.13266
1.13321
1.13377
1.13433
1.1349
1.13548
1.13605
1.13661
1.13716
1.13771
1.13823
1.13874
1.13922
1.13968
1.14011
1.14051
1.14087
1.1412
1.14149
1.14173
1.14194
1.14209
1.1422
1.14226
1.14227
1.14223
1.14213
1.14198
1.14178
1.14152
1.1412
1.14083
1.1404
1.13992
1.13939
1.1388
1.13816
1.13746
1.13671
1.13592
1.13507
1.13418
1.13324
1.13226
1.13124
1.13017
1.12907
1.12793
1.12676
1.12556
1.12433
1.12307
1.12179
1.1205
1.11918
1.11785
1.1165
1.11515
1.1138
1.11244
1.11107
1.10972
1.10836
1.10702
1.10568
1.10437
1.10306
1.10178
1.10052
1.09928
1.09807
1.09689
1.09574
1.09462
1.09354
1.0925
1.0915
1.09054
1.08962
1.08875
1.08793
1.08715
1.08642
1.08574
1.08512
1.08454
1.08402
1.08355
1.08314
1.08278
1.08248
1.08223
1.08203
1.08189
1.0818
1.08177
1.0818
1.08187
1.082
1.08218
1.08241
1.08269
1.08302
1.08339
1.08381
1.08428
1.08479
1.08534
1.08593
1.08656
1.08723
1.08793
1.08867
1.08943
1.09023
1.09105
1.0919
1.09277
1.09366
1.09457
1.0955
1.09644
1.09738
1.09834
1.09931
1.10027
1.10124
1.10221
1.10318
1.10414
1.10509
1.10603
1.10695
1.10786
1.10876
1.10963
1.11048
1.11131
1.11211
1.11289
1.11363
1.11433
1.115
1.11564
1.11623
1.11679
1.1173
1.11777
1.11819
1.11856
1.11889
1.11917
1.1194
1.11958
1.11971
1.11979
1.11981
1.11978
1.1197
1.11957
1.11939
1.11915
1.11886
1.11852
1.11814
1.1177
1.11722
1.11669
1.11613
1.11552
1.11487
1.11418
1.11346
1.11271
1.11193
1.11112
1.1103
1.10945
1.10859
1.10772
1.10685
1.10597
1.10509
1.10421
1.10334
1.10249
1.10165
1.10083
1.10004
1.09927
1.09854
1.09784
1.09717
1.09655
1.09597
1.09544
1.09496
1.09453
1.09415
1.09382
1.09355
1.09334
1.09319
1.09309
1.09305
1.09307
1.09314
1.09328
1.09347
1.09371
1.094
1.09435
1.09475
1.09519
1.09568
1.09621
1.09677
1.09738
1.09802
1.09869
1.09938
1.1001
1.10084
1.1016
1.10237
1.10315
1.10394
1.10473
1.10553
1.10631
1.10709
1.10787
1.10862
1.10936
1.11008
1.11078
1.11145
1.11209
1.1127
1.11327
1.11381
1.1143
1.11475
1.11516
1.11553
1.11584
1.1161
1.11632
1.11647
1.11658
1.11663
1.11662
1.11656
1.11644
1.11626
1.11603
1.11574
1.11539
1.115
1.11455
1.11404
1.11349
1.11288
1.11224
1.11154
1.11081
1.11004
1.10923
1.10839
1.10752
1.10662
1.1057
1.10477
1.10382
1.10286
1.10189
1.10092
1.09996
1.099
1.09805
1.09712
1.09621
1.09532
1.09445
1.09362
1.09282
1.09206
1.09134
1.09066
1.09002
1.08944
1.0889
1.08842
1.08799
1.08761
1.0873
1.08703
1.08683
1.08668
1.08658
1.08655
1.08656
1.08664
1.08676
1.08693
1.08716
1.08743
1.08775
1.08811
1.08851
1.08895
1.08943
1.08994
1.09049
1.09106
1.09166
1.09228
1.09292
1.09359
1.09427
1.09496
1.09567
1.09638
1.09711
1.09784
1.09858
1.09932
1.10005
1.10079
1.10152
1.10225
1.10298
1.10369
1.1044
1.1051
1.10578
1.10645
1.10711
1.10776
1.10839
1.109
1.10959
1.11017
1.11072
1.11126
1.11177
1.11225
1.11272
1.11316
1.11357
1.11395
1.11431
1.11463
1.11493
1.11519
1.11542
1.11562
1.11578
1.11591
1.11601
1.11607
1.11609
1.11607
1.11602
1.11593
1.11579
1.11562
1.11541
1.11515
1.11485
1.11452
1.11413
1.11371
1.11325
1.11274
1.11219
1.1116
1.11097
1.1103
1.10959
1.10884
1.10805
1.10722
1.10636
1.10547
1.10454
1.10358
1.10259
1.10158
1.10054
1.09947
1.09839
1.09729
1.09617
1.09503
1.09389
1.09274
1.09158
1.09043
1.08927
1.08812
1.08697
1.08584
1.08472
1.08361
1.08252
1.08146
1.08042
1.0794
1.07842
1.07747
1.07655
1.07567
1.07482
1.07401
1.07325
1.07252
1.07183
1.07119
1.07059
1.07003
1.06951
1.06904
1.0686
1.06821
1.06786
1.06754
1.06726
1.06701
1.0668
1.06662
1.06647
1.06634
1.06624
1.06616
1.06611
1.06607
1.06605
1.06604
1.06605
1.06607
1.06609
1.06612
1.06616
1.0662
1.06624
1.06628
1.06631
1.06635
1.06638
1.0664
1.06642
1.06643
1.06643
1.06643
1.06642
1.0664
1.06637
1.06633
1.06628
1.06623
1.06617
1.06611
1.06604
1.06596
1.06588
1.0658
1.06572
1.06563
1.06555
1.06547
1.0654
1.06533
1.06527
1.06521
1.06517
1.06514
1.06512
1.06511
1.06513
1.06516
1.06521
1.06528
1.06538
1.0655
1.06565
1.06583
1.06604
1.06629
1.06656
1.06687
1.06722
1.06761
1.06804
1.06851
1.06902
1.06958
1.07018
1.07082
1.07152
1.07226
1.07305
1.07389
1.07478
1.07573
1.07672
1.07777
1.07887
1.08003
1.08124
1.08251
1.08383
1.0852
1.08663
1.08811
1.08965
1.09125
1.09289
1.09459
1.09635
1.09816
1.10001
1.10192
1.10388
1.10589
1.10795
1.11005
1.11219
1.11438
1.11662
1.11889
1.1212
1.12354
1.12593
1.12834
1.13078
1.13326
1.13575
1.13827
1.14082
1.14338
1.14596
1.14855
1.15115
1.15376
1.15637
1.15899
1.16161
1.16422
1.16683
1.16944
1.17203
1.17461
1.17717
1.17971
1.18224
1.18473
1.18721
1.18965
1.19206
1.19443
1.19677
1.19907
1.20133
1.20355
1.20572
1.20784
1.20991
1.21193
1.2139
1.21581
1.21767
1.21947
1.2212
1.22288
1.22449
1.22604
1.22752
1.22894
1.23029
1.23157
1.23277
1.23391
1.23498
1.23598
1.23691
1.23776
1.23854
1.23924
1.23988
1.24043
1.24092
1.24133
1.24166
1.24192
1.2421
1.24221
1.24225
1.24221
1.2421
1.24192
1.24167
1.24134
1.24094
1.24048
1.23994
1.23933
1.23866
1.23792
1.23711
1.23624
1.23531
1.23432
1.23326
1.23215
1.23098
1.22976
1.22848
1.22714
1.22576
1.22433
1.22286
1.22133
1.21977
1.21816
1.21652
1.21484
1.21312
1.21137
1.20959
1.20778
1.20595
1.20408
1.20219
1.20028
1.19835
1.1964
1.19443
1.19244
1.19044
1.18842
1.18639
1.18435
1.1823
1.18024
1.17817
1.1761
1.17402
1.17193
1.16984
1.16775
1.16565
1.16356
1.16146
1.15936
1.15726
1.15516
1.15306
1.15096
1.14887
1.14678
1.14469
1.14261
1.14054
1.13847
1.1364
1.13435
1.13231
1.13027
1.12825
1.12623
1.12423
1.12224
1.12027
1.11831
1.11637
1.11445
1.11254
1.11066
1.10879
1.10695
1.10513
1.10334
1.10157
1.09983
1.09811
1.09642
1.09477
1.09314
1.09154
1.08998
1.08845
1.08695
1.08549
1.08406
1.08267
1.08131
1.07999
1.07871
1.07747
1.07626
1.07509
1.07396
1.07287
1.07182
1.0708
1.06983
1.06889
1.06798
1.06712
1.06629
1.0655
1.06475
1.06403
1.06335
1.0627
1.06208
1.0615
1.06095
1.06043
1.05994
1.05948
1.05905
1.05865
1.05828
1.05793
1.05761
1.05731
1.05704
1.05679
1.05657
1.05636
1.05618
1.05601
1.05587
1.05574
1.05564
1.05555
1.05548
1.05542
1.05538
1.05536
1.05535
1.05536
1.05539
1.05543
1.05548
1.05555
1.05563
1.05573
1.05584
1.05596
1.0561
1.05624
1.05641
1.05658
1.05677
1.05697
1.05718
1.0574
1.05763
1.05788
1.05813
1.05839
1.05866
1.05895
1.05924
1.05954
1.05984
1.06015
1.06047
1.0608
1.06113
1.06147
1.06181
1.06216
1.06251
1.06287
1.06323
1.06359
1.06396
1.06433
1.0647
1.06508
1.06545
1.06584
1.06622
1.06661
1.067
1.0674
1.06779
1.0682
1.0686
1.06901
1.06942
1.06984
1.07027
1.0707
1.07113
1.07158
1.07203
1.07248
1.07295
1.07342
1.0739
1.07439
1.07488
1.07539
1.0759
1.07643
1.07696
1.0775
1.07805
1.07862
1.07919
1.07977
1.08036
1.08096
1.08157
1.08218
1.0828
1.08344
1.08407
1.08472
1.08537
1.08603
1.08669
1.08735
1.08802
1.08869
1.08936
1.09003
1.09071
1.09138
1.09204
1.09271
1.09337
1.09402
1.09467
1.09531
1.09594
1.09655
1.09716
1.09776
1.09833
1.0989
1.09945
1.09998
1.10049
1.10098
1.10145
1.10189
1.10232
1.10272
1.10309
1.10343
1.10375
1.10403
1.10428
1.10451
1.1047
1.10485
1.10497
1.10505
1.1051
1.10511
1.10508
1.10501
1.10489
1.10474
1.10455
1.10431
1.10403
1.10371
1.10334
1.10293
1.10247
1.10197
1.10142
1.10083
1.10019
1.09951
1.09878
1.09801
1.09719
1.09633
1.09543
1.09449
1.0935
1.09248
1.09142
1.09032
1.08918
1.08801
1.0868
1.08557
1.0843
1.08301
1.08169
1.08035
1.07899
1.07761
1.07621
1.0748
1.07338
1.07195
1.07051
1.06907
1.06763
1.0662
1.06477
1.06335
1.06194
1.06055
1.05918
1.05783
1.05651
1.05521
1.05395
1.05272
1.05153
1.05039
1.04928
1.04823
1.04722
1.04627
1.04537
1.04453
1.04375
1.04303
1.04238
1.04179
1.04127
1.04082
1.04045
1.04014
1.03991
1.03975
1.03967
1.03967
1.03973
1.03988
1.0401
1.04039
1.04076
1.0412
1.04171
1.04229
1.04294
1.04366
1.04445
1.0453
1.04621
1.04719
1.04822
1.0493
1.05043
1.05162
1.05285
1.05412
1.05544
1.0568
1.05819
1.05961
1.06106
1.06254
1.06404
1.06557
1.06711
1.06867
1.07024
1.07183
1.07342
1.07502
1.07662
1.07822
1.07983
1.08143
1.08303
1.08462
1.08621
1.08779
1.08936
1.09093
1.09248
1.09402
1.09554
1.09706
1.09856
1.10005
1.10152
1.10298
1.10443
1.10586
1.10728
1.10869
1.11008
1.11146
1.11283
1.11418
1.11552
1.11685
1.11817
1.11947
1.12076
1.12204
1.12332
1.12458
1.12583
1.12707
1.1283
1.12952
1.13073
1.13193
1.13313
1.13431
1.13548
1.13665
1.1378
1.13895
1.14008
1.14121
1.14233
1.14344
1.14453
1.14562
1.1467
1.14777
1.14882
1.14987
1.1509
1.15192
1.15293
1.15393
1.15492
1.15589
1.15686
1.15781
1.15875
1.15967
1.16059
1.16149
1.16238
1.16326
1.16413
1.16498
