-6.6390474   0   1.1965627   0   -5.4424847   0   0.79770844   0   
-6.6575262   0.018478868   1.2146971   0.018134444   -5.4428291   0.00034442379   0.80979807   0.01208963   
-6.6537312   0.01132366   1.2106948   0.011208815   -5.4430364   0.00028719699   0.80712989   0.0074725435   
-6.6596692   0.0099685957   1.2167878   0.0099971515   -5.4428814   0.00025543219   0.81119187   0.0066647677   
-6.6539295   0.0096212229   1.2109089   0.009722487   -5.4430206   0.00024188949   0.80727263   0.006481658   
-6.6535356   0.0078655646   1.2105398   0.0079469569   -5.4429959   0.00019904306   0.80702652   0.0052979713   
-6.6555359   0.0069420335   1.2125232   0.0070031338   -5.4430127   0.00016906689   0.80834877   0.0046687559   
-6.6552837   0.0060172636   1.2123327   0.0060678818   -5.442951   0.00015888736   0.80822179   0.0040452545   
-6.6541216   0.0054324741   1.2111051   0.0054903764   -5.4430166   0.00015470393   0.80740337   0.0036602509   
-6.6558687   0.0051634869   1.2128368   0.0052071535   -5.4430319   0.00013921125   0.80855789   0.0034714357   
-6.6556469   0.0046758124   1.2125639   0.0047179466   -5.443083   0.00013589985   0.80837596   0.0031452977   
-6.6560442   0.0042868608   1.2128978   0.0043197982   -5.4431464   0.0001393182   0.80859854   0.0028798655   
-6.6563418   0.0039545571   1.2130527   0.0039766527   -5.4432892   0.00019187845   0.80870178   0.0026511018   
-6.6547191   0.004004697   1.2115729   0.003967928   -5.4431463   0.00022798896   0.80771525   0.0026452853   
-6.6540571   0.0037864888   1.2109951   0.0037388475   -5.443062   0.00022835889   0.80733009   0.002492565   
-6.6546153   0.0035856381   1.2114798   0.0035307978   -5.4431354   0.00022587649   0.80765321   0.0023538652   
-6.6545507   0.0033687397   1.2114831   0.0033166087   -5.4430675   0.00022277369   0.80765542   0.0022110725   
-6.6544609   0.0031773471   1.2113366   0.0031303614   -5.4431243   0.00021757098   0.80755772   0.0020869076   
-6.6543555   0.0030073162   1.211243   0.0029625045   -5.4431125   0.00020613806   0.80749532   0.001975003   
-6.6538111   0.0029044713   1.2107017   0.0028621233   -5.4431094   0.00019558537   0.80713448   0.0019080822   
-6.6541253   0.002780515   1.2110661   0.0027467058   -5.4430592   0.00019269563   0.80737743   0.0018311372   
-6.654191   0.0026519318   1.2111866   0.0026216511   -5.4430044   0.00019171066   0.80745775   0.0017477674   
-6.6539389   0.0025465252   1.2109601   0.0025152946   -5.4429788   0.00018497396   0.80730674   0.0016768631   
-6.6541546   0.0024476364   1.2111951   0.0024196459   -5.4429595   0.00017814155   0.80746338   0.0016130973   
-6.6536673   0.0023977358   1.210709   0.0023711999   -5.4429583   0.00017087189   0.80713933   0.0015808   
-6.6536042   0.0023045321   1.2106586   0.0022787333   -5.4429457   0.00016465104   0.80710571   0.0015191555   
-6.6546297   0.0024431592   1.2116288   0.0023977698   -5.4430009   0.0001677897   0.80775251   0.0015985132   
-6.6537578   0.002510551   1.2107081   0.002487235   -5.4430497   0.00016889405   0.80713871   0.0016581566   
-6.65325   0.002475085   1.2102253   0.0024480044   -5.4430247   0.0001648824   0.80681689   0.001632003   
-6.6541408   0.0025516948   1.2111428   0.0025367145   -5.442998   0.00016150697   0.80742852   0.001691143   
-6.6543265   0.0024749902   1.2113207   0.0024599614   -5.4430059   0.00015640785   0.80754711   0.0016399743   
-6.6536355   0.0024940483   1.2106524   0.0024738301   -5.4429831   0.00015313883   0.80710157   0.0016492201   
-6.6536954   0.0024180315   1.2107072   0.0023983214   -5.4429881   0.0001485108   0.80713814   0.0015988809   
-6.6535532   0.0023501418   1.2105556   0.0023316451   -5.4429975   0.00014438014   0.8070371   0.0015544301   
-6.653733   0.0022890863   1.2107081   0.0022691741   -5.4430249   0.00014285245   0.80713874   0.0015127827   
-6.6536975   0.0022248762   1.2106818   0.0022053972   -5.4430156   0.00013913823   0.80712123   0.0014702648   
-6.6534241   0.0021811091   1.210402   0.002163144   -5.4430221   0.00013548078   0.80693465   0.001442096   
-6.6532136   0.0021333437   1.2102305   0.0021124194   -5.4429831   0.00013751898   0.80682035   0.0014082796   
-6.652733   0.0021327836   1.2098061   0.0021008527   -5.4429269   0.00014527509   0.80653743   0.0014005684   
-6.6531799   0.0021262668   1.2102171   0.0020884821   -5.4429628   0.00014608657   0.80681137   0.0013923214   
-6.6529566   0.0020857421   1.2100007   0.0020483609   -5.4429559   0.00014264814   0.80666716   0.0013655739   
-6.6528877   0.0020366428   1.2099108   0.0020010157   -5.4429768   0.00014077954   0.80660723   0.0013340105   
-6.6531405   0.0020047247   1.2101449   0.0019678965   -5.4429956   0.00013874376   0.80676328   0.001311931   
-6.6528399   0.00198157   1.2098833   0.0019403753   -5.4429566   0.00014104268   0.80658883   0.0012935835   
-6.652654   0.0019459328   1.2096833   0.0019072761   -5.4429707   0.00013858937   0.80645553   0.0012715174   
-6.653027   0.0019393738   1.2100297   0.0018972489   -5.4429973   0.00013812951   0.80668648   0.0012648326   
-6.65303   0.0018976643   1.210003   0.0018566351   -5.443027   0.00013837138   0.80666868   0.0012377568   
-6.6530508   0.0018578261   1.2100176   0.0018176018   -5.4430333   0.00013560566   0.80667837   0.0012117345   
-6.6532358   0.0018288973   1.2101994   0.0017893885   -5.4430364   0.00013284618   0.80679962   0.0011929257   
-6.6532497   0.0017919993   1.2102072   0.0017532525   -5.4430425   0.00013030435   0.80680477   0.001168835   
-6.6532486   0.001756511   1.2101653   0.0017190411   -5.4430833   0.00013409575   0.80677686   0.0011460274   
-6.6530405   0.0017349354   1.2099597   0.0016981552   -5.4430808   0.00013151617   0.80663977   0.0011321035   
-6.6530458   0.0017018943   1.2099607   0.0016658067   -5.4430851   0.00012908247   0.80664046   0.0011105378   
-6.653204   0.0016775605   1.2101307   0.0016434884   -5.4430733   0.00012721848   0.80675383   0.0010956589   
-6.6528609   0.0016821447   1.2097869   0.001649574   -5.4430741   0.00012488633   0.80652457   0.001099716   
-6.6528033   0.0016528364   1.2097055   0.0016218925   -5.4430979   0.00012492516   0.80647032   0.0010812616   
-6.6529218   0.0016278976   1.2098122   0.0015967536   -5.4431096   0.0001232774   0.80654145   0.0010645024   
-6.6524978   0.0016548426   1.2093893   0.0016249685   -5.4431084   0.00012113922   0.80625954   0.0010833124   
-6.6526434   0.0016330563   1.2095184   0.0016024007   -5.4431249   0.00012020207   0.80634563   0.0010682671   
-6.6527196   0.0016074157   1.209611   0.0015781814   -5.4431086   0.00011930017   0.8064073   0.0010521209   
-6.6525838   0.0015866639   1.2094797   0.0015576327   -5.4431041   0.00011741525   0.80631981   0.0010384218   
-6.6531279   0.0016529716   1.2100125   0.0016222892   -5.4431154   0.0001160561   0.806675   0.0010815261   
-6.6524728   0.0017535017   1.2093799   0.0017170999   -5.4430928   0.00011640351   0.80625328   0.0011447333   
-6.652719   0.0017433704   1.2096247   0.0017076872   -5.4430944   0.00011458063   0.80641645   0.0011384581   
-6.6529945   0.0017382981   1.2099039   0.0017042376   -5.4430906   0.00011286768   0.80660259   0.0011361584   
-6.6524217   0.0018050425   1.2093483   0.0017677846   -5.4430734   0.0001124684   0.80623221   0.0011785231   
-6.6527058   0.0018004513   1.2096269   0.0017633406   -5.4430789   0.00011091508   0.80641792   0.0011755604   
-6.652664   0.0017742691   1.2095957   0.0017374954   -5.4430683   0.00010978745   0.80639713   0.0011583302   
-6.6523762   0.0017718959   1.2093056   0.0017365231   -5.4430705   0.00010820784   0.80620377   0.0011576821   
-6.6526823   0.0017730218   1.2096076   0.0017379654   -5.4430747   0.00010673169   0.80640506   0.0011586436   
-6.6526834   0.0017478716   1.2096081   0.0017133122   -5.4430753   0.00010521979   0.80640537   0.0011422081   
-6.6525191   0.0017312429   1.2094466   0.0016970493   -5.4430725   0.00010378751   0.80629771   0.0011313662   
-6.652607   0.0017096272   1.2095316   0.0016758008   -5.4430754   0.00010239712   0.80635442   0.0011172006   
-6.6528318   0.0017012747   1.2097333   0.0016652604   -5.4430984   0.00010359671   0.80648889   0.0011101736   
-6.6529229   0.0016809087   1.2098384   0.0016462644   -5.4430844   0.00010315772   0.80655894   0.0010975096   
-6.6526369   0.0016831066   1.2095478   0.0016502567   -5.4430892   0.00010190171   0.80636517   0.0011001712   
-6.6527848   0.0016676677   1.2097236   0.0016381499   -5.4430611   0.00010440562   0.80648241   0.0010920999   
-6.6526055   0.0016558825   1.209536   0.0016278594   -5.4430695   0.0001033948   0.80635733   0.0010852396   
-6.6528438   0.0016520617   1.2098034   0.0016292213   -5.4430403   0.00010616009   0.80653562   0.0010861475   
-6.652721   0.0016358901   1.2096792   0.0016135133   -5.4430418   0.00010483489   0.80645283   0.0010756755   
-6.6524813   0.0016332526   1.2094464   0.0016103985   -5.443035   0.00010375574   0.80629757   0.001073599   
-6.6527375   0.0016334199   1.2097154   0.0016132363   -5.4430221   0.00010329558   0.80647695   0.0010754908   
-6.6528589   0.0016181845   1.20984   0.001598544   -5.4430189   0.00010209172   0.80656001   0.001065696   
-6.6525337   0.0016315552   1.2095333   0.0016089111   -5.4430004   0.00010255483   0.80635552   0.0010726074   
-6.6526087   0.0016139914   1.2096094   0.0015916903   -5.4429993   0.00010134672   0.80640625   0.0010611269   
-6.6525018   0.0015986943   1.2095208   0.0015755624   -5.4429809   0.00010183951   0.80634723   0.0010503749   
-6.6525168   0.0015802835   1.2095413   0.0015574818   -5.4429755   0.00010080704   0.80636088   0.0010383212   
-6.6525955   0.0015642038   1.209632   0.0015423466   -5.4429636   0.00010036623   0.8064213   0.0010282311   
-6.6528179   0.0015624394   1.2098514   0.0015406307   -5.4429665   9.927566e-05   0.80656761   0.0010270871   
-6.6526209   0.0015574961   1.2096409   0.0015378884   -5.44298   9.9082036e-05   0.80642729   0.0010252589   
-6.6526591   0.0015407594   1.2096912   0.0015217259   -5.4429679   9.8729655e-05   0.80646082   0.0010144839   
-6.6525745   0.0015262671   1.2096188   0.0015068363   -5.4429557   9.8407482e-05   0.80641253   0.0010045575   
-6.6526352   0.0015109882   1.2096798   0.0014917921   -5.4429555   9.7343835e-05   0.80645318   0.0009945281   
-6.6525333   0.0014983023   1.2095722   0.0014797522   -5.4429611   9.6464846e-05   0.80638146   0.00098650143   
-6.6526396   0.0014862528   1.2096778   0.0014678949   -5.4429618   9.5446706e-05   0.80645185   0.00097859658   
-6.6526531   0.0014707522   1.2097055   0.0014527883   -5.4429476   9.5499984e-05   0.80647033   0.00096852556   
-6.652694   0.0014560833   1.2097434   0.0014382339   -5.4429505   9.4554113e-05   0.80649563   0.0009588226   
-6.6527467   0.0014421141   1.2098049   0.0014248061   -5.4429419   9.3982691e-05   0.80653657   0.00094987075   
-6.6526169   0.0014333652   1.2096674   0.0014170263   -5.4429495   9.3342874e-05   0.80644491   0.00094468422   
-6.652671   0.0014199892   1.2097358   0.0014044529   -5.4429352   9.3513939e-05   0.80649053   0.00093630194   
