27.4328
26.2756
26.4057
26.2087
24.5583
24.2567
23.1745
22.9427
22.938
21.0126
20.5527
20.716
21.4855
20.8085
20.1031
19.805
18.8472
18.8472
18.4413
17.8399
17.8151
16.6797
16.6797
16.4197
15.2471
14.7244
15.6
15.6276
14.8352
15.4824
14.5894
15.738
15.6666
14.5376
14.7649
14.4271
13.5101
13.6066
14.4247
13.9207
13.2197
13.0402
13.2425
13.0373
13.1053
13.3013
13.0395
13.6219
13.3039
13.5856
13.2489
12.8705
12.6613
12.822
11.9083
12.3688
11.8766
11.8544
12.3919
11.5537
11.1884
11.5985
11.1884
11.7306
11.7303
11.5986
11.9163
11.749
11.7946
11.5467
11.7827
11.7832
11.7827
11.6186
11.1558
10.838
10.7464
10.5975
9.29798
10.1081
10.1076
10.1076
9.79038
9.47067
9.70038
9.20571
9.20571
9.70064
9.47041
9.78313
9.03295
9.03295
8.78555
8.78555
8.76808
8.78555
9.01307
9.02024
7.58439
8.70586
9.01307
9.01622
8.78555
7.73204
8.86454
8.69638
8.76808
8.78555
8.76808
9.01147
8.69631
8.76808
8.46571
8.75537
8.6164
8.76089
8.5831
8.7482
8.44099
8.43535
8.44817
8.43535
8.60362
8.73548
8.60362
7.30681
8.43528
7.30681
8.43535
8.73548
8.73548
8.41546
8.41546
7.28692
8.40821
8.38867
8.40821
8.40821
8.38867
8.40821
8.28287
8.27529
8.40821
8.39624
8.40821
8.25374
8.25374
8.40821
8.40821
8.38867
8.28287
8.26131
8.25374
6.95965
8.26131
8.26131
8.25374
8.25374
8.25374
8.26131
8.26131
8.25374
8.26131
8.26131
8.25374
8.26131
8.25374
8.26131
8.25374
8.25374
8.26131
8.25374
6.81275
8.25374
8.26131
8.26131
8.26131
8.25374
8.26131
8.26131
8.26131
8.26131
8.25374
8.25374
6.81275
8.26131
8.26131
8.25374
6.81275
6.81275
8.25374
6.81275
8.25374
8.26131
8.26131
8.25374
8.25374
8.25374
6.81275
8.25374
8.26131
8.26131
8.25374
8.25374
8.25374
8.25374
8.25374
8.25374
8.25374
8.25374
8.25374
8.25374
8.25374
8.25374
8.25374
8.25374
8.25374
8.25374
8.25374
8.25374
8.25374
8.25374
8.25374
8.25374
8.25374
6.80517
8.25374
8.25374
8.25374
8.25374
8.25374
8.25374
8.25374
8.25374
6.80517
8.25374
8.25374
6.80517
8.25374
8.25374
8.25374
8.05378
8.25374
8.25374
8.25374
8.25374
8.25374
8.25374
8.25374
6.80517
6.80517
8.25374
8.25374
8.25374
6.80517
8.25374
8.25374
8.25374
8.25374
8.25374
8.25374
8.25374
8.25374
8.25374
8.25374
8.25374
8.25374
8.25374
8.25374
8.25374
8.25374
8.25374
8.25374
8.25374
8.25374
6.80517
8.25374
8.25374
8.25374
8.25374
8.25374
8.25374
8.25374
8.25374
8.25374
8.25374
8.25374
8.25374
8.25374
8.25374
6.80517
8.25374
8.25374
8.25374
8.25374
8.25374
8.25374
8.25374
8.25374
6.80517
8.25374
8.25374
6.80517
8.25374
8.25374
8.25374
8.25374
8.25374
8.25374
8.25374
8.25374
8.25374
8.25374
6.80517
8.25374
8.25374
8.25374
8.25374
8.25374
8.25374
8.25374
8.25374
6.80517
8.25374
8.25374
8.25374
8.25374
8.25374
8.25374
8.25374
8.25374
8.25374
8.25374
8.25374
8.25374
8.25374
8.25374
8.25374
8.25374
8.25374
8.25374
8.25374
8.25374
6.80517
8.25374
8.25374
8.25374
6.80517
8.25374
8.25374
8.25374
8.25374
8.25374
8.25374
8.25374
8.25374
8.25374
8.25374
8.25374
8.25374
8.25374
8.25374
6.80517
8.25374
8.25374
8.25374
8.25374
8.25374
8.25374
8.25374
8.25374
7.2522
8.25374
8.25374
8.25374
8.25374
8.25374
8.25374
8.25374
8.25374
8.25374
8.25374
8.25374
8.25374
8.25374
8.25374
8.25374
8.25374
8.25374
8.25374
8.25374
8.25374
8.25374
8.25374
6.80517
8.25374
8.25374
8.25374
8.25374
8.25374
8.25374
6.80517
8.25374
8.25374
8.25374
8.25374
8.25374
8.25374
8.25374
6.80517
6.80517
8.25374
8.25374
8.25374
8.25374
8.25374
6.80517
8.25374
6.80517
8.25374
8.25374
8.25374
8.25374
8.25374
8.25374
8.25374
6.80517
8.25374
8.25374
8.25374
8.25374
8.25374
8.25374
7.11299
8.25374
8.25374
8.25374
8.25374
6.80517
8.25374
8.25374
6.80517
6.80517
6.80517
6.80517
6.28674
6.80517
6.2403
6.80517
6.5053
6.80517
6.7832
6.2403
6.2403
6.55145
6.28674
6.2403
6.2403
6.2403
6.2403
6.80517
6.80517
6.80517
6.80517
6.80517
6.80517
6.28674
6.28674
6.7832
6.80517
6.7832
6.55145
6.28674
6.2403
6.80517
6.80517
6.2403
6.2403
6.7832
6.2403
6.80517
6.2403
6.2403
6.2403
6.2403
6.2403
6.2403
6.2403
6.2403
6.2403
6.2403
6.2403
6.2403
6.2403
6.2403
6.2403
6.2403
6.2403
6.2403
6.2403
6.2403
6.2403
6.2403
6.2403
6.2403
6.2403
6.2403
6.2403
6.2403
6.2403
6.2403
6.2403
6.2403
6.2403
6.2403
6.2403
6.2403
6.2403
6.2403
6.2403
6.2403
6.2403
6.2403
6.2403
6.2403
6.2403
6.2403
6.2403
6.2403
6.2403
6.2403
6.2403
6.2403
6.2403
6.2403
6.2403
6.2403
6.2403
6.2403
6.2403
6.2403
6.2403
6.2403
6.2403
6.2403
6.2403
6.2403
6.2403
6.2403
6.2403
6.2403
6.2403
6.2403
6.2403
6.2403
6.2403
6.2403
6.2403
6.2403
6.2403
6.2403
6.2403
6.2403
6.2403
6.2403
6.2403
6.2403
6.2403
6.2403
6.2403
6.2403
6.2403
6.2403
6.2403
6.2403
6.2403
6.2403
6.2403
6.2403
6.2403
6.2403
6.2403
6.2403
6.2403
6.2403
6.2403
6.2403
6.2403
6.2403
6.2403
6.2403
6.2403
6.2403
6.2403
6.2403
6.2403
6.2403
6.2403
6.2403
6.2403
6.2403
6.2403
6.2403
6.2403
6.2403
6.2403
6.2403
6.2403
6.2403
6.2403
6.2403
6.2403
6.2403
6.2403
6.2403
6.2403
6.2403
6.2403
6.2403
6.2403
6.2403
6.2403
6.2403
6.2403
6.2403
6.2403
6.2403
6.2403
6.2403
6.2403
6.2403
6.2403
6.2403
6.2403
6.2403
6.2403
6.2403
6.2403
6.2403
6.2403
6.2403
6.2403
6.2403
6.2403
6.2403
6.2403
6.2403
6.2403
6.2403
6.2403
6.2403
6.2403
6.2403
6.2403
6.2403
6.2403
6.2403
6.2403
6.2403
6.2403
6.2403
6.2403
6.2403
6.2403
6.2403
6.2403
6.2403
6.2403
6.2403
6.2403
6.2403
6.2403
6.2403
6.2403
6.2403
6.2403
6.2403
6.2403
6.2403
6.2403
6.2403
6.2403
6.2403
6.2403
6.2403
6.2403
6.2403
6.2403
6.2403
6.2403
6.2403
6.2403
6.2403
6.2403
6.2403
6.2403
6.2403
6.2403
6.2403
6.2403
6.2403
6.2403
6.2403
6.2403
6.2403
6.2403
6.2403
6.2403
6.2403
6.2403
6.2403
6.2403
6.2403
6.2403
6.2403
6.2403
6.2403
6.2403
6.2403
6.2403
6.2403
6.2403
6.2403
6.2403
6.2403
6.2403
6.2403
6.2403
6.2403
6.2403
6.2403
6.2403
6.2403
6.2403
6.2403
6.2403
6.2403
6.2403
6.2403
6.2403
6.2403
6.2403
6.2403
6.2403
6.2403
6.2403
6.2403
6.2403
6.2403
6.2403
6.2403
6.2403
6.2403
6.2403
6.2403
6.2403
6.2403
6.2403
6.2403
6.2403
6.2403
6.2403
6.2403
6.2403
6.2403
6.2403
6.2403
6.2403
6.2403
6.2403
6.2403
6.2403
6.2403
6.2403
6.2403
6.2403
6.2403
6.2403
6.2403
6.2403
6.2403
6.2403
6.2403
6.2403
6.2403
6.2403
6.2403
6.2403
6.2403
6.2403
6.2403
6.2403
6.2403
6.2403
6.2403
6.2403
6.2403
6.2403
6.2403
6.2403
6.2403
6.2403
6.2403
6.2403
6.2403
6.2403
6.2403
6.2403
6.2403
6.2403
6.2403
6.2403
6.2403
6.2403
6.2403
6.2403
6.2403
6.2403
6.2403
6.2403
6.2403
6.2403
6.2403
6.2403
6.2403
6.2403
6.2403
6.2403
6.2403
6.2403
6.2403
6.2403
6.2403
6.2403
6.2403
6.2403
6.2403
6.2403
6.2403
6.2403
6.2403
6.2403
6.2403
6.2403
6.2403
6.2403
6.2403
6.2403
6.2403
6.2403
6.2403
6.2403
6.2403
6.2403
6.2403
6.2403
6.2403
6.2403
6.2403
6.2403
6.2403
6.2403
6.2403
6.2403
6.2403
6.2403
6.2403
6.2403
6.2403
6.2403
6.2403
6.2403
6.2403
6.2403
6.2403
6.2403
6.2403
6.2403
6.2403
6.2403
6.2403
6.2403
6.2403
6.2403
6.2403
6.2403
6.2403
6.2403
6.2403
6.2403
6.2403
6.2403
6.2403
6.2403
6.2403
6.2403
6.2403
6.2403
6.2403
6.2403
6.2403
6.2403
6.2403
6.2403
6.2403
6.2403
6.2403
6.2403
6.2403
6.2403
6.2403
6.2403
6.2403
6.2403
6.2403
6.2403
6.2403
6.2403
6.2403
6.2403
6.2403
6.2403
6.2403
6.2403
6.2403
6.2403
6.2403
6.2403
6.2403
6.2403
6.2403
6.2403
6.2403
6.2403
6.2403
6.2403
6.2403
6.2403
6.2403
6.2403
6.2403
6.2403
6.2403
6.2403
6.2403
6.2403
6.2403
6.2403
6.2403
6.2403
6.2403
6.2403
6.2403
6.2403
6.2403
6.2403
6.2403
6.2403
6.2403
6.2403
6.2403
6.2403
6.2403
6.2403
6.2403
6.2403
6.2403
6.2403
6.2403
6.2403
6.2403
6.2403
6.2403
6.2403
6.2403
6.2403
6.2403
6.2403
6.2403
6.2403
6.2403
6.2403
6.2403
6.2403
6.2403
6.2403
6.2403
6.2403
6.2403
6.2403
6.2403
6.2403
6.2403
6.2403
6.2403
6.2403
6.2403
6.2403
6.2403
6.2403
