12.685
12.3712
12.1614
11.9539
11.6184
11.1958
11.2522
11.3242
11.0597
10.2903
10.2903
9.81336
9.51658
9.87714
9.62799
9.39627
9.14982
9.14982
8.59269
8.76035
8.59269
8.76362
8.51366
8.61131
8.69123
8.54791
8.57394
8.29116
8.2416
8.59649
8.22483
8.01115
7.6677
8.01115
7.6677
7.82956
7.91825
7.58696
7.91505
7.52355
7.65046
7.72095
7.79125
7.69736
7.7425
7.61746
7.53202
7.559
7.52346
7.40478
7.41176
7.44219
7.00527
7.28062
7.13226
7.00778
7.13441
7.17838
6.96887
7.13226
7.14144
6.90136
6.95342
7.11363
7.061
6.8021
7.01437
7.04082
6.99625
7.03057
7.00524
6.83604
6.603
6.94451
6.8962
7.00889
6.93951
6.8662
6.93057
6.91991
6.80265
7.01533
6.50944
6.3983
6.34717
6.47989
6.47989
6.3983
6.3983
6.39009
6.50123
6.22839
6.33685
6.4817
6.41335
6.33472
6.48008
6.33896
6.50061
6.47567
6.22777
6.44853
6.22777
6.39009
6.44853
6.429
6.17569
6.28202
6.28626
6.28202
6.41898
6.39009
6.28626
6.13678
6.44853
6.44853
6.41421
6.13678
6.429
6.28416
6.17569
6.41421
6.42738
6.13678
6.13678
6.28202
6.30048
6.38927
6.42359
6.11184
6.11184
6.01746
5.96668
5.88539
6.01746
6.11184
6.00167
5.6718
6.11184
6.00167
6.00167
6.00167
5.94322
5.96735
5.57357
5.77522
5.96735
5.92323
5.7409
5.81655
5.96735
5.53925
5.95184
5.7409
5.8801
5.81304
5.91584
5.81304
5.81304
5.92323
5.92323
5.89851
5.92323
5.81304
5.84011
5.69678
5.48634
5.81304
5.81304
5.69678
5.92323
5.82885
5.82885
5.86479
5.69678
5.69678
5.78122
5.81304
5.92323
5.86479
5.69678
5.86479
5.86479
5.92323
5.84011
5.48634
5.84011
5.92323
5.86479
5.48634
5.80013
5.92323
5.92323
5.78122
5.78122
5.86479
5.86479
5.86479
5.4279
5.4279
5.7546
5.74169
5.63834
5.67487
5.67487
5.72296
5.67713
5.72363
5.67487
5.75074
5.75418
5.75418
5.7546
5.68711
5.59083
5.65203
5.64162
5.71158
5.69338
5.71861
5.71861
5.72093
5.72135
5.65833
5.64162
5.64162
5.64162
5.64162
5.66742
5.0786
5.66468
5.66468
5.63888
5.65031
5.63888
5.66468
5.66468
5.02234
5.63888
5.66468
5.02234
5.66468
5.66468
5.66468
5.65031
5.66468
5.66468
5.63888
5.63888
5.66468
5.66468
5.66468
5.66468
5.02234
5.63888
5.63888
5.63888
5.59876
5.63888
5.63888
5.63888
5.63888
5.63888
5.63888
5.63888
5.63888
5.63888
5.63888
5.63888
5.03086
5.63888
5.63888
4.99654
5.63888
5.63888
5.63888
5.63888
5.63888
5.63888
5.63888
5.63888
5.63888
4.99654
5.63888
5.63888
5.63888
5.63888
5.63888
5.63888
5.63888
5.63888
5.63888
5.63888
5.63888
5.63888
5.63888
5.63888
4.99654
5.63888
4.99654
5.63888
4.99654
5.63888
5.63888
5.63888
4.99654
5.63888
5.63888
5.63888
5.63888
5.63888
5.63888
5.63888
5.63888
5.63888
5.63888
5.63888
5.63888
4.99654
4.99654
5.63888
5.63888
5.63888
5.63888
5.63888
5.63888
5.63888
5.63888
5.63888
5.63888
5.63888
5.63888
5.63888
5.63888
5.63888
4.99654
5.63888
5.63888
5.63888
5.63888
4.99654
5.63888
5.63888
5.63888
5.63888
5.63888
5.63888
5.63888
5.63888
5.63888
4.99654
5.63888
5.63888
5.63888
5.63888
5.63888
5.63888
5.63888
4.99654
5.63888
5.63888
5.63888
5.63888
5.63888
4.99654
5.63888
5.63888
4.99654
5.63888
5.63888
5.63888
5.63888
5.63888
5.63888
5.63888
5.63888
5.63888
5.63888
5.63888
5.63888
5.63888
5.63888
5.63888
4.99654
5.63888
5.63888
4.99654
5.63888
5.63888
5.63888
5.63888
5.63888
5.63888
5.63888
5.63888
5.63888
5.63888
5.63888
5.63888
5.63888
5.63888
5.63888
5.63888
5.63888
5.63888
5.63888
5.63888
5.63888
5.63888
5.63888
5.63888
5.63888
5.63888
5.63888
5.63888
5.63888
4.99654
4.99654
5.63888
5.63888
5.63888
5.63888
5.63888
5.63888
5.63888
5.63888
5.63888
5.63888
5.63888
5.63888
5.63888
5.63888
5.63888
5.63888
5.63888
5.63888
5.63888
5.63888
5.63888
5.63888
5.63888
5.63888
5.63888
5.63888
5.63888
5.63888
5.63888
5.63888
5.63888
5.63888
5.63888
5.63888
5.63888
5.63888
5.63888
5.63888
5.63888
5.63888
5.63888
5.63888
5.63888
5.63888
5.63888
5.63888
5.63888
5.63888
5.63888
5.63888
5.63888
5.63888
5.63888
4.99654
5.63888
5.63888
4.99654
4.99654
5.63888
5.63888
5.63888
5.63888
5.63888
5.63888
4.99654
5.63888
5.63888
5.63888
5.63888
5.63888
5.63888
5.63888
5.63888
5.63888
5.63888
5.63888
4.99654
5.63888
5.63888
5.63888
5.63888
5.63888
5.63888
5.63888
5.63888
5.63888
5.63888
5.63888
5.63888
5.63888
5.63888
5.63888
5.63888
5.63888
5.63888
5.63888
4.99654
5.63888
5.63888
5.63888
4.99654
5.63888
5.63888
4.99654
5.63888
5.63888
5.63888
5.63888
5.63888
5.63888
5.63888
5.63888
5.63888
5.63888
5.63888
5.63888
5.63888
5.63888
5.63888
5.63888
5.63888
5.63888
5.63888
4.99654
5.63888
5.63888
5.63888
5.63888
5.63888
5.63888
5.63888
5.63888
5.63888
5.63888
4.99654
5.63888
5.63888
5.63888
5.63888
4.99654
4.99654
5.63888
5.63888
5.63888
5.63888
5.63888
5.63888
5.63888
5.63888
5.63888
5.63888
5.63888
5.63888
4.99654
4.99654
5.63888
5.63888
5.63888
5.63888
4.99654
4.99654
4.99095
4.99095
4.99654
4.99095
4.99095
4.99095
4.99654
4.99654
4.99654
4.99654
4.99654
4.99095
4.99654
4.99095
4.99654
4.99654
4.99654
4.99654
4.99654
4.99184
4.99095
4.99095
4.99095
4.99095
4.99095
4.99095
4.99095
4.99095
4.99095
4.99095
4.99095
4.99095
4.99095
4.99095
4.99095
4.99095
4.99095
4.99095
4.99095
4.99095
4.99095
4.99095
4.99095
4.99095
4.99095
4.99095
4.99095
4.99095
4.99095
4.99095
4.99095
4.99095
4.99095
4.99095
4.99095
4.99095
4.99095
4.99095
4.99095
4.99095
4.99095
4.99095
4.99095
4.99095
4.99095
4.99095
4.99095
4.99095
4.99095
4.99095
4.99095
4.99095
4.99095
4.99095
4.99095
4.99095
4.99095
4.99095
4.99095
4.99095
4.99095
4.99095
4.99095
4.99095
4.99095
4.99095
4.99095
4.99095
4.99095
4.99095
4.99095
4.99095
4.99095
4.99095
4.99095
4.99095
4.99095
4.99095
4.99095
4.99095
4.99095
4.99095
4.99095
4.99095
4.99095
4.99095
4.99095
4.99095
4.99095
4.99095
4.99095
4.99095
4.99095
4.99095
4.99095
4.99095
4.99095
4.99095
4.99095
4.99095
4.99095
4.99095
4.99095
4.99095
4.99095
4.99095
4.99095
4.99095
4.99095
4.99095
4.99095
4.99095
4.99095
4.99095
4.99095
4.99095
4.99095
4.99095
4.99095
4.99095
4.99095
4.99095
4.99095
4.99095
4.99095
4.99095
4.99095
4.99095
4.99095
4.99095
4.99095
4.99095
4.99095
4.99095
4.99095
4.99095
4.99095
4.99095
4.99095
4.99095
4.99095
4.99095
4.99095
4.99095
4.99095
4.99095
4.99095
4.99095
4.99095
4.99095
4.99095
4.99095
4.99095
4.99095
4.99095
4.99095
4.99095
4.99095
4.99095
4.99095
4.99095
4.99095
4.99095
4.99095
4.99095
4.99095
4.99095
4.99095
4.99095
4.99095
4.99095
4.99095
4.99095
4.99095
4.99095
4.99095
4.99095
4.99095
4.99095
4.99095
4.99095
4.99095
4.99095
4.99095
4.99095
4.99095
4.99095
4.99095
4.99095
4.99095
4.99095
4.99095
4.99095
4.99095
4.99095
4.99095
4.99095
4.99095
4.99095
4.99095
4.99095
4.99095
4.99095
4.99095
4.99095
4.99095
4.99095
4.99095
4.99095
4.99095
4.99095
4.99095
4.99095
4.99095
4.99095
4.99095
4.99095
4.99095
4.99095
4.99095
4.99095
4.99095
4.99095
4.99095
4.99095
4.99095
4.99095
4.99095
4.99095
4.99095
4.99095
4.99095
4.99095
4.99095
4.99095
4.99095
4.99095
4.99095
4.99095
4.99095
4.99095
4.99095
4.99095
4.99095
4.99095
4.99095
4.99095
4.99095
4.99095
4.99095
4.99095
4.99095
4.99095
4.99095
4.99095
4.99095
4.99095
4.99095
4.99095
4.99095
4.99095
4.99095
4.99095
4.99095
4.99095
4.99095
4.99095
4.99095
4.99095
4.99095
4.99095
4.99095
4.99095
4.99095
4.99095
4.99095
4.99095
4.99095
4.99095
4.99095
4.99095
4.99095
4.99095
4.99095
4.99095
4.99095
4.99095
4.99095
4.99095
4.99095
4.99095
4.99095
4.99095
4.99095
4.99095
4.99095
4.99095
4.99095
4.99095
4.99095
4.99095
4.99095
4.99095
4.99095
4.99095
4.99095
4.99095
4.99095
4.99095
4.99095
4.99095
4.99095
4.99095
4.99095
4.99095
4.99095
4.99095
4.99095
4.99095
4.99095
4.99095
4.99095
4.99095
4.99095
4.99095
4.99095
4.99095
4.99095
4.99095
4.99095
4.99095
4.99095
4.99095
4.99095
4.99095
4.99095
4.99095
4.99095
4.99095
4.99095
4.99095
4.99095
4.99095
4.99095
4.99095
4.99095
4.99095
4.99095
4.99095
4.99095
4.99095
4.99095
4.99095
4.99095
4.99095
4.99095
4.99095
4.99095
4.99095
4.99095
4.99095
4.99095
4.99095
4.99095
4.99095
4.99095
4.99095
4.99095
4.99095
4.99095
4.99095
4.99095
4.99095
4.99095
4.99095
4.99095
4.99095
4.99095
4.99095
4.99095
4.99095
4.99095
4.99095
4.99095
4.99095
4.99095
4.99095
4.99095
4.99095
4.99095
4.99095
4.99095
4.99095
4.99095
4.99095
4.99095
4.99095
4.99095
4.99095
4.99095
4.99095
