14.8169
13.9551
13.4844
13.4411
13.336
13.2032
13.1313
13.0572
12.746
12.6564
12.3602
12.1494
11.7995
11.5812
11.2419
11.0191
10.5603
10.4523
10.1849
10.1725
10.1271
10.0587
9.97639
9.97564
9.97455
9.9752
9.95037
9.89032
9.61807
9.57844
9.5071
9.48963
9.38599
9.34531
9.2835
9.20199
9.10944
8.75735
8.57764
8.52643
8.39147
8.3585
8.3242
8.30547
8.15474
8.14898
8.11516
7.98523
7.94595
7.94114
7.91193
7.91111
7.90804
7.88507
7.87711
7.84916
7.68143
7.58255
7.53273
7.50264
7.49979
7.48825
7.46421
7.4662
7.46636
7.46547
7.46667
7.4647
7.4625
7.46428
7.44972
7.42479
7.23103
7.16074
7.09528
7.01432
7.01376
7.01348
7.01317
7.01372
7.01421
7.01021
6.98966
6.90843
6.84087
6.84021
6.83593
6.79905
6.75688
6.75445
6.75187
6.73143
6.7238
6.69418
6.69434
6.6944
6.69394
6.69346
6.68564
6.65037
6.51971
6.42066
6.42042
6.40884
6.36309
6.32088
6.32061
6.31969
6.32029
6.32074
6.32075
6.31993
6.32049
6.31919
6.32086
6.32088
6.32022
6.32018
6.32077
6.32074
6.32078
6.31957
6.32033
6.30567
6.20792
6.20008
6.19948
6.20075
6.20087
6.20087
6.20026
6.20005
6.18318
6.12863
6.0745
6.05192
6.05267
6.05026
6.05208
6.05245
6.05244
6.05267
6.05267
6.05187
6.04688
5.99819
5.99785
5.99654
5.99819
5.99797
5.99786
5.99442
5.96461
5.90724
5.80747
5.30983
5.31018
5.30992
5.31008
5.30967
5.30497
5.29298
5.22088
5.22056
5.22106
5.2206
5.22101
5.22084
5.22106
5.22076
5.22094
5.22094
5.22083
5.2204
5.22103
5.22087
5.22025
5.21623
5.21189
5.21073
5.20549
5.20348
5.20349
5.20335
5.20327
5.20353
5.20355
5.20324
5.20309
5.20337
5.20304
5.20321
5.20355
5.20316
5.20352
5.20315
5.20289
5.20349
5.20355
5.20349
5.20271
5.20348
5.20327
5.20332
5.20259
5.19679
5.19701
5.19682
5.19715
5.19701
5.18687
5.12465
5.12455
5.12463
5.12465
5.12463
5.12465
5.12465
5.12465
5.12463
5.12465
5.12465
5.12455
5.12465
5.12465
5.12465
5.12459
5.12459
5.12454
5.12465
5.12463
5.12465
5.12463
5.12463
5.12455
5.12465
5.12459
5.12351
5.11858
5.09304
5.09293
5.09304
5.09293
5.09293
5.09293
5.09293
5.09304
5.09304
5.09304
5.09304
5.09304
5.09304
5.09294
5.09294
5.09304
5.09304
5.09282
5.09304
5.09271
5.09304
5.09293
5.09304
5.09282
5.09293
5.09304
5.09304
5.09304
5.09294
5.09293
5.09304
5.09304
5.09304
5.09304
5.09304
5.09293
5.09283
5.09294
5.09304
5.09304
5.09304
5.09293
5.08822
5.05115
5.0383
5.0383
5.0382
5.0383
5.0383
5.0383
5.0383
5.0383
5.0383
5.0383
5.0383
5.0382
5.0383
5.0382
5.0383
5.0383
5.0383
