111.795
108.621
107.694
106.82
106.222
105.513
105.034
104.297
102.847
102.297
101.45
100.005
99.7488
99.0664
97.9782
97.1192
95.389
94.7315
93.1538
92.9239
92.1202
91.64
91.1046
90.8732
90.1774
90.0775
89.5093
89.1137
87.6889
87.4521
86.9705
86.6452
86.0514
85.6249
85.2856
84.7771
84.3055
83.427
83.0688
82.0458
80.5956
80.0994
79.5651
79.4424
78.6014
77.6143
77.1478
76.6043
76.39
76.1909
75.4136
75.2846
74.9019
74.0227
73.816
73.6432
73.0611
72.8644
72.1472
72.0028
71.7431
71.1827
70.7744
70.6967
70.5172
70.1868
70.0396
69.7743
69.6916
69.6442
69.338
68.7754
68.6102
68.3392
67.6386
66.9691
66.8838
66.7601
66.5352
65.8125
65.7307
65.63
65.1744
64.7122
63.9801
63.9037
63.7011
63.0857
62.7261
62.6776
62.3409
62.041
61.7442
61.0274
60.9944
60.8303
60.2017
60.1894
60.0228
59.659
58.9436
58.3871
58.333
57.996
56.6832
56.1694
56.105
56.0335
55.6992
55.6492
55.6025
55.4727
55.1625
55.0262
55.0349
54.9865
54.809
54.4075
53.82
53.7912
53.6238
53.2483
53.2279
52.9094
51.6627
51.6008
51.598
51.5872
51.519
51.3712
51.2474
50.7881
50.4874
49.8064
49.6059
49.415
49.18
49.1489
49.1482
49.1226
49.0897
48.8793
48.8735
48.8553
48.7613
48.5982
48.5179
48.201
48.0637
48.0463
47.9759
47.7406
47.5468
47.3748
47.3694
47.3715
47.3629
47.3359
47.212
47.1269
47.0742
46.9769
46.8393
46.6816
46.6443
46.6308
46.5213
46.4069
46.3541
46.2318
45.9134
45.9077
45.9072
45.9017
45.8447
45.8118
45.7228
45.5677
45.4922
45.3597
45.3569
45.3555
45.3345
45.2173
45.0945
45.0933
45.0831
45.07
45.0718
45.072
45.0728
45.0709
45.0587
45.0001
44.6057
43.632
43.6174
43.5774
43.5366
43.5291
43.4582
43.428
43.3562
42.6608
42.3853
42.2684
42.1817
42.1822
42.1837
42.1837
42.1368
41.8738
41.8695
41.8027
41.6232
41.6126
41.6192
41.6099
41.6112
41.6054
41.6057
41.6098
41.6079
41.607
41.611
41.6073
41.6044
41.6014
41.5638
41.4582
41.3577
40.999
40.9971
40.9881
40.9789
40.9771
40.9685
40.8944
40.7483
40.1294
40.1294
40.128
40.0838
39.881
39.6705
39.669
39.6714
39.67
39.67
39.6562
39.6385
39.6402
39.6354
39.6104
39.5286
39.4674
39.2444
38.8356
38.7849
38.7428
38.7472
38.737
38.6796
38.6637
38.6379
38.4455
38.4281
38.4282
38.4279
38.4242
38.4263
38.4019
38.3665
38.3181
38.3155
38.2939
38.1473
38.1136
38.0226
37.9799
37.9595
37.7783
37.1909
37.0596
37.0592
37.0122
36.9553
36.8605
35.9612
35.8686
35.8696
35.867
35.8618
35.8067
35.8006
35.7947
35.7848
35.7792
35.7765
35.7643
35.755
35.7141
35.7042
35.7029
35.7024
35.7001
35.6941
35.6784
35.5894
35.4607
35.3907
35.3214
35.3115
35.2558
34.8675
34.5878
34.5811
34.5386
34.5227
34.5195
34.5078
34.5056
34.506
34.4106
34.0544
34.0536
34.0553
34.0501
34.0354
33.9502
33.9171
33.9207
33.918
33.9053
33.8862
33.7905
33.76
33.7623
33.7616
33.7063
33.3249
33.253
33.2497
33.217
32.8686
32.6314
32.63
32.6273
32.6305
32.6306
32.6308
32.6193
32.5392
32.4697
32.1919
31.7594
31.7558
31.7438
31.6498
31.6497
31.6502
31.6497
31.6497
31.647
31.6447
31.6248
31.4576
31.4021
31.3994
31.403
31.3944
31.3331
31.3173
31.2546
31.2195
31.2121
31.194
31.1928
31.1944
31.1921
31.1833
31.1502
30.9821
30.9824
30.9797
30.9818
30.9789
30.9555
30.74
30.6083
30.6081
30.597
30.5372
30.5207
30.506
30.4975
30.4981
30.4986
30.4984
30.4976
30.4965
30.4772
30.4684
30.4437
30.3674
30.276
29.8488
29.3897
29.3902
29.3882
29.3859
29.3882
29.3879
29.3889
29.3866
29.3806
29.3336
29.0958
29.018
28.8982
28.9
28.8963
28.8981
28.8954
28.8466
28.5649
28.5068
28.5074
28.5069
28.5045
28.507
28.5053
28.5052
28.5052
28.5035
28.4853
28.4708
28.4685
28.4606
28.4462
28.4144
28.4036
28.3362
28.335
28.3349
28.3362
28.3365
28.3362
28.334
28.3241
28.3013
28.2845
28.1003
28.025
28.0191
27.9879
27.9429
27.9428
27.9414
27.9431
27.9367
27.9039
27.8725
27.8707
27.8714
27.869
27.8509
27.799
27.7924
27.793
27.7899
27.789
27.7859
27.773
27.6857
27.6306
27.6178
27.4896
27.1197
27.1172
27.1115
27.0969
27.0937
27.0781
26.9681
26.9212
26.9211
26.92
26.9177
26.9136
26.8774
26.7791
26.7676
26.6451
26.5166
26.5156
26.5167
26.516
26.5145
26.516
26.5119
26.4963
26.4699
26.3793
26.357
26.2618
26.2617
26.2597
26.2561
26.2328
26.2323
26.2329
26.232
26.2163
26.1282
25.9639
25.9667
25.9644
25.9539
25.8799
25.7928
25.7915
25.793
25.791
25.7909
25.7584
25.6102
25.6082
25.6084
25.6077
25.608
25.6054
25.5973
25.5939
25.5934
25.5915
25.5811
25.5794
25.5802
25.5712
25.5487
25.5481
25.5482
25.5458
25.54
25.5048
25.4956
25.4227
25.3699
25.297
25.2975
25.2972
25.2965
25.2975
25.2961
25.2946
25.2969
25.2974
25.2963
25.2968
25.2952
25.2969
25.2954
25.2974
25.297
25.2969
25.2962
25.2879
25.2766
25.2764
25.2771
25.2763
25.2622
25.2256
25.0485
25.0498
25.0501
25.0486
25.0491
25.0482
25.0496
25.0485
25.0485
25.0486
25.0495
25.0487
25.0494
25.0466
25.0417
25.0356
25.0297
25.0301
25.0298
25.0305
25.029
25.0274
25.0304
25.0283
25.0185
24.9597
24.7971
24.7964
24.7961
24.7972
24.7941
24.777
24.7763
24.776
24.7766
24.7761
24.7753
24.777
24.7743
24.7751
24.7768
24.7767
24.7762
24.7746
24.7763
24.7752
24.7754
24.7763
24.7764
24.7746
24.7725
24.7668
24.7431
24.7385
24.7385
24.7382
24.7358
24.7315
24.7052
24.5949
24.596
24.596
24.5952
24.5951
24.5955
24.595
24.593
24.5781
24.536
24.537
24.5375
24.5361
24.5373
24.5353
24.5369
24.5358
24.5332
24.5333
24.5331
24.5221
24.516
24.5164
24.5153
24.5168
24.5161
24.5124
24.5142
24.5154
24.5144
24.5114
24.5107
24.5139
24.5132
24.5021
24.4507
24.2037
24.2035
24.2009
24.2039
24.2014
24.1971
24.1525
24.134
24.1337
24.1255
24.062
24.0595
24.0592
24.0587
24.0593
24.0582
24.06
24.058
24.0578
24.0587
24.0594
24.0586
24.0555
24.01
23.9979
23.9989
23.9945
23.9958
23.9824
23.9613
23.9253
23.9142
23.9152
23.9128
23.9124
23.8921
23.8416
23.8416
23.8417
23.8407
23.8412
23.8405
23.8405
23.8234
23.6994
23.6775
23.6768
23.6754
23.6582
23.5456
23.4621
23.3627
23.3632
23.3602
23.3631
23.3638
23.3616
23.3623
23.3599
23.3524
23.3314
23.2481
23.2489
23.2485
23.2489
23.248
23.2489
23.2474
23.2275
23.0801
22.7606
22.7594
22.7603
22.7598
22.759
22.745
22.7317
22.677
22.6011
22.5947
22.5939
22.5946
22.5926
22.5907
22.5855
22.5623
22.4653
22.4661
22.4651
22.4657
22.4647
22.4651
22.4646
22.464
22.4414
22.3164
22.3165
22.3156
22.3134
22.2962
22.2328
22.2073
22.2073
22.2073
22.2066
22.2079
22.2055
22.1996
22.1995
22.1896
22.1356
22.0822
22.0789
22.079
22.0792
22.0781
22.0797
22.0755
22.069
22.055
22.0554
22.054
22.0527
22.0492
22.0518
22.024
22.0128
22.0151
22.0044
21.9571
21.9088
21.9043
21.8776
21.8488
21.8483
21.8475
21.8481
21.8491
21.8493
21.8499
21.8495
21.8453
21.83
21.7402
21.7398
21.7395
21.7398
21.74
21.7403
21.7397
21.7402
21.7383
21.7401
21.7387
21.7404
21.7398
21.7399
21.7402
21.74
21.7397
21.734
21.7084
21.6855
21.6818
21.681
21.6806
21.6772
21.649
21.5957
21.5965
21.5962
21.5962
21.5954
21.5968
21.5957
21.5959
21.564
21.4379
21.4368
21.4377
21.4378
21.4377
21.4379
21.4381
21.438
21.4353
21.4189
21.4195
21.4181
21.4194
21.4195
21.4184
21.4144
21.3867
21.3688
21.3687
21.3681
21.369
21.369
21.369
21.369
21.369
21.369
21.3685
21.367
21.3689
21.3683
21.3686
21.3666
21.3686
21.3687
21.3675
21.3576
21.3411
21.3426
21.342
21.3428
21.3428
21.3428
21.3431
21.3416
21.3427
21.3409
21.3424
21.3419
21.3368
21.329
21.3182
21.2714
21.1438
21.1442
21.1436
21.1443
21.1442
21.1437
21.1433
21.1435
21.1424
21.1211
21.0585
20.8283
20.8282
20.8276
20.8283
20.8282
20.8148
20.766
20.7564
20.7561
20.7556
20.7556
20.7551
20.7568
20.7549
20.7568
20.7564
20.7414
20.649
20.593
20.5923
20.5929
20.593
20.5922
20.5904
20.5784
20.5271
20.5248
20.5266
20.5266
20.5271
20.5268
20.5265
20.527
20.5271
20.526
20.5271
20.5265
20.5074
20.4388
20.2776
20.2776
20.2777
20.2777
20.2774
20.2777
20.2772
20.2776
20.2777
20.2761
20.2772
20.2777
20.2777
20.2766
20.2777
20.2759
20.2772
20.2757
20.2721
20.274
20.2739
20.2735
20.2738
20.2741
20.2737
20.2741
20.2739
20.2741
20.2735
20.2736
20.2704
20.2694
20.27
20.2708
20.268
20.2707
20.2705
20.2703
20.27
20.2704
20.2691
20.2596
20.2428
20.2415
20.2408
20.2382
20.239
20.2388
20.2388
20.2388
20.2385
20.2383
20.2384
20.2381
20.2384
20.2384
20.2367
20.2384
20.2382
20.2379
20.2378
20.2383
20.2367
20.2369
20.2369
20.2368
20.2353
20.1581
19.8145
19.7085
19.7082
19.7063
19.7
19.66
19.6483
19.6484
19.6484
19.6484
19.6484
19.6464
19.6484
19.6484
19.6484
19.6478
19.6484
19.6477
19.6318
19.5471
19.4758
19.4748
19.4736
19.4742
19.4644
19.4556
19.4552
19.4556
19.4556
19.4556
19.4556
19.4556
19.4552
19.4539
19.4241
19.2461
19.2041
19.2045
19.2013
19.2025
19.2045
19.2043
19.2044
19.2003
19.1711
19.147
19.1483
19.1478
19.1481
19.1476
19.1482
19.148
19.1482
19.1471
19.1482
19.1482
19.1468
19.1358
19.1168
19.1155
19.1168
19.1163
19.1168
19.1162
19.1144
19.1037
19.0734
19.0464
19.0466
19.0465
19.0455
19.0466
19.0455
19.0465
19.0444
19.0455
19.0466
19.0466
19.0465
19.0458
19.0465
19.0461
19.0447
19.0455
19.0465
19.0459
19.0455
19.0466
19.0466
19.0455
19.0466
19.0452
19.0463
19.0463
19.0456
19.0465
19.0466
19.0457
19.0382
19.0385
19.0385
19.0388
19.0381
19.0371
19.0387
19.0376
19.0369
19.0195
18.8944
18.8817
18.8817
18.8814
18.8811
18.8583
18.7761
18.5571
18.558
18.5558
18.5564
18.5579
18.5572
18.558
18.5574
18.5365
18.3772
18.3779
18.3786
18.3785
18.3784
18.379
18.379
18.3774
18.362
18.2336
18.2004
18.1988
18.1913
18.1694
18.169
18.1687
18.1688
18.1639
18.1501
18.1333
18.1324
18.133
18.132
18.1313
18.1259
18.096
18.0851
18.0831
18.0163
17.9252
17.9221
17.8906
17.8254
17.7395
17.7347
17.7359
17.7357
17.7325
17.7055
17.6827
17.6829
17.6831
17.6825
17.6801
17.6643
17.6062
17.6055
17.6061
17.6061
17.6062
17.606
17.6059
17.6048
17.6005
17.5699
17.5274
17.5283
17.5284
17.5285
17.528
17.528
17.5249
17.5247
17.5247
17.5249
17.5244
17.5249
17.5243
17.5246
17.5065
17.388
17.3769
17.3758
17.3769
17.3771
17.3754
17.377
17.3769
17.3771
17.3769
17.3771
17.3769
17.377
17.3771
17.3755
17.3685
17.3661
17.3652
17.3647
17.366
17.364
17.3661
17.3659
17.3647
17.3656
17.3655
17.3643
17.3655
17.3648
17.3653
17.365
17.364
17.3623
17.3459
17.3461
17.3451
17.3457
17.3401
17.3145
17.3137
17.315
17.3148
17.3149
17.3131
17.3146
17.3148
17.3138
17.3145
17.3148
17.3147
17.315
17.3139
17.3146
17.3144
17.3143
17.3114
17.3125
17.3143
17.3142
17.3137
17.3116
17.3128
17.2958
17.25
16.9144
16.789
16.788
16.785
16.7611
16.7319
16.7301
16.732
16.7316
16.732
16.7318
16.732
16.7321
16.732
16.7279
16.709
16.6809
16.6802
16.6807
16.6809
16.6807
16.6809
16.681
16.6809
16.6809
16.6807
16.681
16.6798
16.6637
16.6316
16.3389
16.3377
16.3389
16.3387
16.3389
16.3386
16.3387
16.3386
16.3389
16.3389
16.3387
16.3386
16.3389
16.3387
16.3387
16.3389
16.3387
16.3389
16.3388
16.3385
16.3381
16.3389
16.3378
16.3388
16.3389
16.3389
16.3386
16.3386
16.3389
16.3381
16.3274
16.243
16.2425
16.243
16.2416
16.2425
16.243
16.2427
16.243
16.2426
16.243
16.243
16.243
16.243
16.2424
16.243
16.243
16.2429
16.2425
16.2424
16.2429
16.2429
16.2428
16.2425
16.243
16.243
16.2407
16.243
16.2427
16.243
16.2427
16.243
16.2418
16.2429
16.2428
16.2425
16.243
16.2428
16.2428
16.2409
16.2407
16.2405
16.2402
16.2407
16.2397
16.2406
16.2406
16.2407
16.2406
16.2404
16.2403
16.2407
16.2403
16.2403
16.2405
16.2407
16.2407
16.2407
16.2406
16.2407
16.2384
16.2393
16.2387
16.2386
16.2387
16.2385
16.2379
16.235
16.2234
16.159
16.1588
16.1572
16.1578
16.1591
16.1591
16.1584
16.1579
16.1591
16.1586
16.159
16.159
16.1587
16.1589
16.1583
16.1582
16.1588
16.159
16.1585
16.159
16.1585
16.1577
16.1588
16.1586
16.159
16.1585
16.159
16.1587
16.159
16.1586
16.1581
16.1589
16.1579
16.1302
15.991
15.6174
15.6176
15.6176
15.6175
15.6157
15.6175
15.6172
15.617
15.6176
15.6171
15.6167
15.6163
15.5666
15.2219
15.1551
15.1547
15.1545
15.1551
15.155
15.1551
15.1551
15.1545
15.155
15.1551
15.1551
15.1551
15.1549
15.155
15.155
15.1547
15.1551
15.1551
15.1551
15.1551
15.1551
15.1551
15.1551
15.155
15.1551
15.1547
15.1547
15.1546
15.1253
14.9868
14.8955
14.8948
14.8956
14.8956
14.8956
14.8956
14.8954
14.8948
14.8904
14.8793
14.8799
14.8799
14.8797
14.8798
14.8798
14.8799
14.8798
14.8798
14.8796
14.8799
14.8799
14.8797
14.8798
14.8798
14.8744
14.85
14.85
14.8498
14.8499
14.8488
14.843
14.818
14.8181
14.8181
14.8181
14.8173
14.8181
14.8181
14.8181
14.8181
14.818
14.8169
14.8165
14.8063
14.7881
14.783
14.7621
14.6741
14.674
14.6741
14.6741
14.6741
14.6741
14.674
14.6741
14.674
14.674
14.6741
14.6739
14.6741
14.674
14.6741
14.6741
14.6741
14.674
14.6741
14.6741
14.6733
14.6741
14.6741
14.6741
14.6741
14.6736
14.674
14.674
14.674
14.6737
14.6738
14.6736
14.6737
14.6734
14.6735
14.6737
14.6734
14.6733
14.6738
14.6735
14.6738
14.6732
14.6736
14.6737
14.6737
14.6738
14.6737
14.6737
14.6738
14.6737
14.6734
14.6732
14.6732
14.661
14.6543
14.565
14.4152
14.4152
14.4152
14.4152
14.4151
14.4153
14.4153
14.4152
14.4149
14.4153
14.4153
14.4153
14.4152
14.4143
14.4085
14.4035
14.4035
14.4035
14.4035
14.403
14.4035
14.4033
14.4032
14.4034
14.4035
14.4035
14.4035
14.4035
14.4035
14.4031
14.4031
14.4035
14.4035
14.4035
14.4032
14.4032
14.4034
14.4035
14.4035
14.4029
14.4035
14.4035
14.4031
14.4035
14.4017
14.4033
14.4026
14.4027
14.4027
14.4027
14.4027
14.4027
14.4027
14.4024
14.4027
14.401
14.4027
14.4027
14.4025
14.4027
14.4026
14.4027
14.4027
14.4023
14.4025
14.4027
14.4026
14.4027
14.4024
14.4027
14.4027
14.4022
14.4024
14.4027
14.4009
14.4027
14.4027
14.4027
14.4027
14.4027
14.4014
14.3954
14.3546
14.0616
13.9448
13.9393
13.9205
13.8922
13.8923
13.8923
13.8923
13.8923
13.8915
13.8923
13.8923
13.892
13.8919
13.8922
13.8923
13.8922
13.8923
13.8922
13.8921
13.8919
13.8918
13.8919
13.8922
13.8923
13.8922
13.8923
13.8923
13.8923
13.8922
13.8915
13.8919
13.8923
13.8922
13.8921
13.8923
13.8921
13.8923
13.8923
13.892
13.8921
13.8923
13.892
13.8922
13.8922
13.8919
13.8893
13.892
13.8719
13.7455
13.745
13.7455
13.7454
13.745
13.7454
13.7455
13.7455
13.7455
13.7455
13.7455
13.7455
13.745
13.7455
13.7455
13.7455
13.7455
13.7455
13.7455
13.7431
13.745
13.7443
13.7375
13.736
13.7365
13.7342
13.7365
13.7364
13.7365
13.7365
13.7365
13.7364
13.7358
13.7364
13.7365
13.7365
13.7365
13.7365
13.7365
13.7365
13.7365
13.7365
13.7364
13.7365
13.7365
13.736
13.7365
13.7362
13.7365
13.7364
13.7364
13.7359
13.736
13.7365
13.7364
13.7365
13.7363
13.7341
13.7364
13.7365
13.7365
13.7357
13.7365
13.7354
13.736
13.7365
13.7365
13.7365
13.736
13.7365
13.7365
13.7355
13.736
13.7365
13.7365
13.7365
13.7365
13.7365
13.7365
13.7361
13.7365
13.7363
13.7365
13.7365
13.7361
13.7365
13.736
13.7365
13.7365
13.7365
13.736
13.7365
13.7365
13.7363
13.7358
13.7365
13.7365
13.7364
13.7364
13.7365
13.7359
13.7365
13.7365
13.7365
13.7365
13.7365
13.7364
13.7364
13.7364
13.736
13.736
13.7365
13.7365
13.736
13.7365
13.7364
13.7352
13.7365
13.7363
13.7364
13.7354
13.7365
13.7364
13.7365
13.7364
13.7365
13.7365
13.7365
13.7363
13.7365
13.7365
13.7354
13.7365
13.7365
13.7364
13.7365
13.7365
13.7364
13.7363
13.7365
13.736
13.7364
13.7364
13.7365
13.7364
13.7365
13.7365
13.7364
13.7364
13.7364
13.7365
13.7362
13.7363
13.7362
13.7326
13.708
13.6277
13.5819
13.58
13.5805
13.5805
13.5804
13.5798
13.5698
13.5222
13.5071
13.5075
13.5076
13.5075
13.5074
13.5072
13.5076
13.5075
13.5075
13.5073
13.5076
13.5076
13.5076
13.5071
13.5073
13.5071
13.5074
13.5068
13.5041
13.4922
13.4174
13.4173
13.4174
13.4174
13.4174
13.4174
13.417
13.4174
13.4173
13.4173
13.4174
13.4174
13.4174
13.4169
13.4168
13.4174
13.4173
13.4173
13.4171
13.4174
13.4174
13.4174
13.4174
13.4174
13.4174
13.4174
13.4174
13.4171
13.4172
13.4174
13.4166
13.4174
13.4174
13.4173
13.4174
13.4174
13.4174
13.4174
13.4174
13.4166
13.3959
13.2723
13.0827
13.0835
13.0833
13.0831
13.0835
13.0834
13.0835
13.0835
13.0835
13.0835
13.0834
13.0832
13.0835
13.0832
13.0835
13.0835
13.0833
13.0835
13.0834
13.0835
13.0835
13.0834
13.0834
13.083
13.0835
13.0835
13.0831
13.0835
13.083
13.0834
13.0832
13.0602
12.9144
12.9144
12.9144
12.9144
12.9142
12.9143
12.9144
12.9144
12.9136
12.9143
12.9144
12.9138
12.9138
12.9144
12.9144
12.9142
12.9144
12.9144
12.9142
12.9144
12.9144
12.9143
12.9143
12.914
12.9144
12.9144
12.9142
12.9143
12.9142
12.9142
12.914
12.9104
12.8861
12.8861
12.8859
12.8861
12.8861
12.8857
12.8861
12.8858
12.8861
12.8861
12.8861
12.8856
12.8859
12.8857
12.8861
12.8861
12.8861
12.8856
12.8858
12.8861
12.886
12.8861
12.8861
12.8861
12.8861
12.8856
12.886
12.8856
12.8861
12.8861
12.8861
12.8861
12.8859
12.8859
12.8839
12.8839
12.8835
12.8841
12.8841
12.8839
12.8841
12.8841
12.8841
12.884
12.8841
12.8832
12.8841
12.8841
12.8841
12.8836
12.8839
12.8837
12.8841
12.8841
12.884
12.8841
12.8841
12.8835
12.8841
12.8841
12.8841
12.8841
12.8833
12.8835
12.8835
12.8839
12.8841
12.8841
12.884
12.8801
12.8575
12.8571
12.8495
12.7885
12.6852
12.6851
12.6852
12.6852
12.6852
12.6852
12.6852
12.6852
12.6851
12.6847
12.6852
12.6847
12.6852
12.6852
12.6852
12.6852
12.6852
12.6851
12.6852
12.6837
12.6847
12.685
12.6852
12.6852
12.6852
12.6852
12.6852
12.6852
12.6852
12.6847
12.6852
12.6852
12.6852
12.685
12.6852
12.6852
12.685
12.6847
12.6838
12.6852
12.6847
12.6847
12.6751
12.6256
12.4328
12.4328
12.4328
12.4328
12.4328
12.4327
12.4328
12.4328
12.4328
12.4328
12.4327
12.4328
12.4328
12.4328
12.4328
12.4294
12.4328
12.4328
12.4294
12.4328
12.4325
12.4328
12.4328
12.4328
12.4328
12.4328
12.4328
12.4325
12.4328
12.4328
12.4328
12.4328
12.4328
12.4327
12.4328
12.4325
12.4328
12.4328
12.4327
12.4328
12.4328
12.4328
12.4328
12.4328
12.4328
12.4328
12.4328
12.4294
12.4328
12.4328
12.4328
12.4328
12.4328
12.4325
12.4328
12.4328
12.4328
12.4327
12.4328
12.4328
12.4328
12.4328
12.4328
12.4328
12.4328
12.4328
12.4327
12.4328
12.4328
12.4328
12.4328
12.4328
12.4328
12.4328
12.4328
12.4328
12.4327
12.4328
12.4328
12.4327
12.4328
12.4328
12.4328
12.4328
12.4328
12.4325
12.4328
12.4328
12.4328
12.4328
12.4328
12.4328
12.4328
12.4328
12.4328
12.4328
12.4328
12.4327
12.4328
12.4328
12.4328
12.4328
12.4325
12.4328
12.4328
12.4328
12.4327
12.4328
12.4328
12.4328
12.4328
12.4328
12.4328
12.4328
12.4328
12.4328
12.4328
12.4328
12.4328
12.4327
12.4323
12.4327
12.4328
12.4323
12.4328
12.4328
12.4328
12.4328
12.4328
12.4327
12.4328
12.4328
12.4328
12.4328
12.4328
12.4328
12.4327
12.4328
12.4328
12.4328
12.4327
12.4327
12.4328
12.4328
12.4328
12.4328
12.4328
12.4328
12.4328
12.4328
12.4328
12.4328
12.4328
12.4328
12.4328
12.4328
12.4327
12.4328
12.4328
12.4294
12.4328
12.4328
12.4328
12.4328
12.4328
12.4328
12.4328
12.4328
12.4328
12.4328
12.4328
12.4328
12.4327
12.4328
12.4328
12.4328
12.4328
12.4328
12.4328
12.4328
12.4328
12.4328
12.4328
12.4328
12.4328
12.4328
12.4328
12.4328
12.4328
12.4328
12.4328
12.4328
12.4328
12.4323
12.4327
12.4328
12.4328
12.4327
12.4328
12.4328
12.4327
12.4328
12.4328
12.4328
12.4328
12.4328
12.4327
12.4328
12.4327
12.4328
12.4328
12.4328
12.4328
12.4328
12.4328
12.4328
12.4328
12.4328
12.4328
12.4328
12.4328
12.4327
12.4328
12.4327
12.4328
12.4328
12.4328
12.4328
12.4328
12.4328
12.4328
12.4328
12.4328
12.4328
12.4328
12.4328
12.4328
12.4328
12.4328
12.4328
12.4327
12.4328
12.4328
12.4328
12.4328
12.4328
12.4328
12.4328
12.4328
12.4328
12.4327
12.4328
12.4328
12.4328
12.4328
12.4328
12.4328
12.4322
12.432
12.4287
12.4187
12.4187
12.4187
12.4187
12.4187
12.4187
12.418
12.4187
12.4187
12.4187
12.4187
12.4187
12.4187
12.4182
12.4187
12.4187
12.4187
12.4187
12.4187
12.4187
12.4187
12.4187
12.4187
12.4187
12.4187
12.4187
12.4187
12.4187
12.4187
12.4185
12.4187
12.4187
12.4187
12.4187
12.4187
12.4187
12.4187
12.4187
12.4187
12.4187
12.4187
12.4187
12.4187
12.4187
12.4187
12.4187
12.4187
12.4187
12.4187
12.4185
12.4166
12.4165
12.4165
12.4164
12.4165
12.4165
12.4165
12.4165
12.4165
12.4165
12.4165
12.4165
12.4165
12.4165
12.416
12.4165
12.4165
12.4165
12.4164
12.4165
12.4165
12.4164
12.4165
12.4165
12.4165
12.4165
12.4165
12.4165
12.4165
12.4165
12.4165
12.4165
12.4165
12.4165
12.4165
12.4165
12.4164
12.4165
12.4165
12.4165
12.4165
12.4164
12.4165
12.416
12.4165
12.4165
12.4165
12.4165
12.4164
12.4165
12.4164
12.4165
12.4165
12.4165
12.4165
12.4165
12.4165
12.4165
12.4165
12.4165
12.4165
12.4153
12.4165
12.4165
12.4165
12.4164
12.4165
12.4165
12.4165
12.4165
12.4165
12.4164
12.4164
12.4164
12.4165
12.4165
12.4165
12.4165
12.4165
12.4165
12.4165
12.4165
12.4165
12.4165
12.4165
12.4165
12.4165
12.4162
12.4165
12.4165
12.4165
12.4165
12.4165
12.4165
12.4165
12.4165
12.4165
12.4165
12.4165
12.4165
12.4165
12.4162
12.4165
12.4165
12.4165
12.4165
12.4165
12.4165
12.4165
12.4165
12.4165
12.416
12.4165
12.4165
12.4165
12.4165
12.4165
12.4165
12.4165
12.4165
12.4165
12.4165
12.4165
12.4165
12.4165
12.4165
12.4165
12.4165
12.4165
12.4165
12.4165
12.4165
12.4165
12.4165
12.4165
12.4165
12.4165
12.4165
12.4165
12.4165
12.4165
12.4165
12.4165
12.4165
12.4165
12.4165
12.4164
12.4165
12.4165
12.4165
12.4159
12.4165
12.4165
12.4165
12.4165
12.4165
12.4164
12.413
12.309
11.8364
10.6658
10.6658
10.6658
10.6654
10.6648
10.6606
10.6533
10.6533
10.6533
10.6532
10.6533
10.6533
10.6533
10.6533
10.6531
10.6533
10.6533
10.6533
10.6528
10.6532
10.653
10.6533
10.6532
10.6533
10.6532
10.6533
10.6532
10.6533
10.6528
10.6533
10.6533
10.6533
10.6533
10.6533
10.6533
10.6533
10.6533
10.6531
10.6528
10.652
10.6532
10.6533
10.6533
10.6532
10.6533
10.6533
10.6533
10.6533
10.6527
10.6517
10.6514
10.6475
10.5974
10.5901
10.5884
10.5901
10.5901
10.5901
10.5895
10.5901
10.5901
10.5899
10.5895
10.5899
10.5901
10.59
10.5886
10.5873
10.567
10.5156
10.5155
10.5056
10.4527
10.4081
10.4082
10.408
10.4082
10.408
10.4079
10.4082
10.4082
10.4079
10.4082
10.4082
10.4082
10.4082
10.4076
10.4082
10.4082
10.4073
10.4079
10.4082
10.4082
10.4082
10.4073
10.4082
10.4082
10.4078
10.4077
10.3959
10.3037
10.2131
10.2133
10.2133
10.2133
10.2133
10.2133
10.2131
10.2132
10.2133
10.2133
10.2132
10.2133
10.2132
10.2133
10.2133
10.2133
10.2132
10.2133
10.2133
10.2133
10.2133
10.2126
10.2133
10.2133
10.2133
10.2133
10.2133
10.2133
10.2132
10.2132
10.2132
10.2132
10.2126
10.2132
10.2132
10.2122
10.2131
10.2132
10.2132
10.2132
10.2132
10.2132
10.2132
10.2132
10.2132
10.2132
10.2132
10.2132
10.2131
10.2132
10.2132
10.2132
10.2126
10.2132
10.2132
10.213
10.2121
10.2121
10.2121
10.2121
10.2121
10.2121
10.2121
10.2121
10.2121
10.2121
10.2121
10.2121
10.2105
10.212
10.2121
10.2121
10.2121
10.2121
10.2121
10.2121
10.2121
10.2121
10.2121
10.2105
10.2121
10.2121
10.2121
10.2121
10.2121
10.2121
10.2121
10.2121
10.2119
10.2084
10.1945
10.1392
10.1392
10.1392
10.1392
10.138
10.129
10.1281
10.1281
10.1281
10.1281
10.1269
10.1281
10.1281
10.1281
10.1281
10.1281
10.1281
10.1281
10.1281
10.1281
10.1281
10.1281
10.1277
10.1281
10.1281
10.1281
10.1281
10.1281
10.1281
10.1281
10.1271
10.1281
10.1281
10.1281
10.1281
10.1281
10.128
10.1281
10.1281
10.1281
10.1281
10.1281
10.1281
10.128
10.1277
10.1211
10.0654
9.9663
9.9663
9.96567
9.9663
9.9663
9.96615
9.9663
9.96545
9.9663
9.9663
9.9663
9.96567
9.9663
9.96615
9.9663
9.96574
9.9663
9.96494
9.94874
9.91127
9.53829
9.41545
9.2602
9.06848
9.02112
8.99694
8.99704
8.99704
8.99704
8.99704
8.99667
8.99704
8.99654
8.99704
8.99704
8.99629
8.99704
8.99688
8.99423
8.97059
8.91927
8.91927
8.91928
8.91928
8.91928
8.91928
8.91928
8.91928
8.91832
8.91928
8.91774
8.9188
8.91928
8.91906
8.91928
8.91928
8.91928
8.91927
8.91788
8.91482
8.88865
8.86741
8.86741
8.86741
8.8673
8.86741
8.86741
8.86741
8.86741
8.86726
8.86719
8.86703
8.86741
8.86741
8.86741
8.86741
8.86741
8.8667
8.86741
8.86741
8.86741
8.86741
8.86741
8.86741
8.86741
8.86739
8.86741
8.86741
8.86741
8.86741
8.86741
8.86741
8.86726
8.86741
8.86739
8.8674
8.86741
8.86741
8.86741
8.86741
8.8674
8.86679
8.86741
8.86726
8.86741
8.86741
8.86741
8.86712
8.8674
8.86726
8.86726
8.86712
8.86741
8.86712
8.86741
8.8674
8.86741
8.86741
8.86741
8.86741
8.86719
8.86711
8.86726
8.86741
8.86726
8.86646
8.86739
8.86704
8.86741
8.86741
8.86741
8.86741
8.86737
8.86726
8.86741
8.86741
8.86741
8.86741
8.86741
8.86741
8.8674
8.86719
8.86741
8.86741
8.86741
8.86741
8.86726
8.86741
8.86741
8.86741
8.86741
8.86741
8.86741
8.86741
8.86723
8.86741
8.86741
8.86741
8.8674
8.86741
8.86741
8.86741
8.86741
8.86741
8.86741
8.86741
8.86681
8.86741
8.86739
8.86704
8.86741
8.86741
8.8674
8.86741
8.86733
8.86741
8.86741
8.86741
8.86741
8.86741
8.86741
8.86741
8.86739
8.86739
8.86741
8.86735
8.86741
8.8674
8.86741
8.86741
8.86741
8.86586
8.86741
8.8674
8.86726
8.86741
8.86741
8.86741
8.86716
8.86741
8.86741
8.86726
8.86741
8.86741
8.86726
8.86741
8.86741
8.86703
8.86689
8.86741
8.86741
8.86741
8.86741
8.8674
8.86726
8.86741
8.86704
8.86741
8.86741
8.86741
8.86741
8.86741
8.86733
8.86741
8.86741
8.86741
8.86741
8.86741
8.86741
8.86741
8.8674
8.86672
8.86741
8.86741
8.86726
8.86733
8.86741
8.8674
8.86741
8.86704
8.86741
8.86741
8.86741
8.86719
8.86741
8.86741
8.86741
8.86741
8.86741
8.86741
8.86741
8.86741
8.86719
8.86741
8.86741
8.86741
8.86741
8.86704
8.86741
8.86741
8.8672
8.86741
8.86741
8.86588
8.86741
8.86682
8.86741
8.86741
8.86741
8.86736
8.86741
8.86738
8.86741
8.86741
8.86741
8.86739
8.86588
8.86741
8.86741
8.86741
8.86741
8.86741
8.86741
8.86741
8.86726
8.86741
8.86741
8.86726
8.86741
8.86739
8.86741
8.86741
8.86726
8.86741
8.86741
8.86739
8.86741
8.86741
8.86741
8.86741
8.86726
8.86726
8.8673
8.86726
8.86719
8.85891
8.80291
8.75664
8.75664
8.75663
8.75664
8.75664
8.75653
8.75664
8.75664
8.75664
8.75664
8.75664
8.75664
8.75664
8.75664
8.75664
8.75597
8.75664
8.75664
8.75664
8.75662
8.75648
8.75664
8.75664
8.75664
8.75664
8.75648
8.75664
8.75664
8.75664
8.75664
8.75664
8.75664
8.75648
8.75664
8.75648
8.75664
8.75664
8.75664
8.75664
8.75663
8.75664
8.75664
8.75664
8.75664
8.75664
8.75611
8.75664
8.75664
8.75664
8.75663
8.75664
8.75664
8.75664
8.75664
8.75664
8.75664
8.75663
8.75664
8.75648
8.75664
8.75664
8.75663
8.75664
8.75663
8.75656
8.75648
8.75664
8.75664
8.75664
8.75664
8.75664
8.75664
8.75664
8.75664
8.7551
8.75662
8.75664
8.75568
8.75648
8.75656
8.75664
8.75664
8.75664
8.75664
8.75656
8.75626
8.75597
8.75664
8.75664
8.75662
8.75664
8.75625
8.75664
8.75664
8.75664
8.75664
8.75664
8.75664
8.75664
8.75662
8.75664
8.75626
8.75663
8.75657
8.75664
8.75664
8.75664
8.75664
8.75663
8.75664
8.75664
8.75633
8.75664
8.75664
8.75664
8.75661
8.75664
8.75664
8.75664
8.75635
8.7472
8.69173
8.61372
8.61356
8.61357
8.61355
8.61372
8.61372
8.61372
8.61372
8.61371
8.61372
8.61357
8.61372
8.61369
8.61372
8.61372
8.61372
8.61372
8.61372
8.61372
8.61372
8.61372
8.61372
8.61365
8.61372
8.61372
8.61372
8.61372
8.61372
8.6137
8.6137
8.61372
8.61353
8.61322
8.61372
8.61372
8.61372
8.61372
8.61371
8.61372
8.61269
8.61372
8.61372
8.61372
8.61322
8.61372
8.61372
8.61372
8.61372
8.61294
8.61372
8.61372
8.61372
8.61372
8.61372
8.61372
8.61372
8.61357
8.61372
8.61357
8.61372
8.61368
8.61372
8.61372
8.61372
8.61372
8.61358
8.61372
8.61372
8.61329
8.61358
8.61372
8.61372
8.61339
8.61353
8.61372
8.61372
8.61372
8.61371
8.61372
8.61369
8.61357
8.61372
8.61368
8.61372
8.61371
8.61372
8.61372
8.61372
8.61365
8.61372
8.61365
8.61358
8.61372
8.61372
8.61357
8.61372
8.61372
8.61372
8.61372
8.61218
8.61372
8.61372
8.61371
8.61357
8.61372
8.61372
8.61372
8.61372
8.61364
8.61372
8.61357
8.61372
8.61372
8.61372
8.61372
8.61372
8.61372
8.61372
8.61357
8.6137
8.61372
8.61372
8.61372
8.61367
8.61372
8.61357
8.61372
8.61372
8.61372
8.61372
8.61357
8.61372
8.61296
8.61372
8.61372
8.61371
8.61372
8.61355
8.61372
8.61372
8.61265
8.61372
8.61372
8.61372
8.61372
8.61372
8.61372
8.61372
8.61329
8.61372
8.61372
8.61372
8.61372
8.61355
8.61372
8.6137
8.61372
8.61372
8.61372
8.61372
8.61372
8.61372
8.61372
8.61372
8.61356
8.61372
8.61372
8.61358
8.61372
8.61372
8.6133
8.61372
8.61372
8.61372
8.61355
8.61372
8.61372
8.61353
8.60961
8.58981
8.52109
8.52109
8.52109
8.52023
8.52063
8.52109
8.52109
8.52067
8.52028
8.52109
8.52027
8.52109
8.52024
8.52109
8.52109
8.52065
8.52109
8.52063
8.52102
8.52085
8.52109
8.52063
8.52109
8.52109
8.5206
8.52087
8.52109
8.52087
8.52109
8.52073
8.52094
8.52071
8.52109
8.52109
8.52109
8.52094
8.52109
8.52109
8.52109
8.52026
8.49169
8.24615
8.1113
8.11136
8.11136
8.11058
8.11136
8.11122
8.11113
8.11136
8.11136
8.11136
8.11136
8.11136
8.11136
8.11136
8.11134
8.11136
8.11136
8.11136
8.11136
8.11135
8.11119
8.11136
8.11136
8.11131
8.11136
8.11136
8.11118
8.11085
8.11113
8.11136
8.11136
8.11136
8.11085
8.11119
8.11093
8.10743
8.10241
8.10241
8.10241
8.10241
8.10241
8.10241
8.10241
8.10241
8.10241
8.10241
8.10238
8.10241
8.1024
8.10241
8.10241
8.10227
8.0908
8.0333
8.03266
8.03316
8.03316
8.0333
8.0333
8.0333
8.0333
8.03286
8.03271
8.0333
8.0333
8.0333
8.0333
8.0333
8.03268
8.03279
8.0333
8.0333
8.0333
8.0333
8.0333
8.0333
8.0333
8.0333
8.0333
8.03265
8.0333
8.0333
8.0333
8.03228
8.0333
8.0333
8.0328
8.0333
8.03319
8.03133
8.01754
7.97896
7.97731
7.97896
7.97896
7.97896
7.97896
7.97896
7.97896
7.97844
7.97845
7.97882
7.97888
7.97704
7.91128
7.72724
7.72724
7.72737
7.72696
7.72715
7.72724
7.72689
7.72737
7.72737
7.72689
7.72737
7.72737
7.72737
7.72737
7.72724
7.72737
7.72737
7.72737
7.7273
7.72737
7.7273
7.72737
7.72737
7.72737
7.72737
7.72737
7.72723
7.72596
7.71691
7.69027
7.69026
7.69027
7.68983
7.69027
7.69027
7.68994
7.69027
7.69027
7.69027
7.68975
7.69027
7.68863
7.69027
7.69027
7.68944
7.69027
7.68962
7.69027
7.68994
7.69027
7.68983
7.69027
7.69014
7.69019
7.69027
7.69027
7.68994
7.68953
7.69027
7.68982
7.69027
7.69027
7.68863
7.69027
7.69027
7.69027
7.69027
7.69027
7.69027
7.69027
7.69027
7.68975
7.69027
7.68986
7.69027
7.69027
7.69027
7.69027
7.69027
7.69014
7.69027
7.69027
7.69027
7.69027
7.69027
7.69014
7.68994
7.69027
7.69027
7.69027
7.6898
7.69027
7.69027
7.69027
7.69027
7.69027
7.69027
7.69027
7.68959
7.69027
7.69027
7.69027
7.68986
7.69027
7.69027
7.69027
7.69027
7.69027
7.68896
7.68684
7.68994
7.69014
7.69027
7.68945
7.69027
7.69014
7.69014
7.69027
7.68975
7.68994
7.69027
7.68994
7.69027
7.68994
7.68962
7.68173
7.61536
7.5613
7.46719
7.46719
7.46719
7.46719
7.46719
7.46705
7.46719
7.46719
7.46719
7.46719
7.46719
7.46719
7.46719
7.46719
7.46719
7.46719
7.46719
7.46719
7.46719
7.46706
7.46719
7.46719
7.46719
7.46719
7.46719
7.46706
7.46719
7.46719
7.46719
7.46719
7.46719
7.46719
7.46719
7.46719
7.46719
7.46719
7.46719
7.46719
7.46719
7.46703
7.46719
7.46719
7.46675
7.46706
7.46712
7.46288
7.42838
7.43003
7.43003
7.43003
7.42989
7.43003
7.43003
7.43003
7.43003
7.43003
7.43003
7.43003
7.43003
7.43003
7.42989
7.43003
7.43003
7.42838
7.42989
7.43003
7.43003
7.43003
7.43003
7.43003
7.43003
7.43003
7.43003
7.43003
7.42974
7.42684
7.41132
7.3637
7.3637
7.3637
7.3637
7.3637
7.3637
7.3637
7.3637
7.3637
7.3637
7.3637
7.3637
7.3637
7.3637
7.3637
7.3637
7.3637
7.3637
7.3637
7.3637
7.3637
7.3637
7.3637
7.3637
7.3637
7.36362
7.36206
7.3637
7.3637
7.3637
7.3637
7.3637
7.3637
7.3637
7.3637
7.3637
7.3637
7.3637
7.3637
7.3637
7.3637
7.3637
7.3637
7.3637
7.36362
7.3637
7.3637
7.3637
7.3637
7.3637
7.3637
7.3637
7.3637
7.3637
7.3637
7.3637
7.3637
7.3637
7.3637
7.3637
7.3637
7.3637
7.3637
7.3637
7.3637
7.3637
7.3637
7.3637
7.3637
7.3637
7.3637
7.3637
7.3637
7.3637
7.3637
7.3637
7.3637
7.3637
7.3637
7.3637
7.3637
7.3637
7.3637
7.3637
7.3637
7.3637
7.3637
7.3637
7.3637
7.3637
7.3637
7.36287
7.3637
7.3637
7.3637
7.3637
7.3637
7.3637
7.3637
7.3637
7.3637
7.3637
7.3637
7.3637
7.36368
7.36357
7.36357
7.36357
7.36357
7.36357
7.36357
7.36357
7.36357
7.36357
7.36357
7.36357
7.36333
7.36357
7.36357
7.36357
7.36357
7.36357
7.36357
7.36357
7.36357
7.36357
7.36357
7.36357
7.36357
7.36357
7.36357
7.36357
7.36357
7.36357
7.36357
7.36357
7.36357
7.36357
7.36357
7.36357
7.36357
7.36357
7.36357
7.36357
7.36357
7.36357
7.36357
7.36357
7.36357
7.36357
7.36357
7.36357
7.36357
7.36357
7.36357
7.36357
7.36357
7.36274
7.36357
7.36357
7.36357
7.36357
7.36357
7.36357
7.36357
7.36357
7.36357
7.36357
7.36357
7.36357
7.36357
7.36357
7.36357
7.36357
7.36357
7.36357
7.36357
7.36357
7.36357
7.36357
7.36357
7.36357
7.36357
7.36274
7.36357
7.36357
7.36357
7.36357
7.36357
7.36357
7.36357
7.36357
7.36357
7.36357
7.36357
7.36357
7.36357
7.36357
7.36357
7.36321
7.36357
7.36357
7.36357
7.36357
7.36357
7.36357
7.36357
7.36357
7.36357
7.36357
7.36357
7.36357
7.36357
7.36357
7.36357
7.36357
7.36357
7.36357
7.36357
7.36357
7.36304
7.36333
7.36357
7.36357
7.36357
7.36357
7.36357
7.36357
7.36357
7.36357
7.36193
7.36357
7.36357
7.36357
7.36357
7.36357
7.36357
7.36357
7.36357
7.36357
7.36357
7.36357
7.36357
7.36357
7.36357
7.36357
7.36357
7.36357
7.36357
7.36357
7.36357
7.36357
7.36274
7.32665
7.12933
6.94739
6.94739
6.94739
6.94739
6.94739
6.94739
6.94739
6.94739
6.94739
6.94739
6.94739
6.94739
6.94739
6.94715
6.94739
6.94739
6.94739
6.94739
6.94739
6.94739
6.94739
6.94739
6.94739
6.94739
6.94739
6.94739
6.94739
6.94739
6.94739
6.94739
6.94739
6.94739
6.94739
6.94739
6.94739
6.94739
6.94739
6.94739
6.94739
6.94739
6.94739
6.94739
6.94739
6.94739
6.94739
6.94739
6.94739
6.94739
6.94739
6.94739
6.94739
6.94739
6.94739
6.94739
6.94739
6.94739
6.94739
6.94739
6.94739
6.94739
6.94739
6.94739
6.94739
6.94739
6.94739
6.94739
6.94739
6.94739
6.94739
6.94739
6.94739
6.94739
6.94739
6.94739
6.94658
6.94739
6.94739
6.94739
6.94739
6.94739
6.94739
6.94739
6.94739
6.94739
6.94739
6.94739
6.94739
6.94739
6.94739
6.94739
6.94739
6.94739
6.94739
6.94739
6.94739
6.94739
6.94739
6.94739
6.94739
6.94739
6.94739
6.94739
6.94739
6.94739
6.94739
6.94739
6.94739
6.94739
6.94739
6.94658
6.94739
6.94739
6.94739
6.94739
6.94739
6.94739
6.94739
6.94739
6.94739
6.94739
6.94739
6.94739
6.94739
6.94739
6.94739
6.94739
6.94739
6.94739
6.94739
6.94602
6.94739
6.94739
6.94739
6.94739
6.94739
6.94739
6.94739
6.94739
6.94739
6.94739
6.94739
6.94739
6.94739
6.94739
6.94739
6.94739
6.94715
6.94739
6.94739
6.94739
6.94739
6.94739
6.94739
6.94683
6.94739
6.94739
6.94739
6.94739
6.94739
6.94739
6.94739
6.94739
6.94739
6.94739
6.94739
6.94739
6.94739
6.94739
6.94739
6.94739
6.94715
6.94739
6.94739
6.94739
6.94739
6.94739
6.94739
6.94739
6.94739
6.94739
6.94739
6.94739
6.94739
6.94739
6.94739
6.94739
6.94739
6.94739
6.94739
6.94739
6.94739
6.94739
6.94739
6.94739
6.94739
6.94739
6.94739
6.94739
6.94739
6.94687
6.94739
6.94739
6.94739
6.94739
6.94739
6.94739
6.94739
6.94739
6.94739
6.94739
6.94739
6.94739
6.94739
6.94739
6.94739
6.94739
6.94739
6.94739
6.94739
6.94739
6.94739
6.94739
6.94739
6.94739
6.94739
6.94739
6.94739
6.94739
6.94739
6.94739
6.94739
6.94739
6.94739
6.94739
6.94739
6.94739
6.94739
6.94739
6.94739
6.94739
6.94739
6.94739
6.94739
6.94739
6.94739
6.94739
6.94739
6.94739
6.94739
6.94739
6.94739
6.94739
6.94739
6.94658
6.94739
6.94739
6.94739
6.94739
6.94739
6.94739
6.94739
6.94739
6.94739
6.94739
6.94739
6.94739
6.94739
6.94739
6.94739
6.94739
6.94739
6.94739
6.94739
6.94687
6.94687
6.94739
6.94739
6.94739
6.94739
6.94739
6.94739
6.94739
6.94739
6.94658
6.94739
6.94739
6.94739
6.94739
6.94739
6.94739
6.94739
6.94739
6.94739
6.94739
6.94739
6.94739
6.94739
6.94739
6.94739
6.94739
6.94739
6.94739
6.94739
6.94739
6.94739
6.94739
6.94739
6.94739
6.94715
6.94739
6.94739
6.94739
6.94739
6.94739
6.94739
6.94739
6.94739
6.94739
6.94739
6.94683
6.94739
6.94739
6.94739
6.94739
6.94739
6.94739
6.94739
6.94739
6.94739
6.94739
6.94739
6.94739
6.94739
6.94739
6.94739
6.94739
6.94739
6.94739
6.94739
6.94739
6.94739
6.94739
6.94739
6.94739
6.94739
6.94739
6.94739
6.94739
6.94739
6.94739
6.94739
6.94739
6.94739
6.94739
6.94739
6.94739
6.94739
6.94739
6.94739
6.94739
6.94739
6.94739
6.94739
6.94739
6.94739
6.94739
6.94739
6.94739
6.94739
6.94739
6.94739
6.94739
6.94739
6.94739
6.94739
6.94739
6.94739
6.94739
6.94739
6.94739
6.94739
6.94687
6.94739
6.94687
6.94739
6.94739
6.94739
6.94739
6.94739
6.94739
6.94739
6.94739
6.94739
6.94739
6.94739
6.94739
6.94739
6.94739
6.94739
6.94739
6.94739
6.94739
6.94739
6.94739
6.94739
6.94739
6.94739
6.94739
6.94739
6.94739
6.94739
6.94739
6.94739
6.94739
6.94739
6.94739
6.94739
6.94739
6.94739
6.94739
6.94739
6.94739
6.94739
6.94739
6.94739
6.94739
6.94739
6.94739
6.94715
6.94739
6.94739
6.94739
6.94739
6.94739
6.94739
6.94739
6.94739
6.94739
6.94739
6.94739
6.94739
6.94739
6.94739
6.94739
6.94739
6.94739
6.94683
6.94739
6.94739
6.94739
6.94739
6.94739
6.94658
6.94739
6.94739
6.94739
6.94739
6.94739
6.94739
6.94715
6.94739
6.94739
6.94739
6.94715
6.94739
6.94739
6.94739
6.94739
6.94687
6.93844
6.94071
6.93053
6.81414
6.68394
6.68394
6.68394
6.68394
6.68394
6.68394
6.68394
6.68313
6.68394
6.68394
6.68394
6.68394
6.68394
6.68394
6.68394
6.68394
6.68394
6.68394
6.68394
6.68394
6.68394
6.68313
6.68394
6.68394
6.68394
6.68394
6.68394
6.68394
6.68394
6.68394
6.68394
6.68394
6.68394
6.68394
6.68394
6.68394
6.68394
6.68394
6.68394
6.68394
6.68394
6.68394
6.68394
6.68394
6.68394
6.68394
6.68394
6.68394
6.68394
6.68394
6.68394
6.68394
6.68394
6.68394
6.68394
6.68394
6.68394
6.68394
6.68394
6.68394
6.68394
6.68394
6.68394
6.68394
6.68394
6.68394
6.68394
6.68394
6.68394
6.68394
6.68394
6.68394
6.68394
6.68394
6.68394
6.68394
6.68394
6.68394
6.68394
6.68394
6.68394
6.68394
6.68394
6.68394
6.68394
6.68394
6.68394
6.68394
6.68394
6.68394
6.68394
6.68394
6.68394
6.68394
6.68394
6.68394
6.68394
6.68394
6.68394
6.68394
6.68394
6.68394
6.68394
6.68394
6.68394
6.68394
6.68394
6.68394
6.68394
6.68394
6.68394
6.68394
6.68394
6.68394
6.68394
6.68394
6.68394
6.68394
6.68394
6.68394
6.68394
6.68394
6.68394
6.68394
6.68394
6.68394
6.68394
6.68394
6.68394
6.68394
6.68394
6.68394
6.68337
6.68394
6.68394
6.68394
6.68394
6.68394
6.68394
6.68394
6.68394
6.68394
6.68394
6.68394
6.68394
6.68394
6.68394
6.68394
6.68394
6.68394
6.68394
6.68394
6.68394
6.68394
6.68394
6.68394
6.68394
6.68394
6.68394
6.68394
6.68394
6.68394
6.68394
6.68394
6.68394
6.68394
6.68394
6.68394
6.68394
6.68394
6.68394
6.68394
6.68394
6.68394
6.68394
6.68394
6.68394
6.68394
6.68394
6.68394
6.68394
6.68394
6.68394
6.68394
6.68394
6.68394
6.68394
6.68394
6.68394
6.68394
6.68394
6.68394
6.68394
6.68394
6.68394
6.68394
6.68394
6.68394
6.68394
6.68394
6.68394
6.68394
6.68394
6.68394
6.68394
6.68394
6.68394
6.68394
6.68394
6.68394
6.68394
6.68394
6.68394
6.68394
6.68394
6.68394
6.68394
6.68394
6.68394
6.68394
6.68394
6.68394
6.68394
6.68394
6.68394
6.68394
6.68394
6.68394
6.68394
6.68394
6.68394
6.68394
6.68394
6.68394
6.68394
6.68394
6.68394
6.68394
6.68394
6.68394
6.68394
6.68394
6.68394
6.68394
6.68394
6.68394
6.68394
6.68394
6.68394
6.68394
6.68394
6.68394
6.68394
6.68394
6.68394
6.68394
6.68394
6.68394
6.68394
6.68394
6.68394
6.68394
6.68394
6.68394
6.68394
6.68394
6.68394
6.68394
6.68394
6.68394
6.68394
6.68394
6.68337
6.68394
6.68313
6.68394
6.68394
6.68394
6.68394
6.68394
6.68394
6.68394
6.68394
6.68394
6.68394
6.68394
6.68394
6.68394
6.68394
6.68394
6.68394
6.68394
6.68394
6.68394
6.68394
6.68394
6.68394
6.68394
6.68394
6.68394
6.68394
6.68394
6.68394
6.68394
6.68394
6.68394
6.68394
6.68394
6.68394
6.68394
6.68394
6.68394
6.68394
6.68394
6.68394
6.68394
6.68394
6.68394
6.68394
6.68394
6.68394
6.68394
6.68394
6.68394
6.68394
6.68394
6.68394
6.68337
6.68394
6.68394
6.68394
6.68394
6.68394
6.68394
6.68394
6.68394
6.68394
6.68394
6.68394
6.68394
6.68394
6.68394
6.68394
6.68394
6.68394
6.68394
6.68394
6.68394
6.68394
6.68394
6.68394
6.68394
6.68313
6.68394
6.68394
6.68394
6.68394
6.68313
6.68394
6.68394
6.68394
6.68394
6.68394
6.68394
6.68394
6.68394
6.68394
6.68394
6.68394
6.68394
6.68394
6.68394
6.68394
6.68394
6.68394
6.68394
6.68394
6.68394
6.68394
6.68394
6.68394
6.68394
6.68394
6.68394
6.68394
6.68394
6.68394
6.68394
6.68394
6.68394
6.68394
6.68394
6.68394
6.68394
6.68394
6.68394
6.68394
6.68394
6.68394
6.68394
6.68394
6.68394
6.68394
6.68394
6.68394
6.68394
6.68394
6.68394
6.68394
6.68394
6.68394
6.68394
6.68394
6.68394
6.68394
6.68394
6.68394
6.68394
6.68394
6.68394
6.68394
6.68394
6.68394
6.68394
6.68394
6.68394
6.68394
6.68394
6.68394
6.68394
6.68394
6.68394
6.68394
6.68394
6.68394
6.68394
6.68394
6.68394
6.68394
6.68394
6.68394
6.68394
6.68394
6.68394
6.68337
6.68394
6.68394
6.68394
6.68394
6.68394
6.68394
6.68394
6.68394
6.68394
6.68313
6.646
6.34419
6.27856
6.27856
6.27856
6.27856
6.27856
6.27856
6.27856
6.27856
6.27856
6.27856
6.27856
6.27856
6.27856
6.27856
6.27856
6.27856
6.27856
6.27856
6.27856
6.27856
6.27856
6.27856
6.27856
6.27856
6.27856
6.27856
6.27856
6.27856
6.27856
6.27856
6.27856
6.27856
6.27856
6.27856
6.27856
6.27856
6.27856
6.27856
6.27856
6.27856
6.27856
6.27856
6.27856
6.27856
6.27856
6.27856
6.27856
6.27856
6.27856
6.27856
6.27856
6.27856
6.27856
6.27856
6.27856
6.27856
6.27856
6.27856
6.27856
6.27856
6.27856
6.27856
6.27856
6.27856
6.27856
6.27856
6.27856
6.27856
6.27856
6.27856
6.27856
6.27856
6.27856
6.27856
6.27856
6.27856
6.27856
6.27856
6.27856
6.27856
6.27856
6.27856
6.27856
6.27856
6.27856
6.27856
6.27856
6.27856
6.27856
6.27856
6.27856
6.27856
6.27856
6.27856
6.27856
6.27856
6.27856
6.27856
6.27856
6.27856
6.27856
6.27856
6.27856
6.27856
6.27856
6.27856
6.27856
6.27856
6.27856
6.27856
6.27856
6.27856
6.27856
6.27856
6.27856
6.27856
6.27856
6.27856
6.27856
6.27856
6.27856
6.27856
6.27856
6.27856
6.27856
6.27856
6.27856
6.27856
6.27856
6.27856
6.27856
6.27856
6.27856
6.27856
6.27856
6.27856
6.27856
6.27856
6.27856
6.27856
6.27856
6.27856
6.27856
6.27856
6.27856
6.27856
6.27856
6.27856
6.27856
6.27856
6.27856
6.27856
6.27856
6.27856
6.27856
6.27856
6.27856
6.27856
6.27856
6.27856
6.27856
6.27856
6.27856
6.27856
6.27856
6.27856
6.27856
6.27856
6.27856
6.27856
6.27856
6.27856
6.27856
6.27856
6.27856
6.27856
6.27856
6.27856
6.27856
6.27856
6.27856
6.27856
6.27856
6.27856
6.27856
6.27856
6.27856
6.27856
6.27856
6.27856
6.27856
6.27856
6.27856
6.27856
6.27856
6.27856
6.27856
6.27856
6.27856
6.27856
6.27856
6.27856
6.27856
6.27856
6.27856
6.27856
6.27856
6.27856
6.27856
6.27856
6.27856
6.27856
6.27856
6.27856
6.27856
6.27856
6.27856
6.27856
6.27856
6.27856
6.27856
6.27856
6.27856
6.27856
6.27856
6.27856
6.27856
6.27856
6.27856
6.27856
6.27856
6.27856
6.27856
6.27856
6.27856
6.27856
6.27856
6.27856
6.27856
6.27856
6.27856
6.27856
6.27856
6.27856
6.27856
6.27856
6.27856
6.27856
6.27856
6.27856
6.27856
6.27856
6.27856
6.27856
6.27856
6.27856
6.27856
6.27856
6.27856
6.27856
6.27856
6.27856
6.27856
6.27856
6.27856
6.27856
6.27856
6.27856
6.27856
6.27856
6.27856
6.27856
6.27856
6.27856
6.27856
6.27856
6.27856
6.27856
6.27856
6.27856
6.27856
6.27856
6.27856
6.27856
6.27856
6.27856
6.27856
6.27856
6.27856
6.27856
6.27856
6.27856
6.27856
6.27856
6.27856
6.27856
6.27856
6.27856
6.27856
6.27856
6.27856
6.27856
6.27856
6.27856
6.27856
6.27856
6.27856
6.27856
6.27856
6.27856
6.27856
6.27856
6.27856
6.27856
6.27856
6.27856
6.27856
6.27856
6.27856
6.27856
6.27856
6.27856
6.27856
6.27856
6.27856
6.27856
6.27856
6.27856
6.27856
6.27856
6.27856
6.27856
6.27856
6.27856
6.27856
6.27856
6.27856
6.27856
6.27856
6.27856
6.27856
6.27856
6.27856
6.27856
6.27856
6.27856
6.27856
6.27856
6.27856
6.27856
6.27856
6.27856
6.27856
6.27856
6.27856
6.27856
6.27856
6.27856
6.27856
6.27856
6.27856
6.27856
6.27856
6.27856
6.27856
6.27856
6.27856
6.27856
6.27856
6.27856
6.27856
6.27856
6.27856
6.27856
6.27856
6.27856
6.27856
6.27856
6.27856
6.27856
6.27856
6.27856
6.27856
6.27856
6.27856
6.27856
6.27856
6.27856
6.27856
6.27856
6.27856
6.27856
6.27856
6.27856
6.27856
6.27856
6.27856
6.27856
6.27856
6.27856
6.27856
6.27856
6.27856
6.27856
6.27856
6.27856
6.27856
6.27856
6.27856
6.27856
6.27856
6.27856
6.27856
6.27856
6.27856
6.27856
6.27856
6.27856
6.27856
6.27856
6.27856
6.27856
6.27856
6.27856
6.27856
6.27856
6.27856
6.27856
6.27856
6.27856
6.27856
6.27856
6.27856
6.27856
6.27856
6.27856
6.27856
6.27856
6.27856
6.27856
6.27856
6.27856
6.27856
6.27856
6.27856
6.27856
6.27856
6.27856
6.27856
6.27856
6.27856
6.27856
6.27856
6.27856
6.27856
6.27856
6.27856
6.27856
6.27856
6.27856
6.27856
6.27856
6.27856
6.27856
6.27856
6.27856
6.27856
6.27856
6.27856
6.27856
6.27856
6.27856
6.27856
6.27856
6.27856
6.27856
6.27856
6.27856
6.27856
6.27856
6.27856
6.27856
6.27856
6.27856
6.27856
6.27856
6.27856
6.27856
6.27856
6.27856
6.27856
6.27856
6.27856
6.27856
6.27856
6.27856
6.27856
6.27856
6.27856
6.27856
6.27856
6.27856
6.27856
6.27856
6.27856
6.27856
6.27856
6.27856
6.27856
6.27856
6.27856
6.27856
6.27856
6.27856
6.27856
6.27856
6.27856
6.27856
6.27856
6.27856
6.27856
6.27856
6.27856
6.27856
6.27856
6.27856
6.27856
6.27856
6.27856
6.27856
6.27856
6.27856
6.27856
6.27856
6.27856
6.27856
6.27856
6.27856
6.27856
6.27856
6.27856
6.27856
6.27856
6.27856
6.27856
6.27856
6.27856
6.27856
6.27856
6.27856
6.27856
6.27856
6.27856
6.27856
6.27856
6.27856
6.27856
6.27856
6.27856
6.27856
6.27856
6.27856
6.27856
6.27856
6.27856
6.27856
6.27856
6.27856
6.27856
6.27856
6.27856
6.27856
6.27856
6.27856
6.27856
6.27856
6.27856
6.27856
6.27856
6.27856
6.27856
6.27856
6.27856
6.27856
6.27856
6.27856
6.27856
6.27856
6.27856
6.27856
6.27856
6.27856
6.27856
6.27856
6.27856
6.27856
6.27856
6.27856
6.27856
6.27856
6.27856
6.27856
6.27856
6.27856
6.27856
6.27856
6.27856
6.27856
6.27856
6.27856
6.27856
6.27856
6.27856
6.27856
6.27856
6.27856
6.27856
6.27856
6.27856
6.27856
6.27856
6.27856
6.27856
6.27856
6.27856
6.27856
6.27856
6.27856
6.27856
6.27856
6.27856
6.27856
6.27856
6.27856
6.27856
6.27856
6.27856
6.27856
6.27856
6.27856
6.27856
6.27856
6.27856
6.27856
6.27856
6.27856
6.27856
6.27856
6.27856
6.27856
6.27856
6.27856
6.27856
6.27856
6.27856
6.27856
6.27856
6.27856
6.27856
6.27856
6.27856
6.27856
6.27856
6.27856
6.27856
6.27856
6.27856
6.27856
6.27856
6.27856
6.27856
6.27856
6.27856
6.27856
6.27856
6.27856
6.27856
6.27856
6.27856
6.27856
6.27856
6.27856
6.27856
6.27856
6.27856
6.27856
6.27856
6.27856
6.27856
6.27856
6.27856
6.27856
6.27856
6.27856
6.27856
6.27856
6.27856
6.27856
6.27856
6.27856
6.27856
6.27856
6.27856
6.27856
6.27856
6.27856
6.27856
6.27856
6.27856
6.27856
6.27856
6.27856
6.27856
6.27856
6.27856
6.27856
6.27856
6.27856
6.27856
6.27856
6.27856
6.27856
6.27856
6.27856
6.27856
6.27856
6.27856
6.27856
6.27856
6.27856
6.27856
6.27856
6.27856
6.27856
6.27856
6.27856
6.27856
6.27856
6.27856
6.27856
6.27856
6.27856
6.27856
6.27856
6.27856
6.27856
6.27856
6.27856
6.27856
6.27856
6.27856
6.27856
6.27856
6.27856
6.27856
6.27856
6.27856
6.27856
6.27856
6.27856
6.27856
6.27856
6.27856
6.27856
6.27856
6.27856
6.27856
6.27856
6.27856
6.27856
6.27856
6.27856
6.27856
6.27856
6.27856
6.27856
6.27856
6.27856
6.27856
6.27856
6.27856
6.27856
6.27856
6.27856
6.27856
6.27856
6.27856
6.27856
6.27856
6.27856
6.27856
6.27856
6.27856
6.27856
6.27856
6.27856
6.27856
6.27856
6.27856
6.27856
6.27856
6.27856
6.27856
6.27856
6.27856
6.27856
6.27856
6.27856
6.27856
6.27856
6.27856
6.27856
6.27856
6.27856
6.27856
6.27856
6.27856
6.27856
6.27856
6.27856
6.27856
6.27856
6.27856
6.27856
6.27856
6.27856
6.27856
6.27856
6.27856
6.27856
6.27856
6.27856
6.27856
6.27856
6.27856
6.27856
6.27856
6.27856
6.27856
6.27856
6.27856
6.27856
6.27856
6.27856
6.27856
6.27856
6.27856
6.27856
6.27856
6.27856
6.27856
6.27856
6.27856
6.27856
6.27856
6.27856
6.27856
6.27856
6.27856
6.27856
6.27856
6.27856
6.27856
6.27856
6.27856
6.27856
6.27856
6.27856
6.27856
6.27856
6.27856
6.27856
6.27856
6.27856
6.27856
6.27856
6.27856
6.27856
6.27856
6.27856
6.27856
6.27856
6.27856
6.27856
6.27856
6.27856
6.27856
6.27856
6.27856
6.27856
6.27856
6.27856
6.27856
6.27856
6.27856
6.27856
6.27856
6.27856
6.27856
6.27856
6.27856
6.27856
6.27856
6.27856
6.27856
6.27856
6.27856
6.27856
6.27856
6.27856
6.27856
6.27856
6.27856
6.27856
6.27856
6.27856
6.27856
6.27856
6.27856
6.27856
6.27856
6.27856
6.27856
6.27856
6.27856
6.27856
6.27856
6.27856
6.27856
6.27856
6.27856
6.27856
6.27856
6.27856
6.27856
6.27856
6.27856
6.27856
6.27856
6.27856
6.27856
6.27856
6.27856
6.27856
6.27856
6.27856
6.27856
6.27856
6.27856
6.27856
6.27856
6.27856
6.27856
6.27856
6.27856
6.27856
6.27856
6.27856
6.27856
6.27856
6.27856
6.27856
6.27856
6.27856
6.27856
6.27856
6.27856
6.27856
6.27856
6.27856
6.27856
6.27856
6.27856
6.27856
6.27856
6.27856
6.27856
6.27856
6.27856
6.27856
6.27856
6.27856
6.27856
6.27856
6.27856
6.27856
6.27856
6.27856
6.27856
6.27856
6.27856
6.27856
6.27856
6.27856
6.27856
6.27856
6.27856
6.27856
6.27856
6.27856
6.27856
6.27856
6.27856
6.27856
6.27856
6.27856
6.27856
6.27856
6.27856
6.27856
6.27856
6.27856
6.27856
6.27856
6.27856
6.27856
6.27856
6.27856
6.27856
6.27856
6.27856
6.27856
6.27856
6.27856
6.27856
6.27856
6.27856
6.27856
6.27856
6.27856
6.27856
6.27856
6.27856
6.27856
6.27856
6.27856
6.27856
6.27856
6.27856
6.27856
6.27856
6.27856
6.27856
6.27856
6.27856
6.27856
6.27856
6.27856
6.27856
6.27856
6.27856
6.27856
6.27856
6.27856
6.27856
6.27856
6.27856
6.27856
6.27856
6.27856
6.27856
6.27856
6.27856
6.27856
6.27856
6.27856
6.27856
6.27856
6.27856
6.27856
6.27856
6.27856
6.27856
6.27856
6.27856
6.27856
6.27856
6.27856
6.27856
6.27856
6.27856
6.27856
6.27856
6.27856
6.27856
6.27856
6.27856
6.27856
6.27856
6.27856
6.27856
6.27856
6.27856
6.27856
6.27856
6.27856
6.27856
6.27856
6.27856
6.27856
6.27856
6.27856
6.27856
6.27856
6.27856
6.27856
6.27856
6.27856
6.27856
6.27856
6.27856
6.27856
6.27856
6.27856
6.27856
6.27856
6.27856
6.27856
6.27856
6.27856
6.27856
6.27856
6.27856
6.27856
6.27856
6.27856
6.27856
6.27856
6.27856
6.27856
6.27856
6.27856
6.27856
6.27856
6.27856
6.27856
6.27856
6.27856
6.27856
6.27856
6.27856
6.27856
6.27856
6.27856
6.27856
6.27856
6.27856
6.27856
6.27856
6.27856
6.27856
6.27856
6.27856
6.27856
6.27856
6.27856
6.27856
6.27856
6.27856
6.27856
6.27856
6.27856
6.27856
6.27856
6.27856
6.27856
6.27856
6.27856
6.27856
6.27856
6.27856
6.27856
6.27856
6.27856
6.27856
6.27856
6.27856
6.27856
6.27856
6.27856
6.27856
6.27856
6.27856
6.27856
6.27856
6.27856
6.27856
6.27856
6.27856
6.27856
6.27856
6.27856
6.27856
6.27856
6.27856
6.27856
6.27856
6.27856
6.27856
6.27856
6.27856
6.27856
6.27856
6.27856
6.27856
6.27856
6.27856
6.27856
6.27856
6.27856
6.27856
6.27856
6.27856
6.27856
6.27856
6.27856
6.27856
6.27856
6.27856
6.27856
6.27856
6.27856
6.27856
6.27856
6.27856
6.27856
6.27856
6.27856
6.27856
6.27856
6.27856
6.27856
6.27856
6.27856
6.27856
6.27856
6.27856
6.27856
6.27856
6.27856
6.27856
6.27856
6.27856
6.27856
6.27856
6.27856
6.27856
6.27856
6.27856
6.27856
6.27856
6.27856
6.27856
6.27856
6.27856
6.27856
6.27856
6.27856
6.27856
6.27856
6.27856
6.27856
6.27856
6.27856
6.27856
6.27856
6.27856
6.27856
6.27856
6.27856
6.27856
6.27856
6.27856
6.27856
6.27856
6.27856
6.27856
6.27856
6.27856
6.27856
6.27856
6.27856
6.27856
6.27856
6.27856
6.27856
6.27856
6.27856
6.27856
6.27856
6.27856
6.27856
6.27856
6.27856
6.27856
6.27856
6.27856
6.27856
6.27856
6.27856
6.27856
6.27856
6.27856
6.27856
6.27856
6.27856
6.27856
6.27856
6.27856
6.27856
6.27856
6.27856
6.27856
6.27856
6.27856
6.27856
6.27856
6.27856
6.27856
6.27856
6.27856
6.27856
6.27856
6.27856
6.27856
6.27856
6.27856
6.27856
6.27856
6.27856
6.27856
6.27856
6.27856
6.27856
6.27856
6.27856
6.27856
6.27856
6.27856
6.27856
6.27856
6.27856
6.27856
6.27856
6.27856
6.27856
6.27856
6.27856
6.27856
6.27856
6.27856
6.27856
6.27856
6.27856
6.27856
6.27856
6.27856
6.27856
6.27856
6.27856
6.27856
6.27856
6.27856
6.27856
6.27856
6.27856
6.27856
6.27856
6.27856
6.27856
6.27856
6.27856
6.27856
6.27856
6.27856
6.27856
6.27856
6.27856
6.27856
6.27856
6.27856
6.27856
6.27856
6.27856
6.27856
6.27856
6.27856
6.27856
6.27856
6.27856
6.27856
6.27856
6.27856
6.27856
6.27856
6.27856
6.27856
6.27856
6.27856
6.27856
6.27856
6.27856
6.27856
6.27856
6.27856
6.27856
6.27856
6.27856
6.27856
6.27856
6.27856
6.27856
6.27856
6.27856
6.27856
6.27856
6.27856
6.27856
6.27856
6.27856
6.27856
6.27856
6.27856
6.27856
6.27856
6.27856
6.27856
6.27856
6.27856
6.27856
6.27856
6.27856
6.27856
6.27856
6.27856
6.27856
6.27856
6.27856
6.27856
6.27856
6.27856
6.27856
6.27856
6.27856
6.27856
6.27856
6.27856
6.27856
6.27856
6.27856
6.27856
6.27856
6.27856
6.27856
6.27856
6.27856
6.27856
6.27856
6.27856
6.27856
6.27856
6.27856
6.27856
6.27856
6.27856
6.27856
6.27856
6.27856
6.27856
6.27856
6.27856
6.27856
6.27856
6.27856
6.27856
6.27856
6.27856
6.27856
6.27856
6.27856
6.27856
6.27856
6.27856
6.27856
6.27856
6.27856
6.27856
6.27856
6.27856
6.27856
6.27856
6.27856
6.27856
6.27856
6.27856
6.27856
6.27856
6.27856
6.27856
6.27856
6.27856
6.27856
6.27856
6.27856
6.27856
6.27856
6.27856
6.27856
6.27856
6.27856
6.27856
6.27856
6.27856
6.27856
6.27856
6.27856
6.27856
6.27856
6.27856
6.27856
6.27856
6.27856
6.27856
6.27856
6.27856
6.27856
6.27856
6.27856
6.27856
6.27856
6.27856
6.27856
6.27856
6.27856
6.27856
6.27856
6.27856
6.27856
6.27856
6.27856
6.27856
6.27856
6.27856
6.27856
6.27856
6.27856
6.27856
6.27856
6.27856
6.27856
6.27856
6.27856
6.27856
6.27856
6.27856
6.27856
6.27856
6.27856
6.27856
6.27856
6.27856
6.27856
6.27856
6.27856
6.27856
6.27856
6.27856
6.27856
6.27856
6.27856
6.27856
6.27856
6.27856
6.27856
6.27856
6.27856
6.27856
6.27856
6.27856
6.27856
6.27856
6.27856
6.27856
6.27856
6.27856
6.27856
6.27856
6.27856
6.27856
6.27856
6.27856
6.27856
6.27856
6.27856
6.27856
6.27856
6.27856
6.27856
6.27856
6.27856
6.27856
6.27856
6.27856
6.27856
6.27856
6.27856
6.27856
6.27856
6.27856
6.27856
6.27856
6.27856
6.27856
6.27856
6.27856
6.27856
6.27856
6.27856
6.27856
6.27856
6.27856
6.27856
6.27856
6.27856
6.27856
6.27856
6.27856
6.27856
6.27856
6.27856
6.27856
6.27856
6.27856
6.27856
6.27856
6.27856
6.27856
6.27856
6.27856
6.27856
6.27856
6.27856
6.27856
6.27856
6.27856
6.27856
6.27856
6.27856
6.27856
6.27856
6.27856
6.27856
6.27856
6.27856
6.27856
6.27856
6.27856
6.27856
6.27856
6.27856
6.27856
6.27856
6.27856
6.27856
6.27856
6.27856
6.27856
6.27856
6.27856
6.27856
6.27856
6.27856
6.27856
6.27856
6.27856
6.27856
6.27856
6.27856
6.27856
6.27856
6.27856
6.27856
6.27856
6.27856
6.27856
6.27856
6.27856
6.27856
6.27856
6.27856
6.27856
6.27856
6.27856
6.27856
6.27856
6.27856
6.27856
6.27856
6.27856
6.27856
6.27856
6.27856
6.27856
6.27856
6.27856
6.27856
6.27856
6.27856
6.27856
6.27856
6.27856
6.27856
6.27856
6.27856
6.27856
6.27856
6.27856
6.27856
6.27856
6.27856
6.27856
6.27856
6.27856
6.27856
6.27856
6.27856
6.27856
6.27856
6.27856
6.27856
6.27856
6.27856
6.27856
6.27856
6.27856
6.27856
6.27856
6.27856
6.27856
6.27856
6.27856
6.27856
6.27856
6.27856
6.27856
6.27856
6.27856
6.27856
6.27856
6.27856
6.27856
6.27856
6.27856
6.27856
6.27856
6.27856
6.27856
6.27856
6.27856
6.27856
6.27856
6.27856
6.27856
6.27856
6.27856
6.27856
6.27856
6.27856
6.27856
6.27856
6.27856
6.27856
6.27856
6.27856
6.27856
6.27856
6.27856
6.27856
6.27856
6.27856
6.27856
6.27856
6.27856
6.27856
6.27856
6.27856
6.27856
6.27856
6.27856
6.27856
6.27856
6.27856
6.27856
6.27856
6.27856
6.27856
6.27856
6.27856
6.27856
6.27856
6.27856
6.27856
6.27856
6.27856
6.27856
6.27856
6.27856
6.27856
6.27856
6.27856
6.27856
6.27856
6.27856
6.27856
6.27856
6.27856
6.27856
6.27856
6.27856
6.27856
6.27856
6.27856
6.27856
6.27856
6.27856
6.27856
6.27856
6.27856
6.27856
6.27856
6.27856
6.27856
6.27856
6.27856
6.27856
6.27856
6.27856
6.27856
6.27856
6.27856
6.27856
6.27856
6.27856
6.27856
6.27856
6.27856
6.27856
6.27856
6.27856
6.27856
6.27856
6.27856
6.27856
6.27856
6.27856
6.27856
6.27856
6.27856
6.27856
6.27856
6.27856
6.27856
6.27856
6.27856
6.27856
6.27856
6.27856
6.27856
6.27856
6.27856
6.27856
6.27856
6.27856
6.27856
6.27856
6.27856
6.27856
6.27856
6.27856
6.27856
6.27856
6.27856
6.27856
6.27856
6.27856
6.27856
6.27856
6.27856
6.27856
6.27856
6.27856
6.27856
6.27856
6.27856
6.27856
6.27856
6.27856
6.27856
6.27856
6.27856
6.27856
6.27856
6.27856
6.27856
6.27856
6.27856
6.27856
6.27856
6.27856
6.27856
6.27856
6.27856
6.27856
6.27856
6.27856
6.27856
6.27856
6.27856
6.27856
6.27856
6.27856
6.27856
6.27856
6.27856
6.27856
6.27856
6.27856
6.27856
6.27856
6.27856
6.27856
6.27856
6.27856
6.27856
6.27856
6.27856
6.27856
6.27856
6.27856
6.27856
6.27856
6.27856
6.27856
6.27856
6.27856
6.27856
6.27856
6.27856
6.27856
6.27856
6.27856
6.27856
6.27856
6.27856
6.27856
6.27856
6.27856
6.27856
6.27856
6.27856
6.27856
6.27856
6.27856
6.27856
6.27856
6.27856
6.27856
6.27856
6.27856
6.27856
6.27856
6.27856
6.27856
6.27856
6.27856
6.27856
6.27856
6.27856
6.27856
6.27856
6.27856
6.27856
6.27856
6.27856
6.27856
6.27856
6.27856
6.27856
6.27856
6.27856
6.27856
6.27856
6.27856
6.27856
6.27856
6.27856
6.27856
6.27856
6.27856
6.27856
6.27856
6.27856
6.27856
6.27856
6.27856
6.27856
6.27856
6.27856
6.27856
6.27856
6.27856
6.27856
6.27856
6.27856
6.27856
6.27856
6.27856
6.27856
6.27856
6.27856
6.27856
6.27856
6.27856
6.27856
6.27856
6.27856
6.27856
6.27856
6.27856
6.27856
6.27856
6.27856
6.27856
6.27856
6.27856
6.27856
6.27856
6.27856
6.27856
6.27856
6.27856
6.27856
6.27856
6.27856
6.27856
6.27856
6.27856
6.27856
6.27856
6.27856
6.27856
6.27856
6.27856
6.27856
6.27856
6.27856
6.27856
6.27856
6.27856
6.27856
6.27856
6.27856
6.27856
6.27856
6.27856
6.27856
6.27856
6.27856
6.27856
6.27856
6.27856
6.27856
6.27856
6.27856
6.27856
6.27856
6.27856
6.27856
6.27856
6.27856
6.27856
6.27856
6.27856
6.27856
6.27856
6.27856
6.27856
6.27856
6.27856
6.27856
6.27856
6.27856
6.27856
6.27856
6.27856
6.27856
6.27856
6.27856
6.27856
6.27856
6.27856
6.27856
6.27856
6.27856
6.27856
6.27856
6.27856
6.27856
6.27856
6.27856
6.27856
6.27856
6.27856
6.27856
6.27856
6.27856
6.27856
6.27856
6.27856
6.27856
6.27856
6.27856
6.27856
6.27856
6.27856
6.27856
6.27856
6.27856
6.27856
6.27856
6.27856
6.27856
6.27856
6.27856
6.27856
6.27856
6.27856
6.27856
6.27856
6.27856
6.27856
6.27856
6.27856
6.27856
6.27856
6.27856
6.27856
6.27856
6.27856
6.27856
6.27856
6.27856
6.27856
6.27856
6.27856
6.27856
6.27856
6.27856
6.27856
6.27856
6.27856
6.27856
6.27856
6.27856
6.27856
6.27856
6.27856
6.27856
6.27856
6.27856
6.27856
6.27856
6.27856
6.27856
6.27856
6.27856
6.27856
6.27856
6.27856
6.27856
6.27856
6.27856
6.27856
6.27856
6.27856
6.27856
6.27856
6.27856
6.27856
6.27856
6.27856
6.27856
6.27856
6.27856
6.27856
6.27856
6.27856
6.27856
6.27856
6.27856
6.27856
6.27856
6.27856
6.27856
6.27856
6.27856
6.27856
6.27856
6.27856
6.27856
6.27856
6.27856
6.27856
6.27856
6.27856
6.27856
6.27856
6.27856
6.27856
6.27856
6.27856
6.27856
6.27856
6.27856
6.27856
6.27856
6.27856
6.27856
6.27856
6.27856
6.27856
6.27856
6.27856
6.27856
6.27856
6.27856
6.27856
6.27856
6.27856
6.27856
6.27856
6.27856
6.27856
6.27856
6.27856
6.27856
6.27856
6.27856
6.27856
6.27856
6.27856
6.27856
6.27856
6.27856
6.27856
6.27856
6.27856
6.27856
6.27856
6.27856
6.27856
6.27856
6.27856
6.27856
6.27856
6.27856
6.27856
6.27856
6.27856
6.27856
6.27856
6.27856
6.27856
6.27856
6.27856
6.27856
6.27856
6.27856
6.27856
6.27856
6.27856
6.27856
6.27856
6.27856
6.27856
6.27856
6.27856
6.27856
6.27856
6.27856
6.27856
6.27856
6.27856
6.27856
6.27856
6.27856
6.27856
6.27856
6.27856
6.27856
6.27856
6.27856
6.27856
6.27856
6.27856
6.27856
6.27856
6.27856
6.27856
6.27856
6.27856
6.27856
6.27856
6.27856
6.27856
6.27856
6.27856
6.27856
6.27856
6.27856
6.27856
6.27856
6.27856
6.27856
6.27856
6.27856
6.27856
6.27856
6.27856
6.27856
6.27856
6.27856
6.27856
6.27856
6.27856
6.27856
6.27856
6.27856
6.27856
6.27856
6.27856
6.27856
6.27856
6.27856
6.27856
6.27856
6.27856
6.27856
6.27856
6.27856
6.27856
6.27856
6.27856
6.27856
6.27856
6.27856
6.27856
6.27856
6.27856
6.27856
6.27856
6.27856
6.27856
6.27856
6.27856
6.27856
6.27856
6.27856
6.27856
6.27856
6.27856
6.27856
6.27856
6.27856
6.27856
6.27856
6.27856
6.27856
6.27856
6.27856
6.27856
6.27856
6.27856
6.27856
6.27856
6.27856
6.27856
6.27856
6.27856
6.27856
6.27856
6.27856
6.27856
6.27856
6.27856
6.27856
6.27856
6.27856
6.27856
6.27856
6.27856
6.27856
6.27856
6.27856
6.27856
6.27856
6.27856
6.27856
6.27856
6.27856
6.27856
6.27856
6.27856
6.27856
6.27856
6.27856
6.27856
6.27856
6.27856
6.27856
6.27856
6.27856
6.27856
6.27856
6.27856
6.27856
6.27856
6.27856
6.27856
6.27856
6.27856
6.27856
6.27856
6.27856
6.27856
6.27856
6.27856
6.27856
6.27856
6.27856
6.27856
6.27856
6.27856
6.27856
6.27856
6.27856
6.27856
6.27856
6.27856
6.27856
6.27856
6.27856
6.27856
6.27856
6.27856
6.27856
6.27856
6.27856
6.27856
6.27856
6.27856
6.27856
6.27856
6.27856
6.27856
6.27856
6.27856
6.27856
6.27856
6.27856
6.27856
6.27856
6.27856
6.27856
6.27856
6.27856
6.27856
6.27856
6.27856
6.27856
6.27856
6.27856
6.27856
6.27856
6.27856
6.27856
6.27856
6.27856
6.27856
6.27856
6.27856
6.27856
6.27856
6.27856
6.27856
6.27856
6.27856
6.27856
6.27856
6.27856
6.27856
6.27856
6.27856
6.27856
6.27856
6.27856
6.27856
6.27856
6.27856
6.27856
6.27856
6.27856
6.27856
6.27856
6.27856
6.27856
6.27856
6.27856
6.27856
6.27856
6.27856
6.27856
6.27856
6.27856
6.27856
6.27856
6.27856
6.27856
6.27856
6.27856
6.27856
6.27856
6.27856
6.27856
6.27856
6.27856
6.27856
6.27856
6.27856
6.27856
6.27856
6.27856
6.27856
6.27856
6.27856
6.27856
6.27856
6.27856
6.27856
6.27856
6.27856
6.27856
6.27856
6.27856
6.27856
6.27856
6.27856
6.27856
6.27856
6.27856
6.27856
6.27856
6.27856
6.27856
6.27856
6.27856
6.27856
6.27856
6.27856
6.27856
6.27856
6.27856
6.27856
6.27856
6.27856
6.27856
6.27856
6.27856
6.27856
6.27856
6.27856
6.27856
6.27856
6.27856
6.27856
6.27856
6.27856
6.27856
6.27856
6.27856
6.27856
6.27856
6.27856
6.27856
6.27856
6.27856
6.27856
6.27856
6.27856
6.27856
6.27856
6.27856
6.27856
6.27856
6.27856
6.27856
6.27856
6.27856
6.27856
6.27856
6.27856
6.27856
6.27856
6.27856
6.27856
6.27856
6.27856
6.27856
6.27856
6.27856
6.27856
6.27856
6.27856
6.27856
6.27856
6.27856
6.27856
6.27856
6.27856
6.27856
6.27856
6.27856
6.27856
6.27856
6.27856
6.27856
6.27856
6.27856
6.27856
6.27856
6.27856
6.27856
6.27856
6.27856
6.27856
6.27856
6.27856
6.27856
6.27856
6.27856
6.27856
6.27856
6.27856
6.27856
6.27856
6.27856
6.27856
6.27856
6.27856
6.27856
6.27856
6.27856
6.27856
6.27856
6.27856
6.27856
6.27856
6.27856
6.27856
6.27856
6.27856
6.27856
6.27856
6.27856
6.27856
6.27856
6.27856
6.27856
6.27856
6.27856
6.27856
6.27856
6.27856
6.27856
6.27856
6.27856
6.27856
6.27856
6.27856
6.27856
6.27856
6.27856
6.27856
6.27856
6.27856
6.27856
6.27856
6.27856
6.27856
6.27856
6.27856
6.27856
6.27856
6.27856
6.27856
6.27856
6.27856
6.27856
6.27856
6.27856
6.27856
6.27856
6.27856
6.27856
6.27856
6.27856
6.27856
6.27856
6.27856
6.27856
6.27856
6.27856
6.27856
6.27856
6.27856
6.27856
6.27856
6.27856
6.27856
6.27856
6.27856
6.27856
6.27856
6.27856
6.27856
6.27856
6.27856
6.27856
6.27856
6.27856
6.27856
6.27856
6.27856
6.27856
6.27856
6.27856
6.27856
6.27856
6.27856
6.27856
6.27856
6.27856
6.27856
6.27856
6.27856
6.27856
6.27856
6.27856
6.27856
6.27856
6.27856
6.27856
6.27856
6.27856
6.27856
6.27856
6.27856
6.27856
6.27856
6.27856
6.27856
6.27856
6.27856
6.27856
6.27856
6.27856
6.27856
6.27856
6.27856
6.27856
6.27856
6.27856
6.27856
6.27856
6.27856
6.27856
6.27856
6.27856
6.27856
6.27856
6.27856
6.27856
6.27856
6.27856
6.27856
6.27856
6.27856
6.27856
6.27856
6.27856
6.27856
6.27856
6.27856
6.27856
6.27856
6.27856
6.27856
6.27856
6.27856
6.27856
6.27856
6.27856
6.27856
6.27856
6.27856
6.27856
6.27856
6.27856
6.27856
6.27856
6.27856
6.27856
6.27856
6.27856
6.27856
6.27856
6.27856
6.27856
6.27856
6.27856
6.27856
6.27856
6.27856
6.27856
6.27856
6.27856
6.27856
6.27856
6.27856
6.27856
6.27856
6.27856
6.27856
6.27856
6.27856
6.27856
6.27856
6.27856
6.27856
6.27856
6.27856
6.27856
6.27856
6.27856
6.27856
6.27856
6.27856
6.27856
6.27856
6.27856
6.27856
6.27856
6.27856
6.27856
6.27856
6.27856
6.27856
6.27856
6.27856
6.27856
6.27856
6.27856
6.27856
6.27856
6.27856
6.27856
6.27856
6.27856
6.27856
6.27856
6.27856
6.27856
6.27856
6.27856
6.27856
6.27856
6.27856
6.27856
6.27856
6.27856
6.27856
6.27856
6.27856
6.27856
6.27856
6.27856
6.27856
6.27856
6.27856
6.27856
6.27856
6.27856
6.27856
6.27856
6.27856
6.27856
6.27856
6.27856
6.27856
6.27856
6.27856
6.27856
6.27856
6.27856
6.27856
6.27856
6.27856
6.27856
6.27856
6.27856
6.27856
6.27856
6.27856
6.27856
6.27856
6.27856
6.27856
6.27856
6.27856
6.27856
6.27856
6.27856
6.27856
6.27856
6.27856
6.27856
6.27856
6.27856
6.27856
6.27856
6.27856
6.27856
6.27856
6.27856
6.27856
6.27856
6.27856
6.27856
6.27856
6.27856
6.27856
6.27856
6.27856
6.27856
6.27856
6.27856
6.27856
6.27856
6.27856
6.27856
6.27856
6.27856
6.27856
6.27856
6.27856
6.27856
6.27856
6.27856
6.27856
6.27856
6.27856
6.27856
6.27856
6.27856
6.27856
6.27856
6.27856
6.27856
6.27856
6.27856
6.27856
6.27856
6.27856
6.27856
6.27856
6.27856
6.27856
6.27856
6.27856
6.27856
6.27856
6.27856
6.27856
6.27856
6.27856
6.27856
6.27856
6.27856
6.27856
6.27856
6.27856
6.27856
6.27856
6.27856
6.27856
6.27856
6.27856
6.27856
6.27856
6.27856
6.27856
6.27856
6.27856
6.27856
6.27856
6.27856
6.27856
6.27856
6.27856
6.27856
6.27856
6.27856
6.27856
6.27856
6.27856
6.27856
6.27856
6.27856
6.27856
6.27856
6.27856
6.27856
6.27856
6.27856
6.27856
6.27856
6.27856
6.27856
6.27856
6.27856
6.27856
6.27856
6.27856
6.27856
6.27856
6.27856
6.27856
6.27856
6.27856
6.27856
6.27856
6.27856
6.27856
6.27856
6.27856
6.27856
6.27856
6.27856
6.27856
6.27856
6.27856
6.27856
6.27856
6.27856
6.27856
6.27856
6.27856
6.27856
6.27856
6.27856
6.27856
6.27856
6.27856
6.27856
6.27856
6.27856
6.27856
6.27856
6.27856
6.27856
6.27856
6.27856
6.27856
6.27856
6.27856
6.27856
6.27856
6.27856
6.27856
6.27856
6.27856
6.27856
6.27856
6.27856
6.27856
6.27856
6.27856
6.27856
6.27856
6.27856
6.27856
6.27856
6.27856
6.27856
6.27856
6.27856
6.27856
6.27856
6.27856
6.27856
6.27856
6.27856
6.27856
6.27856
6.27856
6.27856
6.27856
6.27856
6.27856
6.27856
6.27856
6.27856
6.27856
6.27856
6.27856
6.27856
6.27856
6.27856
6.27856
6.27856
6.27856
6.27856
6.27856
6.27856
6.27856
6.27856
6.27856
6.27856
6.27856
6.27856
6.27856
6.27856
6.27856
6.27856
6.27856
6.27856
6.27856
6.27856
6.27856
6.27856
6.27856
6.27856
6.27856
6.27856
6.27856
6.27856
6.27856
6.27856
6.27856
6.27856
6.27856
6.27856
6.27856
6.27856
6.27856
6.27856
6.27856
6.27856
6.27856
6.27856
6.27856
6.27856
6.27856
6.27856
6.27856
6.27856
6.27856
6.27856
6.27856
6.27856
6.27856
6.27856
6.27856
6.27856
6.27856
6.27856
6.27856
6.27856
6.27856
6.27856
6.27856
6.27856
6.27856
6.27856
6.27856
6.27856
6.27856
6.27856
6.27856
6.27856
6.27856
6.27856
6.27856
6.27856
6.27856
6.27856
6.27856
6.27856
6.27856
6.27856
6.27856
6.27856
6.27856
6.27856
6.27856
6.27856
6.27856
6.27856
6.27856
6.27856
6.27856
6.27856
6.27856
6.27856
6.27856
6.27856
6.27856
6.27856
6.27856
6.27856
6.27856
6.27856
6.27856
6.27856
6.27856
6.27856
6.27856
6.27856
6.27856
6.27856
6.27856
6.27856
6.27856
6.27856
6.27856
6.27856
6.27856
6.27856
6.27856
6.27856
6.27856
6.27856
6.27856
6.27856
6.27856
6.27856
6.27856
6.27856
6.27856
6.27856
6.27856
6.27856
6.27856
6.27856
6.27856
6.27856
6.27856
6.27856
6.27856
6.27856
6.27856
6.27856
6.27856
6.27856
6.27856
6.27856
6.27856
6.27856
6.27856
6.27856
6.27856
6.27856
6.27856
6.27856
6.27856
6.27856
6.27856
6.27856
6.27856
6.27856
6.27856
6.27856
6.27856
6.27856
6.27856
6.27856
6.27856
6.27856
6.27856
6.27856
6.27856
6.27856
6.27856
6.27856
6.27856
6.27856
6.27856
6.27856
6.27856
6.27856
6.27856
6.27856
6.27856
6.27856
6.27856
6.27856
6.27856
6.27856
6.27856
6.27856
6.27856
6.27856
6.27856
6.27856
6.27856
6.27856
6.27856
6.27856
6.27856
6.27856
6.27856
6.27856
6.27856
6.27856
6.27856
6.27856
6.27856
6.27856
6.27856
6.27856
6.27856
6.27856
6.27856
6.27856
6.27856
6.27856
6.27856
6.27856
6.27856
6.27856
6.27856
6.27856
6.27856
6.27856
6.27856
6.27856
6.27856
6.27856
6.27856
6.27856
6.27856
6.27856
6.27856
6.27856
6.27856
6.27856
6.27856
6.27856
6.27856
6.27856
6.27856
6.27856
6.27856
6.27856
6.27856
6.27856
6.27856
6.27856
6.27856
6.27856
6.27856
6.27856
6.27856
6.27856
6.27856
6.27856
6.27856
6.27856
6.27856
6.27856
6.27856
6.27856
6.27856
6.27856
6.27856
6.27856
6.27856
6.27856
6.27856
6.27856
6.27856
6.27856
6.27856
6.27856
6.27856
6.27856
6.27856
6.27856
6.27856
6.27856
6.27856
6.27856
6.27856
6.27856
6.27856
6.27856
6.27856
6.27856
6.27856
6.27856
6.27856
6.27856
6.27856
6.27856
6.27856
6.27856
6.27856
6.27856
6.27856
6.27856
6.27856
6.27856
6.27856
6.27856
6.27856
6.27856
6.27856
6.27856
6.27856
6.27856
6.27856
6.27856
6.27856
6.27856
6.27856
6.27856
6.27856
6.27856
6.27856
6.27856
6.27856
6.27856
6.27856
6.27856
6.27856
6.27856
6.27856
6.27856
6.27856
6.27856
6.27856
6.27856
6.27856
6.27856
6.27856
6.27856
6.27856
6.27856
6.27856
6.27856
6.27856
6.27856
6.27856
6.27856
6.27856
6.27856
6.27856
6.27856
6.27856
6.27856
6.27856
6.27856
6.27856
6.27856
6.27856
6.27856
6.27856
6.27856
6.27856
6.27856
6.27856
6.27856
6.27856
6.27856
6.27856
6.27856
6.27856
6.27856
6.27856
6.27856
6.27856
6.27856
6.27856
6.27856
6.27856
6.27856
6.27856
6.27856
6.27856
6.27856
6.27856
6.27856
6.27856
6.27856
6.27856
6.27856
6.27856
6.27856
6.27856
6.27856
6.27856
6.27856
6.27856
6.27856
6.27856
6.27856
6.27856
6.27856
6.27856
6.27856
6.27856
6.27856
6.27856
6.27856
6.27856
6.27856
6.27856
6.27856
6.27856
6.27856
6.27856
6.27856
6.27856
6.27856
6.27856
6.27856
6.27856
6.27856
6.27856
6.27856
6.27856
6.27856
6.27856
6.27856
6.27856
6.27856
6.27856
6.27856
6.27856
6.27856
6.27856
6.27856
6.27856
6.27856
6.27856
6.27856
6.27856
6.27856
6.27856
6.27856
6.27856
6.27856
6.27856
6.27856
6.27856
6.27856
6.27856
6.27856
6.27856
6.27856
6.27856
6.27856
6.27856
6.27856
6.27856
6.27856
6.27856
6.27856
6.27856
6.27856
6.27856
6.27856
6.27856
6.27856
6.27856
6.27856
6.27856
6.27856
6.27856
6.27856
6.27856
6.27856
6.27856
6.27856
6.27856
6.27856
6.27856
6.27856
6.27856
6.27856
6.27856
6.27856
6.27856
6.27856
6.27856
6.27856
6.27856
6.27856
6.27856
6.27856
6.27856
6.27856
6.27856
6.27856
6.27856
6.27856
6.27856
6.27856
6.27856
6.27856
6.27856
6.27856
6.27856
6.27856
6.27856
6.27856
6.27856
6.27856
6.27856
6.27856
6.27856
6.27856
6.27856
6.27856
6.27856
6.27856
6.27856
6.27856
6.27856
6.27856
6.27856
6.27856
6.27856
6.27856
6.27856
6.27856
6.27856
6.27856
6.27856
6.27856
6.27856
6.27856
6.27856
6.27856
6.27856
6.27856
6.27856
6.27856
6.27856
6.27856
6.27856
6.27856
6.27856
6.27856
6.27856
6.27856
6.27856
6.27856
6.27856
6.27856
6.27856
6.27856
6.27856
6.27856
6.27856
6.27856
6.27856
6.27856
6.27856
6.27856
6.27856
6.27856
6.27856
6.27856
6.27856
6.27856
6.27856
6.27856
6.27856
6.27856
6.27856
6.27856
6.27856
6.27856
6.27856
6.27856
6.27856
6.27856
6.27856
6.27856
6.27856
6.27856
6.27856
6.27856
6.27856
6.27856
6.27856
6.27856
6.27856
6.27856
6.27856
6.27856
6.27856
6.27856
6.27856
6.27856
6.27856
6.27856
6.27856
6.27856
6.27856
6.27856
6.27856
6.27856
6.27856
6.27856
6.27856
6.27856
6.27856
6.27856
6.27856
6.27856
6.27856
6.27856
6.27856
6.27856
6.27856
6.27856
6.27856
6.27856
6.27856
6.27856
6.27856
6.27856
6.27856
6.27856
6.27856
6.27856
6.27856
6.27856
6.27856
6.27856
6.27856
6.27856
6.27856
6.27856
6.27856
6.27856
6.27856
6.27856
6.27856
6.27856
6.27856
6.27856
6.27856
6.27856
6.27856
6.27856
6.27856
6.27856
6.27856
6.27856
6.27856
6.27856
6.27856
6.27856
6.27856
6.27856
6.27856
6.27856
6.27856
6.27856
6.27856
6.27856
6.27856
6.27856
6.27856
6.27856
6.27856
6.27856
6.27856
6.27856
6.27856
6.27856
6.27856
6.27856
6.27856
6.27856
6.27856
6.27856
6.27856
6.27856
6.27856
6.27856
6.27856
6.27856
6.27856
6.27856
6.27856
6.27856
6.27856
6.27856
6.27856
6.27856
6.27856
6.27856
6.27856
6.27856
6.27856
6.27856
6.27856
6.27856
6.27856
6.27856
6.27856
6.27856
6.27856
6.27856
6.27856
6.27856
6.27856
6.27856
6.27856
6.27856
6.27856
6.27856
6.27856
6.27856
6.27856
6.27856
6.27856
6.27856
6.27856
6.27856
6.27856
6.27856
6.27856
6.27856
6.27856
6.27856
6.27856
6.27856
6.27856
6.27856
6.27856
6.27856
6.27856
6.27856
6.27856
6.27856
6.27856
6.27856
6.27856
6.27856
6.27856
6.27856
6.27856
6.27856
6.27856
6.27856
6.27856
6.27856
6.27856
6.27856
6.27856
6.27856
6.27856
6.27856
6.27856
6.27856
6.27856
6.27856
6.27856
6.27856
6.27856
6.27856
6.27856
6.27856
6.27856
6.27856
6.27856
6.27856
6.27856
6.27856
6.27856
6.27856
6.27856
6.27856
6.27856
6.27856
6.27856
6.27856
6.27856
6.27856
6.27856
6.27856
6.27856
6.27856
6.27856
6.27856
6.27856
6.27856
6.27856
6.27856
6.27856
6.27856
6.27856
6.27856
6.27856
6.27856
6.27856
6.27856
6.27856
6.27856
6.27856
6.27856
6.27856
6.27856
6.27856
6.27856
6.27856
6.27856
6.27856
6.27856
6.27856
6.27856
6.27856
6.27856
6.27856
6.27856
6.27856
6.27856
6.27856
6.27856
6.27856
6.27856
6.27856
6.27856
6.27856
6.27856
6.27856
6.27856
6.27856
6.27856
6.27856
6.27856
6.27856
6.27856
6.27856
6.27856
6.27856
6.27856
6.27856
6.27856
6.27856
6.27856
6.27856
6.27856
6.27856
6.27856
6.27856
6.27856
6.27856
6.27856
6.27856
6.27856
6.27856
6.27856
6.27856
6.27856
6.27856
6.27856
6.27856
6.27856
6.27856
6.27856
6.27856
6.27856
6.27856
6.27856
6.27856
6.27856
6.27856
6.27856
6.27856
6.27856
6.27856
6.27856
6.27856
6.27856
6.27856
6.27856
6.27856
6.27856
6.27856
6.27856
6.27856
6.27856
6.27856
6.27856
6.27856
6.27856
6.27856
6.27856
6.27856
6.27856
6.27856
6.27856
6.27856
6.27856
6.27856
6.27856
6.27856
6.27856
6.27856
6.27856
6.27856
6.27856
6.27856
6.27856
6.27856
6.27856
6.27856
6.27856
6.27856
6.27856
6.27856
6.27856
6.27856
6.27856
6.27856
6.27856
6.27856
6.27856
6.27856
6.27856
6.27856
6.27856
6.27856
6.27856
6.27856
6.27856
6.27856
6.27856
6.27856
6.27856
6.27856
6.27856
6.27856
6.27856
6.27856
6.27856
6.27856
6.27856
6.27856
6.27856
6.27856
6.27856
6.27856
6.27856
6.27856
6.27856
6.27856
6.27856
6.27856
6.27856
6.27856
6.27856
6.27856
6.27856
6.27856
6.27856
6.27856
6.27856
6.27856
6.27856
6.27856
6.27856
6.27856
6.27856
6.27856
6.27856
6.27856
6.27856
6.27856
6.27856
6.27856
6.27856
6.27856
6.27856
6.27856
6.27856
6.27856
6.27856
6.27856
6.27856
6.27856
6.27856
6.27856
6.27856
6.27856
6.27856
6.27856
6.27856
6.27856
6.27856
6.27856
6.27856
6.27856
6.27856
6.27856
6.27856
6.27856
6.27856
6.27856
6.27856
6.27856
6.27856
6.27856
6.27856
6.27856
6.27856
6.27856
6.27856
6.27856
6.27856
6.27856
6.27856
6.27856
6.27856
6.27856
6.27856
6.27856
6.27856
6.27856
6.27856
6.27856
6.27856
6.27856
6.27856
6.27856
6.27856
6.27856
6.27856
6.27856
6.27856
6.27856
6.27856
6.27856
6.27856
6.27856
6.27856
6.27856
6.27856
6.27856
6.27856
6.27856
6.27856
6.27856
6.27856
6.27856
6.27856
6.27856
6.27856
6.27856
6.27856
6.27856
6.27856
6.27856
6.27856
6.27856
6.27856
6.27856
6.27856
6.27856
6.27856
6.27856
6.27856
6.27856
6.27856
6.27856
6.27856
6.27856
6.27856
6.27856
6.27856
6.27856
6.27856
6.27856
6.27856
6.27856
6.27856
6.27856
6.27856
6.27856
6.27856
6.27856
6.27856
6.27856
6.27856
6.27856
6.27856
6.27856
6.27856
6.27856
6.27856
6.27856
6.27856
6.27856
6.27856
6.27856
6.27856
6.27856
6.27856
6.27856
6.27856
6.27856
6.27856
6.27856
6.27856
6.27856
6.27856
6.27856
6.27856
6.27856
6.27856
6.27856
6.27856
6.27856
6.27856
6.27856
6.27856
6.27856
6.27856
6.27856
6.27856
6.27856
6.27856
6.27856
6.27856
6.27856
6.27856
6.27856
6.27856
6.27856
6.27856
6.27856
6.27856
6.27856
6.27856
6.27856
6.27856
6.27856
6.27856
6.27856
6.27856
6.27856
6.27856
6.27856
6.27856
6.27856
6.27856
6.27856
6.27856
6.27856
6.27856
6.27856
6.27856
6.27856
6.27856
6.27856
6.27856
6.27856
6.27856
6.27856
6.27856
6.27856
6.27856
6.27856
6.27856
6.27856
6.27856
6.27856
6.27856
6.27856
6.27856
6.27856
6.27856
6.27856
6.27856
6.27856
6.27856
6.27856
6.27856
6.27856
6.27856
6.27856
6.27856
6.27856
6.27856
6.27856
6.27856
6.27856
6.27856
6.27856
6.27856
6.27856
6.27856
6.27856
6.27856
6.27856
6.27856
6.27856
6.27856
6.27856
6.27856
6.27856
6.27856
6.27856
6.27856
6.27856
6.27856
6.27856
6.27856
6.27856
6.27856
6.27856
6.27856
6.27856
6.27856
6.27856
6.27856
6.27856
6.27856
6.27856
6.27856
6.27856
6.27856
6.27856
6.27856
6.27856
6.27856
6.27856
6.27856
6.27856
6.27856
6.27856
6.27856
6.27856
6.27856
6.27856
6.27856
6.27856
6.27856
6.27856
6.27856
6.27856
6.27856
6.27856
6.27856
6.27856
6.27856
6.27856
6.27856
6.27856
6.27856
6.27856
6.27856
6.27856
6.27856
6.27856
6.27856
6.27856
6.27856
6.27856
6.27856
6.27856
6.27856
6.27856
6.27856
6.27856
6.27856
6.27856
6.27856
6.27856
6.27856
6.27856
6.27856
6.27856
6.27856
6.27856
6.27856
6.27856
6.27856
6.27856
6.27856
6.27856
6.27856
6.27856
6.27856
6.27856
6.27856
6.27856
6.27856
6.27856
6.27856
6.27856
6.27856
6.27856
6.27856
6.27856
6.27856
6.27856
6.27856
6.27856
6.27856
6.27856
6.27856
6.27856
6.27856
6.27856
6.27856
6.27856
6.27856
6.27856
6.27856
6.27856
6.27856
6.27856
6.27856
6.27856
6.27856
6.27856
6.27856
6.27856
6.27856
6.27856
6.27856
6.27856
6.27856
6.27856
6.27856
6.27856
6.27856
6.27856
6.27856
6.27856
6.27856
6.27856
6.27856
6.27856
6.27856
6.27856
6.27856
6.27856
6.27856
6.27856
6.27856
6.27856
6.27856
6.27856
6.27856
6.27856
6.27856
6.27856
6.27856
6.27856
6.27856
6.27856
6.27856
6.27856
6.27856
6.27856
6.27856
6.27856
6.27856
6.27856
6.27856
6.27856
6.27856
6.27856
6.27856
6.27856
6.27856
6.27856
6.27856
6.27856
6.27856
6.27856
6.27856
6.27856
6.27856
6.27856
6.27856
6.27856
6.27856
6.27856
6.27856
6.27856
6.27856
6.27856
6.27856
6.27856
6.27856
6.27856
6.27856
6.27856
6.27856
6.27856
6.27856
6.27856
6.27856
6.27856
6.27856
6.27856
6.27856
6.27856
6.27856
6.27856
6.27856
6.27856
6.27856
6.27856
6.27856
6.27856
6.27856
6.27856
6.27856
6.27856
6.27856
6.27856
6.27856
6.27856
6.27856
6.27856
6.27856
6.27856
6.27856
6.27856
6.27856
6.27856
6.27856
6.27856
6.27856
6.27856
6.27856
6.27856
6.27856
6.27856
6.27856
6.27856
6.27856
6.27856
6.27856
6.27856
6.27856
6.27856
6.27856
6.27856
6.27856
6.27856
6.27856
6.27856
6.27856
6.27856
6.27856
6.27856
6.27856
6.27856
6.27856
6.27856
6.27856
6.27856
6.27856
6.27856
6.27856
6.27856
6.27856
6.27856
6.27856
6.27856
6.27856
6.27856
6.27856
6.27856
6.27856
6.27856
6.27856
6.27856
6.27856
6.27856
6.27856
6.27856
6.27856
6.27856
6.27856
6.27856
6.27856
6.27856
6.27856
6.27856
6.27856
6.27856
6.27856
6.27856
6.27856
6.27856
6.27856
6.27856
6.27856
6.27856
6.27856
6.27856
6.27856
6.27856
6.27856
6.27856
6.27856
6.27856
6.27856
6.27856
6.27856
6.27856
6.27856
6.27856
6.27856
6.27856
6.27856
6.27856
6.27856
6.27856
6.27856
6.27856
6.27856
6.27856
6.27856
6.27856
6.27856
6.27856
6.27856
6.27856
6.27856
6.27856
6.27856
6.27856
6.27856
6.27856
6.27856
6.27856
6.27856
6.27856
6.27856
6.27856
6.27856
6.27856
6.27856
6.27856
6.27856
6.27856
6.27856
6.27856
6.27856
6.27856
6.27856
6.27856
6.27856
6.27856
6.27856
6.27856
6.27856
6.27856
6.27856
6.27856
6.27856
6.27856
6.27856
6.27856
6.27856
6.27856
6.27856
6.27856
6.27856
6.27856
6.27856
6.27856
6.27856
6.27856
6.27856
6.27856
6.27856
6.27856
6.27856
6.27856
6.27856
6.27856
6.27856
6.27856
6.27856
6.27856
6.27856
6.27856
6.27856
6.27856
6.27856
6.27856
6.27856
6.27856
6.27856
6.27856
6.27856
6.27856
6.27856
6.27856
6.27856
6.27856
6.27856
6.27856
6.27856
6.27856
6.27856
6.27856
6.27856
6.27856
6.27856
6.27856
6.27856
6.27856
6.27856
6.27856
6.27856
6.27856
6.27856
6.27856
6.27856
6.27856
6.27856
6.27856
6.27856
6.27856
6.27856
6.27856
6.27856
6.27856
6.27856
6.27856
6.27856
6.27856
6.27856
6.27856
6.27856
6.27856
6.27856
6.27856
6.27856
6.27856
6.27856
6.27856
6.27856
6.27856
6.27856
6.27856
6.27856
6.27856
6.27856
6.27856
6.27856
6.27856
6.27856
6.27856
6.27856
6.27856
6.27856
6.27856
6.27856
6.27856
6.27856
6.27856
6.27856
6.27856
6.27856
6.27856
6.27856
6.27856
6.27856
6.27856
6.27856
6.27856
6.27856
6.27856
6.27856
6.27856
6.27856
6.27856
6.27856
6.27856
6.27856
6.27856
6.27856
6.27856
6.27856
6.27856
6.27856
6.27856
6.27856
6.27856
6.27856
6.27856
6.27856
6.27856
6.27856
6.27856
6.27856
6.27856
6.27856
6.27856
6.27856
6.27856
6.27856
6.27856
6.27856
6.27856
6.27856
6.27856
6.27856
6.27856
6.27856
6.27856
6.27856
6.27856
6.27856
6.27856
6.27856
6.27856
6.27856
6.27856
6.27856
6.27856
6.27856
6.27856
6.27856
6.27856
6.27856
6.27856
6.27856
6.27856
6.27856
6.27856
6.27856
6.27856
6.27856
6.27856
6.27856
6.27856
6.27856
6.27856
6.27856
6.27856
6.27856
6.27856
6.27856
6.27856
6.27856
6.27856
6.27856
6.27856
6.27856
6.27856
6.27856
6.27856
6.27856
6.27856
6.27856
6.27856
6.27856
6.27856
6.27856
6.27856
6.27856
6.27856
6.27856
6.27856
6.27856
6.27856
6.27856
6.27856
6.27856
6.27856
6.27856
6.27856
6.27856
6.27856
6.27856
6.27856
6.27856
6.27856
6.27856
6.27856
6.27856
6.27856
6.27856
6.27856
6.27856
6.27856
6.27856
6.27856
6.27856
6.27856
6.27856
6.27856
6.27856
6.27856
6.27856
6.27856
6.27856
6.27856
6.27856
6.27856
6.27856
6.27856
6.27856
6.27856
6.27856
6.27856
6.27856
6.27856
6.27856
6.27856
6.27856
6.27856
6.27856
6.27856
6.27856
6.27856
6.27856
6.27856
6.27856
6.27856
6.27856
6.27856
6.27856
6.27856
6.27856
6.27856
6.27856
6.27856
6.27856
6.27856
6.27856
6.27856
6.27856
6.27856
6.27856
6.27856
6.27856
6.27856
6.27856
6.27856
6.27856
6.27856
6.27856
6.27856
6.27856
6.27856
6.27856
6.27856
6.27856
6.27856
6.27856
6.27856
6.27856
6.27856
6.27856
6.27856
6.27856
6.27856
6.27856
6.27856
6.27856
6.27856
6.27856
6.27856
6.27856
6.27856
6.27856
6.27856
6.27856
6.27856
6.27856
6.27856
6.27856
6.27856
6.27856
6.27856
6.27856
6.27856
6.27856
6.27856
6.27856
6.27856
