104.995
104.687
104.48
102.143
103.195
102.46
102.078
100.533
99.1127
99.0464
98.7803
96.8134
97.0888
96.2143
94.485
94.3568
92.6923
91.8158
89.4683
90.3497
89.2001
88.4785
89.0043
86.9945
87.2583
87.3481
87.7377
86.4479
86.1607
85.1721
84.126
84.7757
83.8938
83.2114
83.0023
81.4318
81.8655
81.1707
79.4604
79.2506
78.982
77.9839
78.5692
77.2672
77.1325
74.7391
75.8678
73.8789
73.9936
72.8804
73.9338
72.9106
72.4255
72.7182
71.552
71.9976
72.0067
69.7674
69.9125
69.9125
69.841
69.7379
69.593
68.5682
69.207
69.382
68.5739
67.3484
68.3099
68.3405
67.594
67.0921
67.0188
66.881
65.8912
64.6889
64.3109
65.1318
64.912
64.2189
63.9566
64.3394
63.5046
63.3262
62.6484
62.5391
62.4898
61.2807
60.5546
61.3058
61.3772
60.6122
60.026
59.643
59.7768
59.7052
59.213
59.1108
58.4143
58.1805
57.6885
56.8248
56.1874
56.1645
55.496
55.3074
55.3556
54.6994
54.8809
53.1537
54.5636
54.8105
54.4237
52.5754
53.9423
52.413
53.7015
52.8665
52.6723
52.4882
52.5986
52.1601
51.6076
50.277
49.8569
50.5532
50.8039
50.4189
49.326
50.667
48.8564
48.9107
48.751
48.3997
48.3848
47.8611
49.0347
47.6527
47.6581
47.9167
48.7657
47.9781
47.8091
48.4948
47.6779
47.6229
46.8372
47.4843
47.5065
46.5568
47.3958
47.0759
47.3763
46.6501
45.4991
46.6756
45.8755
46.7332
46.367
46.7733
46.3593
45.842
46.1059
45.9803
45.8377
45.4078
45.763
45.6309
45.9132
45.4457
44.7789
45.3349
45.0837
45.0837
44.4989
45.1289
42.4908
44.6131
45.1986
45.2312
44.7261
44.7931
44.7536
44.0452
44.262
44.2401
44.7649
44.6752
44.7381
44.7207
44.6981
44.5964
43.6356
42.9025
43.3697
43.1593
43.1297
42.7961
42.5633
42.894
42.1537
42.2487
42.1086
41.3631
41.9975
41.4186
40.9715
40.989
41.5145
41.8766
41.7625
41.1427
41.5644
40.6959
41.2692
39.8125
40.8637
41.224
41.5312
40.8189
39.7465
41.2106
41.087
41.087
41.5414
41.0442
41.2339
40.5469
40.5932
40.7299
40.5608
40.8628
40.3665
40.1752
40.6027
39.9506
40.1307
40.1307
39.4777
39.5739
39.5826
39.6722
39.6722
39.038
39.2618
38.4552
39.3794
39.3664
39.3664
39.0217
39.0071
39.3802
38.6515
39.1674
38.8504
38.8504
38.6461
38.3833
38.1781
37.7586
38.5268
37.9654
37.546
37.9257
38.3557
37.7688
38.0791
38.083
37.9928
37.4222
37.6882
38.1876
37.758
37.6791
37.2064
36.8375
36.9181
37.4889
37.3235
37.7082
37.0675
37.0595
36.651
36.2807
36.5158
36.6883
35.6493
35.6176
35.6243
34.7705
35.2786
35.2315
35.2479
35.228
35.5014
34.4942
35.2728
35.4836
34.9637
35.1219
35.1219
35.4359
35.2702
35.1577
34.8693
35.4155
34.6794
34.6039
35.3201
34.8206
34.7333
34.6798
34.2159
33.9724
33.6394
34.0535
34.4279
33.1896
34.2518
33.8894
34.2065
33.5538
33.9567
34.0102
33.778
33.5277
33.8732
33.7712
33.5698
33.6712
32.6089
33.5118
33.5029
33.7293
33.1322
33.3274
32.4789
33.4983
33.2551
33.1449
32.8438
32.8674
31.6523
32.6322
32.349
32.391
32.2028
30.9661
32.3368
32.2027
32.1795
32.216
31.7613
31.579
31.7547
31.1598
31.6141
31.5739
31.5317
31.3904
31.6341
31.4161
31.5145
30.9563
29.8357
31.4051
31.223
31.0316
30.0102
31.0697
31.3253
30.3698
31.1276
30.5139
31.1671
30.4049
30.9873
30.8524
31.1474
30.6731
30.4016
30.8966
30.8705
30.9313
30.461
30.8004
30.461
30.609
30.2105
30.4814
30.2418
29.5403
29.5173
30.0753
30.1001
30.1468
30.2636
30.492
30.4471
30.192
30.3386
29.8047
30.1144
30.3319
29.3903
29.3903
29.3884
29.201
29.3348
28.9762
28.4734
28.531
28.8853
29.0718
28.8389
29.1085
28.8447
28.232
28.4887
28.5886
28.8335
28.1037
28.1964
28.5076
28.3804
28.4437
28.3239
28.4113
28.3308
28.0824
28.4401
27.7581
27.7581
27.8411
28.4301
27.5578
28.2657
28.12
27.5562
28.149
27.5115
28.2889
28.0934
27.7107
27.8727
28.1504
28.1592
28.2304
27.6791
28.0825
26.9903
28.0279
27.9466
27.5094
27.7154
27.8998
27.5537
27.548
27.2665
27.7801
27.5506
27.8623
27.6865
27.4888
27.6562
27.3783
27.363
27.6066
27.3415
27.733
26.4338
27.4639
27.4018
27.3933
27.1216
27.1216
27.1216
26.7507
26.7341
25.7621
26.7794
26.8551
26.6033
26.3369
26.5909
26.7215
26.4978
26.6153
26.5859
26.7494
26.6372
26.3136
26.4825
26.515
26.3253
26.3081
26.4446
26.105
25.8211
26.3833
26.3693
26.145
25.9799
26.1161
26.1784
26.1998
26.1772
25.7671
25.8378
25.9638
25.8916
26.076
25.9668
25.9668
25.9668
24.6197
25.9287
25.533
24.8632
25.5621
25.3702
25.227
25.3028
25.2411
25.6086
25.4705
25.1844
25.5389
25.5567
25.3487
25.4776
25.0914
25.4684
25.3202
24.9203
25.1002
24.6181
24.2873
25.0771
25.293
25.2982
25.1253
25.3446
24.7417
24.9301
25.0189
25.2975
25.1517
25.1171
25.065
25.2685
25.1538
24.7902
25.2974
24.7112
24.4337
24.987
25.2796
24.8853
24.9978
24.9192
24.987
24.8042
25.2537
25.1367
25.1171
25.2775
24.9548
24.9404
24.7079
25.0727
25.045
25.0504
25.0458
24.3614
24.8588
24.9046
24.552
24.6063
24.3983
25.0202
24.5885
24.7931
24.4634
24.9553
24.5617
24.9553
24.6446
24.9714
24.6374
24.7725
24.6329
24.7685
24.8624
24.4949
23.939
24.9517
24.7992
24.7191
24.745
24.2631
24.0315
24.1335
24.2107
24.7034
24.7519
24.5146
24.3704
24.6514
24.5065
24.3972
24.7741
23.675
24.1886
24.733
24.6659
24.5374
24.1886
24.588
23.9919
24.3814
24.4665
24.5751
24.6094
24.7007
24.2901
24.4369
24.721
24.7385
24.608
24.2165
24.2752
23.9519
24.2764
24.5934
24.5929
24.2668
24.1519
24.4553
24.2614
24.5375
24.4813
23.9658
24.3367
24.5343
24.0676
24.4651
23.949
24.4097
24.1322
24.0675
24.1098
24.4735
24.2063
24.3396
24.4368
24.0853
24.5094
24.1706
23.0813
24.0922
24.2177
24.2171
23.1649
23.5046
24.3295
24.204
24.0265
23.9829
24.057
24.0581
23.2769
24.1316
23.6173
24.1299
24.0256
24.0601
23.9919
23.5457
23.4256
23.871
23.8017
23.5094
23.8916
23.572
24.0075
23.5967
23.0788
23.4716
23.7594
23.5285
23.9818
23.6795
23.6916
23.9315
23.0178
23.5939
23.7806
23.356
23.4811
23.6935
23.846
23.5422
23.7253
22.6184
23.7141
23.7265
23.734
23.363
23.6106
23.3677
23.4689
23.2228
23.6068
23.4525
23.1905
22.8652
22.9814
23.1684
22.8701
23.2002
23.2011
22.1413
23.0772
23.3638
22.8637
22.9321
23.0578
23.1261
23.1504
22.9847
23.1833
22.9456
23.1615
22.9558
23.1788
22.7609
22.7609
22.7609
22.5948
22.5331
22.465
22.5962
22.6875
21.732
22.5261
22.5948
22.5617
22.5869
22.2988
22.5923
22.422
22.0545
22.4164
21.855
22.3054
22.4378
22.2017
22.2653
21.9578
22.2076
22.1721
22.2017
22.3082
22.2447
22.2988
22.2106
22.1597
21.8848
22.1259
21.6773
21.767
21.9452
22.0078
22.1346
21.8931
22.0158
22.0209
20.9771
21.908
21.8538
21.8477
21.8117
21.8748
21.7652
22.0081
21.3859
21.8717
21.8732
21.7407
21.0322
21.4889
21.619
21.8712
21.3368
21.3368
21.8329
21.9115
21.5289
21.4244
21.7417
21.8499
21.5067
21.4669
21.1144
21.3628
21.6801
21.6734
21.8335
21.7406
21.7406
21.5936
21.5478
21.5622
21.4494
21.5398
21.5002
21.5907
21.5355
21.5708
21.1732
21.5983
21.4249
21.6627
21.5708
21.553
21.5838
21.5507
21.4594
21.5355
21.3708
21.5297
21.6439
21.608
21.5115
21.5969
21.4525
21.0735
21.4369
21.4399
21.3961
21.0488
21.578
21.1855
21.4342
21.4381
21.3586
20.985
21.2483
21.3682
21.3586
21.3295
21.4363
21.4192
21.4196
21.2493
21.389
21.1495
21.3459
21.4192
21.1768
21.1393
20.7759
21.2954
21.1993
21.0534
21.369
21.3642
21.3685
21.369
21.3501
21.369
21.1639
20.5532
21.3031
21.1127
21.1737
21.0534
21.1682
21.2968
21.3431
21.3385
20.3618
21.1533
21.138
21.2689
21.1786
21.1786
21.3431
20.8877
21.1531
20.4164
21.1786
21.3242
21.2638
21.1443
21.1399
21.0055
20.9695
21.0712
20.8286
21.1443
21.1091
20.9433
20.9753
20.8286
20.8286
20.8286
20.2355
20.6641
20.6587
20.5243
20.743
20.7426
20.6276
20.5926
20.5863
20.5698
20.2038
20.415
20.1637
20.7379
20.1241
20.7261
20.593
20.415
20.5449
20.5897
20.3433
20.5356
20.5892
20.3436
20.4992
20.5078
20.5271
19.4236
20.324
20.2551
20.504
20.3571
20.3495
20.454
20.5271
20.0038
20.5203
20.2777
20.2777
20.2175
20.2468
20.2442
20.2777
20.2584
20.2175
20.2777
20.0274
20.2175
20.2777
19.4619
20.0057
20.2777
20.2469
19.9869
20.2777
19.645
20.1172
20.2697
19.6413
20.2548
20.1883
19.9832
20.1434
20.2697
20.1036
20.2641
20.2196
20.2708
20.1153
20.2441
20.0394
19.7783
19.8816
20.2708
19.3372
20.2519
20.1974
20.1914
20.1005
20.1281
20.2227
20.2434
19.9736
19.9046
19.9317
19.924
20.2389
20.156
20.1548
20.1738
20.0837
19.9323
20.2201
20.0695
20.2374
20.2372
19.7101
20.2314
20.1878
20.0695
19.9554
20.1782
19.5613
20.2369
20.2369
20.1976
19.7086
19.2556
19.6484
19.6884
19.5879
19.6484
19.6352
19.6189
19.6107
19.6478
19.6484
19.6446
19.6484
18.7
19.6479
19.6475
19.6482
19.5172
19.6484
19.4758
19.3973
19.3053
19.4749
18.9764
18.7988
19.4556
19.4556
19.4436
19.3003
19.4523
19.4556
19.4556
19.4433
19.4556
19.2523
19.0816
18.6829
18.7405
19.0353
19.1669
18.271
18.2233
19.1731
19.0892
19.1484
18.9355
18.92
18.4714
19.0627
18.8639
19.0423
18.8639
19.075
19.0382
19.0583
18.6251
19.0691
19.1168
19.0715
19.1168
19.1153
18.8536
19.1
18.8958
19.1164
18.8516
18.6026
18.4456
19.0466
18.9689
19.0466
18.9937
18.5322
19.0465
18.5181
19.0096
18.3754
18.5232
19.0465
19.0446
19.0097
18.8426
19.0343
18.7881
18.5324
18.5236
19.0359
18.7397
18.5233
19.0432
19.0465
18.5232
19.0466
18.5232
18.8978
18.9732
18.6402
19.0359
19.0388
19.0053
18.7696
18.8945
18.953
19.0282
18.74
18.5159
19.0036
18.5158
18.5156
18.8817
18.5829
18.8727
18.8711
18.7329
18.5582
18.5017
18.4285
18.148
18.4625
17.887
18.035
18.5038
18.035
18.4855
18.379
18.1239
17.8648
17.8559
18.3013
18.2831
18.1807
18.3763
18.379
17.8556
18.2005
17.916
18.1694
18.1163
18.1148
18.1694
18.0023
18.0023
18.0853
17.6409
17.9629
18.0964
17.7232
17.9438
17.7232
17.8849
17.7512
17.9258
17.8001
17.9258
17.8762
17.8415
17.84
17.7362
17.7362
17.317
17.2118
17.6594
17.6504
17.569
17.5973
17.4958
17.5739
17.683
17.5485
17.6062
17.6062
17.6061
17.342
17.5865
17.5751
17.6056
17.5232
17.4921
17.0818
17.4029
17.4189
17.27
17.4646
17.4752
17.5153
17.4489
17.5249
17.5153
17.4463
17.4391
17.5249
17.2664
17.5249
17.4291
17.3771
17.0004
17.2813
17.3195
16.8537
17.268
17.3751
16.8517
17.3461
17.295
17.3771
17.295
17.3539
17.3236
17.3572
17.3648
17.3572
17.3662
17.3352
16.8429
16.8429
17.2928
16.3842
17.3389
17.3021
16.8406
17.2839
17.2699
16.8662
17.3074
17.0228
17.2699
17.2793
16.9909
17.3461
17.264
17.3461
16.961
17.2602
16.97
17.0876
16.7811
17.315
17.2192
17.261
16.7902
17.261
17.2353
16.8155
17.1487
17.2511
17.2353
17.3144
16.7865
17.2059
17.3144
17.2562
16.815
16.7896
17.2614
17.2565
17.2186
16.789
16.789
16.789
16.789
16.789
16.7767
16.4402
16.7321
16.7321
16.6429
16.2326
16.7211
16.6229
16.723
16.5969
16.723
16.7321
16.681
16.681
16.6683
16.6013
16.4225
16.6234
16.6271
16.5658
16.6172
16.681
16.6521
16.6271
16.5852
16.6653
16.3389
16.3389
16.3118
16.3389
15.8997
16.3387
16.275
16.3348
16.2236
16.2849
16.2629
16.3365
16.3388
16.2592
16.2518
16.3389
16.2751
16.2751
16.3389
16.2547
16.3389
16.2849
16.2547
16.0325
16.3389
15.8997
16.31
16.3389
16.3387
16.275
16.2491
16.3388
16.2297
16.243
16.238
15.9846
16.243
15.77
16.063
16.2297
16.0654
16.2427
16.063
16.2416
16.243
16.2265
16.243
16.0407
16.243
16.2265
16.1891
16.1278
15.9846
16.1589
16.1891
16.1855
15.949
16.2294
16.243
15.7782
16.243
16.1278
16.243
16.1633
16.212
15.7942
16.1911
16.1589
15.9845
16.212
16.1589
16.2407
16.2407
16.2368
16.1287
16.1566
16.2407
15.7782
16.2118
16.2118
16.2356
16.2019
16.1066
16.0571
16.2304
16.1066
16.0404
16.1831
16.2356
16.2407
16.2407
16.2097
16.2387
15.7699
16.1609
16.2384
16.1848
16.2251
16.1567
16.1047
15.9036
16.1313
16.1433
16.0249
15.6883
15.6883
16.1591
16.1591
16.0249
15.6966
16.159
16.025
16.159
16.1396
16.1051
16.1203
15.9036
15.7652
16.049
16.159
15.9103
16.1487
15.9036
15.9005
16.1051
16.0249
16.159
15.9036
16.159
16.0125
16.15
15.9748
15.6883
16.1051
15.6176
15.6176
15.1685
15.56
15.6039
15.6176
15.5636
15.1469
15.5866
15.4334
15.3581
15.6176
15.3591
15.1688
15.1551
15.1551
15.1178
15.1551
14.9708
14.8956
15.1551
15.1386
15.1551
15.1551
14.8966
15.1262
15.1394
15.1551
15.1366
15.071
15.1011
15.1231
15.0319
15.1448
15.1551
15.1551
15.1394
15.1551
15.1546
15.1551
15.0965
15.1551
14.9708
15.0399
14.8956
14.8956
14.8956
14.8668
14.4882
14.8956
14.8956
14.8771
14.8956
14.7804
14.8799
14.8115
14.5735
14.8799
14.8708
14.8411
14.8393
14.8511
14.8765
14.8519
14.8259
14.7647
14.8713
14.8758
14.8382
14.8501
14.8501
14.8501
14.8191
14.8096
14.7961
14.7961
14.7349
14.8181
14.7641
14.8091
14.8181
14.8181
14.4107
14.8181
14.8095
14.818
14.8147
14.7762
14.7893
14.7893
14.7052
14.3819
14.6741
14.6741
14.6741
14.6322
14.6604
14.6741
14.6741
14.6741
14.6623
14.6604
14.6328
14.6623
14.6733
14.6145
14.6654
14.6221
14.6741
14.6741
14.6739
14.6604
14.6741
14.6651
14.3368
14.6623
14.665
14.6741
14.6556
14.4893
14.6201
14.6201
14.6651
14.6319
14.6738
14.6198
14.6319
14.53
14.53
14.6464
14.5274
14.53
14.6738
14.5505
14.6738
14.375
14.6198
14.662
14.6218
14.6738
14.6651
14.6319
14.6738
14.646
14.4895
14.3881
14.4153
14.4066
14.4153
14.4153
14.3734
14.3989
14.3613
14.4016
14.3633
14.4153
14.4153
14.4066
14.2734
14.4153
14.4153
14.4153
14.4035
14.4035
14.3734
14.3945
14.3945
14.4035
14.3899
14.2187
14.4035
14.3144
14.2552
14.3617
14.4035
14.4035
14.4035
14.4035
14.4035
14.1873
14.2552
14.4035
14.4035
14.3945
14.2617
14.2726
14.3618
14.4035
14.4035
14.1154
14.4035
14.3841
14.2187
14.3899
13.5392
14.4027
14.3208
14.4027
14.4022
14.4027
14.3891
14.4027
14.4027
14.2544
14.4027
13.5384
14.4027
14.4027
14.2609
14.4027
14.3488
14.4027
14.4027
14.2795
14.3136
14.4027
14.3488
14.4027
14.2609
14.3611
14.3937
14.2609
14.2185
14.3611
13.5384
14.4027
14.4027
14.3891
14.4027
14.3937
14.1146
13.9449
13.9449
13.9449
13.8923
13.5131
13.8923
13.8832
13.8923
13.8923
13.8923
13.8923
13.4931
13.8921
13.8923
13.7455
13.6969
13.8511
13.8923
13.8836
13.8923
13.8745
13.791
13.6969
13.6775
13.6973
13.8504
13.8923
13.8645
13.8923
13.8923
13.8923
13.8383
13.5131
13.7184
13.8923
13.8383
13.8506
13.8923
13.8383
13.8836
13.8923
13.7455
13.8403
13.8836
13.76
13.8506
13.8506
13.6963
12.8363
13.7455
13.7455
13.7368
13.4931
13.7455
13.7178
13.5103
13.6915
13.7455
13.7368
13.7455
13.7455
13.7455
13.7455
13.4931
13.7455
13.7455
13.7455
13.7365
13.7455
13.7455
12.6384
13.6968
13.7365
13.7278
13.5626
13.7365
12.6294
13.7365
13.7278
13.7365
13.7365
13.7365
13.6948
13.484
13.6879
13.7365
13.7365
13.7365
13.7365
13.7365
13.7365
13.7365
13.7365
13.7278
13.7365
13.7365
13.5013
13.7365
13.6825
13.7365
13.6879
13.6825
13.484
13.504
13.7365
13.7278
13.7365
13.6344
12.6294
13.6825
13.7365
13.7361
13.4026
13.7365
13.2047
13.484
13.7365
13.7365
13.7344
13.484
13.7361
13.7365
13.484
13.484
13.7362
13.7365
13.7365
13.7365
13.7365
13.7365
13.5626
13.7365
13.6953
13.7365
13.7365
13.5405
13.7365
13.484
13.7365
13.7365
13.7365
13.5626
13.7365
13.7365
13.6948
13.4026
13.7365
13.7365
13.6948
13.7278
13.7363
13.484
13.7365
13.7365
13.7359
13.7365
13.7365
13.6948
13.6879
13.6948
13.484
13.518
13.7365
13.7365
13.484
13.7344
13.7201
13.2047
13.7365
13.6879
13.6825
13.2047
13.7365
13.6825
13.7365
13.7278
13.7365
13.7365
13.7348
13.6508
13.7365
13.7365
13.2047
13.7363
13.7365
13.6877
13.7365
13.7365
13.6845
13.6777
13.7365
13.518
13.7278
13.6825
13.7365
13.6948
13.7365
13.7365
13.6948
13.7021
13.6948
13.7365
13.6825
13.6777
13.6344
13.6344
13.5805
13.5805
13.5805
13.348
13.5805
13.5805
13.5327
13.328
13.2552
13.5076
13.2628
13.449
13.5076
13.44
13.3999
13.3355
13.5076
13.4598
13.4594
13.3531
13.5074
13.5055
13.5076
13.2628
13.3531
13.2552
13.4175
13.2628
13.3355
13.2552
13.3999
13.3531
13.4174
13.4174
13.4088
13.3758
13.2483
13.4021
13.3588
13.3696
13.4154
13.3957
13.4174
13.185
13.165
13.4174
13.3892
13.3692
13.2628
13.4174
13.4174
13.3957
13.4174
13.4174
13.4088
13.4174
13.4174
13.2628
13.3498
13.3892
13.199
13.4174
13.4174
13.383
13.4088
13.4174
13.4174
13.4174
13.4174
13.0835
12.3104
13.0835
12.8311
13.0833
13.0249
12.9144
13.0835
13.0249
13.0815
13.0683
13.0682
13.0835
13.0353
12.9289
13.0833
12.9113
13.0672
13.0835
13.0249
13.0835
13.0192
13.0764
13.0835
13.0419
13.028
12.8311
13.0835
13.0574
12.9144
13.0764
12.8311
13.0419
12.9144
12.9144
12.914
12.9144
12.9144
12.9144
12.8861
12.8731
12.9144
12.9144
12.7421
12.8861
12.9144
12.6619
12.6819
12.914
12.9143
12.8324
12.9144
12.9144
12.8467
12.9144
12.9144
12.8861
12.8968
12.8287
12.9144
12.9144
12.8559
12.8968
12.8559
12.8324
12.8324
12.8698
12.8861
12.8861
12.8185
12.8861
12.8517
12.7139
12.8861
12.7139
12.8449
12.8861
12.8861
12.6337
12.7822
12.6537
12.8861
12.8861
12.8596
12.6337
12.7315
12.8861
12.8445
12.8861
12.8861
12.8445
12.8861
12.6337
12.8277
12.6337
12.8841
12.8861
12.8686
12.8861
12.8042
12.8841
12.7294
12.8257
12.6656
12.8841
12.8841
12.7984
12.8841
12.8841
12.8841
12.8424
12.8841
12.6316
12.8841
12.8841
12.8841
12.6516
12.808
12.7118
12.8841
12.8841
12.8769
12.8841
12.8841
12.6316
12.8841
12.8841
12.8841
12.8841
12.6316
12.6316
12.6316
12.8021
12.8841
12.8841
12.8575
12.8575
12.8575
12.6852
12.6852
12.6852
12.6849
12.5996
12.6852
12.6852
12.6852
12.6852
12.6852
12.6852
12.6176
12.4328
12.6852
12.4328
12.6852
12.6852
12.6852
12.6852
12.6852
12.6436
12.6852
12.4328
12.4328
12.6374
12.6849
12.6852
12.6849
12.6849
12.6852
12.6852
12.6782
12.4328
12.6852
12.6852
12.6852
12.5567
12.6852
12.6852
12.637
12.4528
12.4328
12.6852
12.4328
12.4328
12.4328
12.4328
12.4328
12.4328
12.4328
12.4328
12.4328
12.3912
12.4328
12.4328
12.4328
12.4328
12.3912
12.4328
12.4328
12.4328
12.4328
10.7191
12.4328
12.4257
10.7191
12.4328
12.2844
12.4328
12.4328
12.4328
12.4328
12.4328
12.4198
12.2862
12.4328
12.4328
12.4328
12.4306
12.4328
12.3912
12.4328
12.2982
12.4328
12.4319
12.3912
12.4328
12.4328
12.4328
12.4328
12.4328
12.4328
12.4328
12.4319
10.7191
12.4328
12.4328
12.4328
12.4328
12.4328
12.3006
12.4328
12.4328
12.4328
12.3912
12.4328
12.4328
12.4328
12.4328
12.4328
12.4328
12.4328
12.4328
12.3912
12.4328
12.4328
12.4257
12.4328
12.4328
12.4328
12.4257
12.4198
12.4328
12.3912
12.4328
12.4328
12.3916
12.4328
12.4328
12.4257
12.4328
12.4328
12.2862
12.4328
12.4328
12.4315
12.4257
12.4328
12.4328
12.4316
12.4328
12.4328
12.4257
12.4328
12.3984
12.4328
12.4328
12.4328
12.4198
12.2862
12.4198
12.4328
12.4328
12.3984
12.4328
12.4328
12.4328
12.4328
12.4328
12.4328
12.4328
12.4328
12.4315
12.4328
12.4328
12.4328
12.3912
12.1812
12.3912
12.4328
12.1611
12.4328
12.4328
12.4328
12.4328
12.4328
12.3916
12.4328
12.4257
12.4328
12.4257
12.4328
12.4187
12.3912
12.4328
12.4328
12.4328
12.3912
12.3912
12.4328
12.4328
12.4328
12.4328
12.4328
12.4257
12.4328
12.4328
12.4328
12.4328
12.4328
12.4328
12.4328
12.4328
12.3912
12.4328
12.4257
10.7191
12.4328
12.4328
12.4328
12.4328
12.4319
12.4328
12.4328
12.4328
12.4328
12.4198
12.4328
12.4328
12.3984
12.4328
12.4328
12.4328
12.4316
12.4328
12.4328
12.4257
12.4328
12.4328
12.4328
12.4328
12.4328
12.4328
12.4328
12.4328
12.4328
12.4328
12.4294
12.4328
12.4328
12.1812
12.3909
12.4328
12.4328
12.3912
12.4328
12.4328
12.3912
12.4328
12.4328
12.4328
12.4328
12.4328
12.3984
12.4328
12.3916
12.4328
12.4328
12.4328
12.4328
12.4328
12.4328
12.4328
12.4328
12.4328
12.4328
12.4328
12.4328
12.3912
12.4325
12.3912
12.4328
12.4257
12.4328
12.4328
12.4328
12.4328
12.4328
12.4187
12.4328
12.4328
12.4328
12.4328
12.4198
12.4328
12.4328
12.4198
12.3912
12.4328
12.4328
12.4328
12.4328
12.4328
12.4328
12.4328
12.4328
12.4328
12.3912
12.4328
12.4328
12.4328
12.4328
12.4257
12.4187
12.4187
12.4187
12.4187
12.3912
12.4187
12.4187
12.4187
12.4117
12.4187
12.1606
12.4187
12.4187
12.4187
12.3771
12.4117
12.4117
12.1671
12.4187
12.4187
12.4187
12.4175
12.4187
12.4187
12.4187
12.4058
12.4187
12.4187
12.4117
12.4187
12.4187
12.4187
12.3769
12.2991
12.4058
12.4187
12.4117
12.4187
12.3771
12.4187
12.4187
12.4187
12.4187
12.4187
12.4187
12.4184
12.4175
12.4187
12.3769
12.4175
12.4187
12.4187
12.4165
12.4165
12.4165
12.4165
12.4165
12.3749
12.4165
12.4131
12.4165
12.4165
12.4165
12.4165
12.4165
12.4165
12.4165
12.4165
12.1649
12.4165
12.4165
12.4165
12.3749
12.4165
12.4165
12.3746
12.4165
12.4165
12.4165
12.4165
12.4095
12.4095
12.4165
12.4165
12.4131
12.4165
12.4165
12.4165
12.4095
12.4165
12.3749
12.4165
12.4165
12.4165
12.4165
12.3753
12.4153
12.1649
12.4165
12.4165
12.4153
12.4165
12.3753
12.4165
12.3749
12.4165
12.4165
12.4165
12.4165
12.4165
12.4165
12.4095
12.4165
12.4165
12.4095
11.7881
12.4165
12.4165
12.4165
12.3749
12.4165
12.4095
12.4165
12.4165
12.4165
12.3753
12.3749
12.3753
12.4165
12.4165
12.4165
12.4165
12.4165
12.4165
12.4165
12.4165
12.4165
12.4165
12.4165
12.4165
12.4165
12.2681
12.4152
12.4165
12.4165
12.4165
12.4165
12.4165
12.4165
12.4165
12.4152
12.4165
12.4165
12.4153
12.4035
12.2681
12.4165
12.4165
12.4165
12.4165
12.4165
12.4165
12.4165
12.4165
12.4165
12.1649
12.4165
12.4165
12.4165
12.4165
12.4165
12.4165
12.4095
12.4165
12.4165
12.4165
12.4165
12.4165
12.4165
12.4165
12.4165
12.4165
12.4165
12.4165
12.4165
12.4165
12.4165
12.4165
12.4165
12.4165
12.4165
12.4165
12.4165
12.4165
12.4165
12.4165
12.4095
12.4165
12.4165
12.4095
12.3749
12.4165
12.4165
12.4165
12.2681
12.4165
12.4165
12.4165
12.4165
12.4165
12.3749
10.6658
10.6658
10.6658
10.6658
10.624
10.6658
10.4801
10.6533
10.6533
10.6533
10.6474
10.6533
10.6003
10.6533
10.6533
10.6533
10.6533
10.53
10.6255
10.6533
10.6533
10.4495
10.5712
10.5528
10.6533
10.5707
10.6533
10.5803
10.6533
10.5901
10.6533
10.4037
10.6533
10.6533
10.6533
10.6533
10.6533
10.6533
10.6533
10.6533
10.5528
10.3866
10.3428
10.5901
10.6404
10.6533
10.6117
10.6533
10.6474
10.6533
10.6533
10.3866
10.5901
10.5901
10.5901
10.4895
10.5901
10.1517
10.5901
10.5901
10.5901
10.2776
10.579
10.579
10.5371
10.2776
10.53
10.5901
10.5745
10.2776
10.5157
10.5157
10.4741
10.4082
10.4082
10.4082
10.3738
10.4082
10.3366
10.4071
10.3345
10.2825
10.4082
10.4082
10.2825
10.4082
10.4082
10.3971
10.4082
10.0948
10.4082
10.3971
10.0954
10.2653
10.4079
10.4082
10.4082
9.96846
10.4082
10.4082
10.217
10.2133
10.0948
10.2133
10.1403
10.2133
10.2113
10.2133
10.2133
10.2133
10.1624
10.1624
10.2133
10.2113
10.1836
10.2133
10.1836
10.2133
10.2133
10.2133
10.2021
10.2133
10.2113
10.2133
10.2133
9.88043
10.2133
10.2133
10.2133
10.2132
10.2132
10.2132
10.2121
10.2132
10.2132
10.2132
10.0221
10.2021
10.2132
9.73756
10.1403
10.2132
10.2132
10.2132
10.2132
10.2132
10.2132
10.2132
10.2132
10.2021
10.2132
10.2132
10.141
10.2132
10.2056
10.2132
9.88042
10.202
10.2121
10.2113
10.2121
10.2121
10.2121
10.2121
10.2121
10.2121
10.2121
10.1748
10.2113
10.1748
10.2121
10.2121
9.44627
10.1399
10.2121
10.2121
10.2121
10.201
10.2121
10.2121
10.201
10.2121
10.2121
9.44627
10.2121
10.2121
10.2121
10.201
10.2121
10.2121
10.2121
10.2121
10.1392
10.1392
10.1392
10.1392
10.1392
10.1392
10.1281
10.1281
10.1281
10.1281
10.1281
10.1281
10.1281
9.54015
10.1281
10.1281
10.1281
10.1281
10.1281
10.1281
10.1281
10.1281
10.1281
10.1281
10.1281
9.94277
10.1281
10.1272
10.1281
10.1281
10.1281
10.1281
10.1272
9.65238
10.1272
10.1281
10.1281
10.1281
10.1281
10.0747
10.1281
10.1281
10.1281
10.127
10.1281
10.1281
10.0908
9.9663
9.9663
9.9663
9.9663
9.9663
9.65092
9.9663
9.9663
9.89237
9.9663
9.54015
9.9663
9.9663
9.9663
9.65092
9.9663
9.89237
9.9663
9.68747
9.96543
9.56305
9.38723
9.10751
9.0472
8.99704
8.99704
8.99704
8.94751
8.94751
8.99704
8.99704
8.99704
8.99704
8.81174
8.99704
8.74768
8.99704
8.99704
8.74768
8.99704
8.91928
8.68136
8.68136
8.9184
8.9184
8.91928
8.91928
8.91928
8.91928
8.91928
8.91928
8.44359
8.91928
8.1534
8.68136
8.91928
8.8087
8.91928
8.91928
8.91928
8.9184
8.44359
8.86741
8.86741
8.86741
8.86741
8.86741
8.81404
8.86741
8.86741
8.86653
8.86741
8.79213
8.75664
8.67622
8.86741
8.86741
8.86741
8.86653
8.86741
8.53457
8.86741
8.86741
8.86741
8.86741
8.86741
8.86741
8.86741
8.85846
8.86741
8.86741
8.86741
8.86653
8.86741
8.86741
8.79213
8.86741
8.85846
8.86271
8.86741
8.86741
8.86741
8.86741
8.86271
8.67622
8.86741
8.79213
8.86741
8.86741
8.86741
8.72449
8.86271
8.79213
8.79213
8.72449
8.86741
8.72449
8.86741
8.86653
8.86741
8.86741
8.86741
8.86741
8.75664
8.79213
8.79329
8.86741
8.79329
8.39172
8.85846
8.75664
8.86741
8.86741
8.86741
8.86741
8.85846
8.79213
8.86741
8.86741
8.86741
8.86653
8.86741
8.86741
8.86271
8.75664
8.86741
8.86741
8.86653
8.86741
8.79329
8.86741
8.86741
8.86741
8.86653
8.86741
8.86741
8.86741
8.79213
8.86741
8.86741
8.86741
8.86271
8.86741
8.86741
8.86741
8.86741
8.86741
8.86741
8.86741
8.62016
8.86741
8.85846
8.75664
8.86741
8.86741
8.86271
8.86741
8.83011
8.86741
8.86741
8.86741
8.86741
8.86741
8.86741
8.86741
8.85846
8.85846
8.86741
8.84549
8.86741
8.86271
8.86741
8.86741
8.86741
8.10153
8.86741
8.86271
8.79329
8.86741
8.86741
8.86741
8.79329
8.86741
8.86741
8.79213
8.86741
8.86741
8.79213
8.86741
8.86741
8.67622
8.75664
8.86741
8.86741
8.86741
8.86741
8.86271
8.79213
8.86741
8.75664
8.86741
8.86741
8.86741
8.86741
8.86741
8.83011
8.86741
8.86741
8.86741
8.86741
8.86741
8.86741
8.86741
8.86271
8.53457
8.86741
8.86741
8.79329
8.83011
8.86741
8.86271
8.86741
8.68212
8.86741
8.86741
8.86741
8.75664
8.86741
8.86741
8.86741
8.86741
8.86653
8.86741
8.86741
8.86653
8.75664
8.86741
8.86741
8.86741
8.86741
8.68212
8.86741
8.86653
8.76181
8.86741
8.86741
8.10153
8.86741
8.68212
8.86741
8.86741
8.86741
8.84114
8.86741
8.85846
8.86741
8.86741
8.86741
8.85846
8.10153
8.86741
8.86741
8.86741
8.86741
8.86741
8.86653
8.86741
8.79213
8.86741
8.86741
8.79213
8.86741
8.85846
8.86741
8.86741
8.79213
8.86741
8.86653
8.85846
8.86741
8.86741
8.86741
8.86741
8.79329
8.79213
8.81429
8.79329
8.75664
8.75664
8.75664
8.75664
8.75664
8.75576
8.75664
8.75664
8.70327
8.75664
8.75664
8.75664
8.75664
8.75664
8.75664
8.75664
8.75664
8.75664
8.4238
8.75664
8.75664
8.75664
8.74768
8.68136
8.75664
8.75664
8.75664
8.75664
8.68136
8.75664
8.75664
8.75664
8.75664
8.75664
8.75664
8.68136
8.75664
8.68136
8.75664
8.75664
8.75664
8.75664
8.75576
8.75664
8.75664
8.75664
8.75664
8.75664
8.57134
8.75664
8.75664
8.75664
8.75576
8.75664
8.75664
8.75664
8.75664
8.75664
8.75664
8.75194
8.75664
8.68136
8.75664
8.75664
8.75576
8.75664
8.75194
8.71934
8.68136
8.75664
8.75664
8.75664
8.75664
8.75664
8.75664
8.75664
8.75664
7.99076
8.75194
8.75664
8.28095
8.68136
8.71934
8.75664
8.75664
8.75664
8.75664
8.71934
8.57134
8.4238
8.75664
8.75664
8.74768
8.75664
8.56545
8.75664
8.75664
8.75664
8.75664
8.75664
8.75664
8.75664
8.74768
8.75664
8.57134
8.75576
8.73037
8.75664
8.75664
8.75664
8.75664
8.75576
8.75664
8.75664
8.61372
8.75664
8.75664
8.75664
8.74535
8.75664
8.75664
8.75664
8.61372
8.61372
8.61372
8.61372
8.53844
8.53844
8.53844
8.61372
8.61372
8.61372
8.61372
8.60902
8.61372
8.53844
8.61372
8.5981
8.61372
8.61284
8.61372
8.61372
8.61284
8.61372
8.61284
8.61372
8.61372
8.5785
8.61372
8.61372
8.61372
8.61372
8.61372
8.60477
8.60477
8.61372
8.52109
8.36502
8.61372
8.61372
8.61372
8.61372
8.60831
8.61372
8.09877
8.61372
8.61372
8.61372
8.36502
8.61372
8.61372
8.61372
8.61372
8.22521
8.61372
8.61372
8.61372
8.61372
8.61372
8.61372
8.61372
8.5393
8.61372
8.53844
8.61372
8.59659
8.61284
8.61372
8.61284
8.61372
8.54461
8.61372
8.61372
8.53844
8.54461
8.61372
8.61372
8.53106
8.52109
8.61372
8.61372
8.61372
8.60902
8.61372
8.5981
8.53844
8.61372
8.60477
8.61372
8.60902
8.61372
8.61372
8.61372
8.5785
8.61372
8.5785
8.54284
8.61372
8.61372
8.53844
8.61372
8.61372
8.61372
8.61372
8.09877
8.61372
8.61372
8.60831
8.53844
8.61372
8.61372
8.61372
8.61372
8.57385
8.61372
8.53844
8.61372
8.61372
8.61372
8.61372
8.61372
8.61372
8.61372
8.53844
8.60477
8.61372
8.61372
8.61372
8.59969
8.61372
8.54461
8.61372
8.61372
8.61372
8.61372
8.53844
8.61372
8.23764
8.61372
8.61372
8.60902
8.61372
8.53106
8.61372
8.61372
8.09877
8.61372
8.61372
8.61372
8.61372
8.61372
8.61372
8.61372
8.40546
8.61372
8.61372
8.61372
8.61372
8.53106
8.61372
8.60477
8.61372
8.61372
8.61372
8.61372
8.61372
8.61372
8.61284
8.61372
8.53844
8.61372
8.61372
8.54461
8.61372
8.61372
8.40546
8.61372
8.61372
8.61372
8.53106
8.61372
8.61372
8.52109
8.22521
8.52109
8.52109
8.52109
8.52109
8.09877
8.2895
8.52109
8.52109
8.31283
8.13258
8.52109
8.33056
8.52109
8.09877
8.52109
8.52109
8.3018
8.52109
8.2895
8.48587
8.41333
8.52109
8.2895
8.52109
8.52109
8.2895
8.41246
8.52109
8.41264
8.52109
8.3429
8.44581
8.33056
8.52021
8.52109
8.52109
8.44581
8.52109
8.52109
8.52109
8.11136
8.11136
8.11113
8.08359
8.11136
8.11136
7.72285
8.11136
8.04048
7.99856
8.11136
8.11048
8.11136
8.11136
8.11136
8.11136
8.11136
8.10241
8.11136
8.11136
8.11116
8.11048
8.10574
8.03608
8.11136
8.11136
8.0856
8.11136
8.11136
8.02107
7.86266
7.99856
8.11055
8.11136
8.11136
7.85639
8.03608
8.10241
8.10241
8.10153
8.10241
8.10241
8.1016
8.10221
8.10241
8.10241
8.10241
8.1016
8.10241
8.08981
8.10241
8.09679
8.10241
8.10241
8.0333
8.0333
8.0333
7.7832
7.96697
7.96697
8.0333
8.0333
8.03257
8.0333
7.81429
7.81429
8.03257
8.0333
8.0333
8.0333
8.0333
7.72737
7.7832
8.0333
8.0333
8.0333
8.03257
8.0333
8.0333
8.0333
8.0333
8.0333
7.72088
8.0333
8.0333
8.03267
7.52296
8.03257
8.0333
7.78287
8.03309
7.97896
7.97896
7.97896
7.97896
7.1579
7.97896
7.97863
7.97896
7.97896
7.97896
7.97896
7.72088
7.72724
7.91263
7.94185
7.52296
7.72737
7.66105
7.66105
7.72737
7.52221
7.66105
7.66105
7.48585
7.72737
7.72737
7.48585
7.72737
7.72737
7.72737
7.72737
7.66105
7.72737
7.72737
7.72737
7.69027
7.72737
7.69027
7.72724
7.72737
7.72737
7.72724
7.72737
7.69027
7.69027
7.69027
7.69027
7.68371
7.69027
7.46863
7.69014
7.69027
7.52215
7.69027
7.69027
7.69027
7.43003
7.69027
6.86872
7.69027
7.69027
7.27409
7.69027
7.43003
7.69027
7.52221
7.69027
7.46719
7.69027
7.62394
7.64845
7.69027
7.69027
7.52215
7.48585
7.69027
7.46719
7.69014
7.69014
6.86872
7.69027
7.69027
7.69027
7.69027
7.69027
7.69027
7.69027
7.69027
7.43003
7.69027
7.48585
7.69027
7.69027
7.69027
7.69027
7.69027
7.62394
7.69027
7.69027
7.69027
7.69027
7.69027
7.62394
7.52215
7.69027
7.69027
7.69027
7.52296
7.69027
7.69027
7.69027
7.69027
7.69027
7.69027
7.69027
7.43003
7.69027
7.69027
7.69027
7.48585
7.69027
7.69027
7.69027
7.69027
7.69027
7.43003
7.43003
7.52215
7.62394
7.69027
7.48585
7.69027
7.62394
7.62394
7.69014
7.43003
7.52221
7.69027
7.52296
7.69027
7.52221
7.43003
7.46719
7.20777
7.46719
7.46719
7.46719
7.46719
7.46719
7.46719
7.43003
7.46719
7.46719
7.46719
7.46706
7.46719
7.46719
7.46719
7.46719
7.46706
7.46706
7.46719
7.46719
7.46719
7.40087
7.46719
7.46719
7.46706
7.46719
7.46719
7.40087
7.46719
7.46719
7.46719
7.46719
7.46719
7.46719
7.46719
7.46719
7.46719
7.46706
7.46719
7.46706
7.46719
7.38775
7.46719
7.46719
7.24555
7.40087
7.43003
7.43003
6.60848
7.43003
7.43003
7.43003
7.3637
7.43003
7.43003
7.43003
7.4299
7.43003
7.4299
7.43003
7.43003
7.43003
7.3637
7.43003
7.43003
6.60848
7.3637
7.43003
7.43003
7.43003
7.43003
7.43003
7.43003
7.4299
7.43003
7.43003
7.35058
7.3637
7.3637
7.3637
7.3637
7.3637
7.3637
7.3637
7.3637
7.36357
7.3637
7.3637
7.3637
7.3637
7.3637
7.3637
7.3637
7.3637
7.3637
7.3637
7.3637
7.3637
7.3637
7.3637
7.3637
7.3637
7.3637
7.3637
7.32188
6.54215
7.3637
7.3637
7.3637
7.3637
7.3637
7.3637
7.3637
7.36357
7.3637
7.3637
7.3637
7.3637
7.3637
7.3637
7.3637
7.3637
7.3637
7.32188
7.3637
7.3637
7.3637
7.3637
7.3637
7.3637
7.36357
7.3637
7.3637
7.3637
7.3637
7.3637
7.3637
7.3637
7.3637
7.3637
7.3637
7.3637
7.36357
7.3637
7.3637
7.3637
7.3637
7.3637
7.3637
7.3637
7.3637
7.3637
7.3637
7.3637
7.3637
7.3637
7.3637
7.3637
7.3637
7.3637
7.3637
7.3637
7.36357
7.3637
7.3637
7.3637
7.3637
7.3637
7.3637
7.3637
6.94752
7.36357
7.3637
7.3637
7.3637
7.3637
7.3637
7.3637
7.3637
7.3637
7.3637
7.3637
7.36357
7.36357
7.36357
7.36357
7.36357
7.36357
7.36357
7.36357
7.36357
7.36357
7.36357
7.36357
7.36357
7.24233
7.36357
7.36357
7.36357
7.36357
7.36357
7.36357
7.36357
7.36357
7.36357
7.36357
7.36357
7.36357
7.36357
7.36357
7.36357
7.36357
7.36357
7.36357
7.36357
7.36357
7.36357
7.36357
7.36357
7.36357
7.36357
7.36357
7.36357
7.36357
7.36357
7.36357
7.36357
7.36357
7.36357
7.36357
7.36357
7.36357
7.36357
7.36357
7.36357
7.36357
6.94739
7.36357
7.36357
7.36357
7.36357
7.36357
7.36357
7.36357
7.36357
7.36357
7.36357
7.36357
7.36357
7.36357
7.36357
7.36357
7.36357
7.36357
7.36357
7.36357
7.36357
7.36357
7.36357
7.36357
7.36357
7.36357
6.94739
7.36357
7.36357
7.36357
7.36357
7.36357
7.36357
7.36357
7.36357
7.36357
7.36357
7.36357
7.36357
7.36357
7.36357
7.36357
7.18067
7.36357
7.36357
7.36357
7.36357
7.36357
7.36357
7.36357
7.36357
7.36357
7.36357
7.36357
7.36357
7.36357
7.36357
7.36357
7.36357
7.36357
7.36357
7.36357
7.36357
7.10011
7.24233
7.36357
7.36357
7.36357
7.36357
7.36357
7.36357
7.36357
7.36357
6.54202
7.36357
7.36357
7.36357
7.36357
7.36357
7.36357
7.36357
7.36357
7.36357
7.36357
7.36357
7.36357
7.36357
7.36357
7.36357
7.36357
7.36357
7.36357
7.36357
7.36357
7.36357
6.94739
6.94739
6.94739
6.94739
6.94739
6.94739
6.94739
6.94739
6.94739
6.94739
6.94739
6.94739
6.94739
6.94739
6.94739
6.94739
6.82615
6.94739
6.94739
6.94739
6.94739
6.94739
6.94739
6.94739
6.94739
6.94739
6.94739
6.94739
6.94739
6.94739
6.94739
6.94739
6.94739
6.94739
6.94739
6.94739
6.94739
6.94739
6.94739
6.94739
6.94739
6.94739
6.94739
6.94739
6.94739
6.94739
6.94739
6.94739
6.94739
6.94739
6.94739
6.94739
6.94739
6.94739
6.94739
6.94739
6.94739
6.94739
6.94739
6.94739
6.94739
6.94739
6.94739
6.94739
6.94739
6.94739
6.94739
6.94739
6.94739
6.94739
6.94739
6.94739
6.94739
6.94739
6.94739
6.94739
6.94739
6.54202
6.94739
6.94739
6.94739
6.94739
6.94739
6.94739
6.94739
6.94739
6.94739
6.94739
6.94739
6.94739
6.94739
6.94739
6.94739
6.94739
6.94739
6.94739
6.94739
6.94739
6.94739
6.94739
6.94739
6.94739
6.94739
6.94739
6.94739
6.94739
6.94739
6.94739
6.94739
6.94739
6.94739
6.94739
6.54202
6.94739
6.94739
6.94739
6.94739
6.94739
6.94739
6.94739
6.94739
6.94739
6.94739
6.94739
6.94739
6.94739
6.94739
6.94739
6.94739
6.94739
6.94739
6.94739
6.54202
6.94739
6.94739
6.94739
6.94739
6.94739
6.94739
6.94739
6.94739
6.94739
6.94739
6.94739
6.94739
6.94739
6.94739
6.94739
6.94739
6.82615
6.94739
6.94739
6.94739
6.94739
6.94739
6.94739
6.66472
6.94739
6.94739
6.94739
6.94739
6.94739
6.94739
6.94739
6.94739
6.94739
6.94739
6.94739
6.94739
6.94739
6.94739
6.94739
6.94739
6.82615
6.94739
6.94739
6.94739
6.94739
6.94739
6.94739
6.94739
6.94739
6.94739
6.94739
6.94739
6.94739
6.94739
6.94739
6.94739
6.94739
6.94739
6.94739
6.94739
6.94739
6.94739
6.94739
6.94739
6.94739
6.94739
6.94739
6.94739
6.94739
6.68394
6.94739
6.94739
6.94739
6.94739
6.94739
6.94739
6.94739
6.94739
6.94739
6.94739
6.94739
6.94739
6.94739
6.94739
6.94739
6.94739
6.94739
6.94739
6.94739
6.94739
6.94739
6.94739
6.94739
6.94739
6.94739
6.94739
6.94739
6.94739
6.94739
6.94739
6.94739
6.94739
6.94739
6.94739
6.94739
6.94739
6.94739
6.94739
6.94739
6.94739
6.94739
6.94739
6.94739
6.94739
6.94739
6.94739
6.94739
6.94739
6.94739
6.94739
6.94739
6.94739
6.94739
6.54202
6.94739
6.94739
6.94739
6.94739
6.94739
6.94739
6.94739
6.94739
6.94739
6.94739
6.94739
6.94739
6.94739
6.94739
6.94739
6.94739
6.94739
6.94739
6.94739
6.68394
6.68394
6.94739
6.94739
6.94739
6.94739
6.94739
6.94739
6.94739
6.94739
6.54202
6.94739
6.94739
6.94739
6.94739
6.94739
6.94739
6.94739
6.94739
6.94739
6.94739
6.94739
6.94739
6.94739
6.94739
6.94739
6.94739
6.94739
6.94739
6.94739
6.94739
6.94739
6.94739
6.94739
6.94739
6.82615
6.94739
6.94739
6.94739
6.94739
6.94739
6.94739
6.94739
6.94739
6.94739
6.94739
6.66472
6.94739
6.94739
6.94739
6.94739
6.94739
6.94739
6.94739
6.94739
6.94739
6.94739
6.94739
6.94739
6.94739
6.94739
6.94739
6.94739
6.94739
6.94739
6.94739
6.94739
6.94739
6.94739
6.94739
6.94739
6.94739
6.94739
6.94739
6.94739
6.94739
6.94739
6.94739
6.94739
6.94739
6.94739
6.94739
6.94739
6.94739
6.94739
6.94739
6.94739
6.94739
6.94739
6.94739
6.94739
6.94739
6.94739
6.94739
6.94739
6.94739
6.94739
6.94739
6.94739
6.94739
6.94739
6.94739
6.94739
6.94739
6.94739
6.94739
6.94739
6.94739
6.68394
6.94739
6.68394
6.94739
6.94739
6.94739
6.94739
6.94739
6.94739
6.94739
6.94739
6.94739
6.94739
6.94739
6.94739
6.94739
6.94739
6.94739
6.94739
6.94739
6.94739
6.94739
6.94739
6.94739
6.94739
6.94739
6.94739
6.94739
6.94739
6.94739
6.94739
6.94739
6.94739
6.94739
6.94739
6.94739
6.94739
6.94739
6.94739
6.94739
6.94739
6.94739
6.94739
6.94739
6.94739
6.94739
6.94739
6.82615
6.94739
6.94739
6.94739
6.94739
6.94739
6.94739
6.94739
6.94739
6.94739
6.94739
6.94739
6.94739
6.94739
6.94739
6.94739
6.94739
6.94739
6.66472
6.94739
6.94739
6.94739
6.94739
6.94739
6.54202
6.94739
6.94739
6.94739
6.94739
6.94739
6.94739
6.82615
6.94739
6.94739
6.94739
6.82615
6.94739
6.94739
6.94739
6.94739
6.68394
6.68394
6.68394
6.68394
6.68394
6.68394
6.68394
6.68394
6.68394
6.68394
6.68394
6.68394
6.27856
6.68394
6.68394
6.68394
6.68394
6.68394
6.68394
6.68394
6.68394
6.68394
6.68394
6.68394
6.68394
6.68394
6.27856
6.68394
6.68394
6.68394
6.68394
6.68394
6.68394
6.68394
6.68394
6.68394
6.68394
6.68394
6.68394
6.68394
6.68394
6.68394
6.68394
6.68394
6.68394
6.68394
6.68394
6.68394
6.68394
6.68394
6.68394
6.68394
6.68394
6.68394
6.68394
6.68394
6.68394
6.68394
6.68394
6.68394
6.68394
6.68394
6.68394
6.68394
6.68394
6.68394
6.68394
6.68394
6.68394
6.68394
6.68394
6.68394
6.68394
6.68394
6.68394
6.68394
6.68394
6.68394
6.68394
6.68394
6.68394
6.68394
6.68394
6.68394
6.68394
6.68394
6.68394
6.68394
6.68394
6.68394
6.68394
6.68394
6.68394
6.68394
6.68394
6.68394
6.68394
6.68394
6.68394
6.68394
6.68394
6.68394
6.68394
6.68394
6.68394
6.68394
6.68394
6.68394
6.68394
6.68394
6.68394
6.68394
6.68394
6.68394
6.68394
6.68394
6.68394
6.68394
6.68394
6.68394
6.68394
6.68394
6.68394
6.68394
6.68394
6.68394
6.68394
6.68394
6.68394
6.68394
6.68394
6.68394
6.68394
6.68394
6.68394
6.68394
6.68394
6.40126
6.68394
6.68394
6.68394
6.68394
6.68394
6.68394
6.68394
6.68394
6.68394
6.68394
6.68394
6.68394
6.68394
6.68394
6.68394
6.68394
6.68394
6.68394
6.68394
6.68394
6.68394
6.68394
6.68394
6.68394
6.68394
6.68394
6.68394
6.68394
6.68394
6.68394
6.68394
6.68394
6.68394
6.68394
6.68394
6.68394
6.68394
6.68394
6.68394
6.68394
6.68394
6.68394
6.68394
6.68394
6.68394
6.68394
6.68394
6.68394
6.68394
6.68394
6.68394
6.68394
6.68394
6.68394
6.68394
6.68394
6.68394
6.68394
6.68394
6.68394
6.68394
6.68394
6.68394
6.68394
6.68394
6.68394
6.68394
6.68394
6.68394
6.68394
6.68394
6.68394
6.68394
6.68394
6.68394
6.68394
6.68394
6.68394
6.68394
6.68394
6.68394
6.68394
6.68394
6.68394
6.68394
6.68394
6.68394
6.68394
6.68394
6.68394
6.68394
6.68394
6.68394
6.68394
6.68394
6.68394
6.68394
6.68394
6.68394
6.68394
6.68394
6.68394
6.68394
6.68394
6.68394
6.68394
6.68394
6.68394
6.68394
6.68394
6.68394
6.68394
6.68394
6.68394
6.68394
6.68394
6.68394
6.68394
6.68394
6.68394
6.68394
6.68394
6.68394
6.68394
6.68394
6.68394
6.68394
6.68394
6.68394
6.68394
6.68394
6.68394
6.68394
6.68394
6.68394
6.68394
6.68394
6.68394
6.68394
6.40126
6.68394
6.27856
6.68394
6.68394
6.68394
6.68394
6.68394
6.68394
6.68394
6.68394
6.68394
6.68394
6.68394
6.68394
6.68394
6.68394
6.68394
6.68394
6.68394
6.68394
6.68394
6.68394
6.68394
6.68394
6.68394
6.68394
6.68394
6.68394
6.68394
6.68394
6.68394
6.68394
6.68394
6.68394
6.68394
6.68394
6.68394
6.68394
6.68394
6.68394
6.68394
6.68394
6.68394
6.68394
6.68394
6.68394
6.68394
6.68394
6.68394
6.68394
6.68394
6.68394
6.68394
6.68394
6.40126
6.68394
6.68394
6.68394
6.68394
6.68394
6.68394
6.68394
6.68394
6.68394
6.68394
6.68394
6.68394
6.68394
6.68394
6.68394
6.68394
6.68394
6.68394
6.68394
6.68394
6.68394
6.68394
6.68394
6.68394
6.27856
6.68394
6.68394
6.68394
6.68394
6.27856
6.68394
6.68394
6.68394
6.68394
6.68394
6.68394
6.68394
6.68394
6.68394
6.68394
6.68394
6.68394
6.68394
6.68394
6.68394
6.68394
6.68394
6.68394
6.68394
6.68394
6.68394
6.68394
6.68394
6.68394
6.68394
6.68394
6.68394
6.68394
6.68394
6.68394
6.68394
6.68394
6.68394
6.68394
6.68394
6.68394
6.68394
6.68394
6.68394
6.68394
6.68394
6.68394
6.68394
6.68394
6.68394
6.68394
6.68394
6.68394
6.68394
6.68394
6.68394
6.68394
6.68394
6.68394
6.68394
6.68394
6.68394
6.68394
6.68394
6.68394
6.68394
6.68394
6.68394
6.68394
6.68394
6.68394
6.68394
6.68394
6.68394
6.68394
6.68394
6.68394
6.68394
6.68394
6.68394
6.68394
6.68394
6.68394
6.68394
6.68394
6.68394
6.68394
6.68394
6.68394
6.68394
6.68394
6.40126
6.68394
6.68394
6.68394
6.68394
6.68394
6.68394
6.68394
6.68394
6.68394
6.27856
6.27856
6.27856
6.27856
6.27856
6.27856
6.27856
6.27856
6.27856
6.27856
6.27856
6.27856
6.27856
6.27856
6.27856
6.27856
6.27856
6.27856
6.27856
6.27856
6.27856
6.27856
6.27856
6.27856
6.27856
6.27856
6.27856
6.27856
6.27856
6.27856
6.27856
6.27856
6.27856
6.27856
6.27856
6.27856
6.27856
6.27856
6.27856
6.27856
6.27856
6.27856
6.27856
6.27856
6.27856
6.27856
6.27856
6.27856
6.27856
6.27856
6.27856
6.27856
6.27856
6.27856
6.27856
6.27856
6.27856
6.27856
6.27856
6.27856
6.27856
6.27856
6.27856
6.27856
6.27856
6.27856
6.27856
6.27856
6.27856
6.27856
6.27856
6.27856
6.27856
6.27856
6.27856
6.27856
6.27856
6.27856
6.27856
6.27856
6.27856
6.27856
6.27856
6.27856
6.27856
6.27856
6.27856
6.27856
6.27856
6.27856
6.27856
6.27856
6.27856
6.27856
6.27856
6.27856
6.27856
6.27856
6.27856
6.27856
6.27856
6.27856
6.27856
6.27856
6.27856
6.27856
6.27856
6.27856
6.27856
6.27856
6.27856
6.27856
6.27856
6.27856
6.27856
6.27856
6.27856
6.27856
6.27856
6.27856
6.27856
6.27856
6.27856
6.27856
6.27856
6.27856
6.27856
6.27856
6.27856
6.27856
6.27856
6.27856
6.27856
6.27856
6.27856
6.27856
6.27856
6.27856
6.27856
6.27856
6.27856
6.27856
6.27856
6.27856
6.27856
6.27856
6.27856
6.27856
6.27856
6.27856
6.27856
6.27856
6.27856
6.27856
6.27856
6.27856
6.27856
6.27856
6.27856
6.27856
6.27856
6.27856
6.27856
6.27856
6.27856
6.27856
6.27856
6.27856
6.27856
6.27856
6.27856
6.27856
6.27856
6.27856
6.27856
6.27856
6.27856
6.27856
6.27856
6.27856
6.27856
6.27856
6.27856
6.27856
6.27856
6.27856
6.27856
6.27856
6.27856
6.27856
6.27856
6.27856
6.27856
6.27856
6.27856
6.27856
6.27856
6.27856
6.27856
6.27856
6.27856
6.27856
6.27856
6.27856
6.27856
6.27856
6.27856
6.27856
6.27856
6.27856
6.27856
6.27856
6.27856
6.27856
6.27856
6.27856
6.27856
6.27856
6.27856
6.27856
6.27856
6.27856
6.27856
6.27856
6.27856
6.27856
6.27856
6.27856
6.27856
6.27856
6.27856
6.27856
6.27856
6.27856
6.27856
6.27856
6.27856
6.27856
6.27856
6.27856
6.27856
6.27856
6.27856
6.27856
6.27856
6.27856
6.27856
6.27856
6.27856
6.27856
6.27856
6.27856
6.27856
6.27856
6.27856
6.27856
6.27856
6.27856
6.27856
6.27856
6.27856
6.27856
6.27856
6.27856
6.27856
6.27856
6.27856
6.27856
6.27856
6.27856
6.27856
6.27856
6.27856
6.27856
6.27856
6.27856
6.27856
6.27856
6.27856
6.27856
6.27856
6.27856
6.27856
6.27856
6.27856
6.27856
6.27856
6.27856
6.27856
6.27856
6.27856
6.27856
6.27856
6.27856
6.27856
6.27856
6.27856
6.27856
6.27856
6.27856
6.27856
6.27856
6.27856
6.27856
6.27856
6.27856
6.27856
6.27856
6.27856
6.27856
6.27856
6.27856
6.27856
6.27856
6.27856
6.27856
6.27856
6.27856
6.27856
6.27856
6.27856
6.27856
6.27856
6.27856
6.27856
6.27856
6.27856
6.27856
6.27856
6.27856
6.27856
6.27856
6.27856
6.27856
6.27856
6.27856
6.27856
6.27856
6.27856
6.27856
6.27856
6.27856
6.27856
6.27856
6.27856
6.27856
6.27856
6.27856
6.27856
6.27856
6.27856
6.27856
6.27856
6.27856
6.27856
6.27856
6.27856
6.27856
6.27856
6.27856
6.27856
6.27856
6.27856
6.27856
6.27856
6.27856
6.27856
6.27856
6.27856
6.27856
6.27856
6.27856
6.27856
6.27856
6.27856
6.27856
6.27856
6.27856
6.27856
6.27856
6.27856
6.27856
6.27856
6.27856
6.27856
6.27856
6.27856
6.27856
6.27856
6.27856
6.27856
6.27856
6.27856
6.27856
6.27856
6.27856
6.27856
6.27856
6.27856
6.27856
6.27856
6.27856
6.27856
6.27856
6.27856
6.27856
6.27856
6.27856
6.27856
6.27856
6.27856
6.27856
6.27856
6.27856
6.27856
6.27856
6.27856
6.27856
6.27856
6.27856
6.27856
6.27856
6.27856
6.27856
6.27856
6.27856
6.27856
6.27856
6.27856
6.27856
6.27856
6.27856
6.27856
6.27856
6.27856
6.27856
6.27856
6.27856
6.27856
6.27856
6.27856
6.27856
6.27856
6.27856
6.27856
6.27856
6.27856
6.27856
6.27856
6.27856
6.27856
6.27856
6.27856
6.27856
6.27856
6.27856
6.27856
6.27856
6.27856
6.27856
6.27856
6.27856
6.27856
6.27856
6.27856
6.27856
6.27856
6.27856
6.27856
6.27856
6.27856
6.27856
6.27856
6.27856
6.27856
6.27856
6.27856
6.27856
6.27856
6.27856
6.27856
6.27856
6.27856
6.27856
6.27856
6.27856
6.27856
6.27856
6.27856
6.27856
6.27856
6.27856
6.27856
6.27856
6.27856
6.27856
6.27856
6.27856
6.27856
6.27856
6.27856
6.27856
6.27856
6.27856
6.27856
6.27856
6.27856
6.27856
6.27856
6.27856
6.27856
6.27856
6.27856
6.27856
6.27856
6.27856
6.27856
6.27856
6.27856
6.27856
6.27856
6.27856
6.27856
6.27856
6.27856
6.27856
6.27856
6.27856
6.27856
6.27856
6.27856
6.27856
6.27856
6.27856
6.27856
6.27856
6.27856
6.27856
6.27856
6.27856
6.27856
6.27856
6.27856
6.27856
6.27856
6.27856
6.27856
6.27856
6.27856
6.27856
6.27856
6.27856
6.27856
6.27856
6.27856
6.27856
6.27856
6.27856
6.27856
6.27856
6.27856
6.27856
6.27856
6.27856
6.27856
6.27856
6.27856
6.27856
6.27856
6.27856
6.27856
6.27856
6.27856
6.27856
6.27856
6.27856
6.27856
6.27856
6.27856
6.27856
6.27856
6.27856
6.27856
6.27856
6.27856
6.27856
6.27856
6.27856
6.27856
6.27856
6.27856
6.27856
6.27856
6.27856
6.27856
6.27856
6.27856
6.27856
6.27856
6.27856
6.27856
6.27856
6.27856
6.27856
6.27856
6.27856
6.27856
6.27856
6.27856
6.27856
6.27856
6.27856
6.27856
6.27856
6.27856
6.27856
6.27856
6.27856
6.27856
6.27856
6.27856
6.27856
6.27856
6.27856
6.27856
6.27856
6.27856
6.27856
6.27856
6.27856
6.27856
6.27856
6.27856
6.27856
6.27856
6.27856
6.27856
6.27856
6.27856
6.27856
6.27856
6.27856
6.27856
6.27856
6.27856
6.27856
6.27856
6.27856
6.27856
6.27856
6.27856
6.27856
6.27856
6.27856
6.27856
6.27856
6.27856
6.27856
6.27856
6.27856
6.27856
6.27856
6.27856
6.27856
6.27856
6.27856
6.27856
6.27856
6.27856
6.27856
6.27856
6.27856
6.27856
6.27856
6.27856
6.27856
6.27856
6.27856
6.27856
6.27856
6.27856
6.27856
6.27856
6.27856
6.27856
6.27856
6.27856
6.27856
6.27856
6.27856
6.27856
6.27856
6.27856
6.27856
6.27856
6.27856
6.27856
6.27856
6.27856
6.27856
6.27856
6.27856
6.27856
6.27856
6.27856
6.27856
6.27856
6.27856
6.27856
6.27856
6.27856
6.27856
6.27856
6.27856
6.27856
6.27856
6.27856
6.27856
6.27856
6.27856
6.27856
6.27856
6.27856
6.27856
6.27856
6.27856
6.27856
6.27856
6.27856
6.27856
6.27856
6.27856
6.27856
6.27856
6.27856
6.27856
6.27856
6.27856
6.27856
6.27856
6.27856
6.27856
6.27856
6.27856
6.27856
6.27856
6.27856
6.27856
6.27856
6.27856
6.27856
6.27856
6.27856
6.27856
6.27856
6.27856
6.27856
6.27856
6.27856
6.27856
6.27856
6.27856
6.27856
6.27856
6.27856
6.27856
6.27856
6.27856
6.27856
6.27856
6.27856
6.27856
6.27856
6.27856
6.27856
6.27856
6.27856
6.27856
6.27856
6.27856
6.27856
6.27856
6.27856
6.27856
6.27856
6.27856
6.27856
6.27856
6.27856
6.27856
6.27856
6.27856
6.27856
6.27856
6.27856
6.27856
6.27856
6.27856
6.27856
6.27856
6.27856
6.27856
6.27856
6.27856
6.27856
6.27856
6.27856
6.27856
6.27856
6.27856
6.27856
6.27856
6.27856
6.27856
6.27856
6.27856
6.27856
6.27856
6.27856
6.27856
6.27856
6.27856
6.27856
6.27856
6.27856
6.27856
6.27856
6.27856
6.27856
6.27856
6.27856
6.27856
6.27856
6.27856
6.27856
6.27856
6.27856
6.27856
6.27856
6.27856
6.27856
6.27856
6.27856
6.27856
6.27856
6.27856
6.27856
6.27856
6.27856
6.27856
6.27856
6.27856
6.27856
6.27856
6.27856
6.27856
6.27856
6.27856
6.27856
6.27856
6.27856
6.27856
6.27856
6.27856
6.27856
6.27856
6.27856
6.27856
6.27856
6.27856
6.27856
6.27856
6.27856
6.27856
6.27856
6.27856
6.27856
6.27856
6.27856
6.27856
6.27856
6.27856
6.27856
6.27856
6.27856
6.27856
6.27856
6.27856
6.27856
6.27856
6.27856
6.27856
6.27856
6.27856
6.27856
6.27856
6.27856
6.27856
6.27856
6.27856
6.27856
6.27856
6.27856
6.27856
6.27856
6.27856
6.27856
6.27856
6.27856
6.27856
6.27856
6.27856
6.27856
6.27856
6.27856
6.27856
6.27856
6.27856
6.27856
6.27856
6.27856
6.27856
6.27856
6.27856
6.27856
6.27856
6.27856
6.27856
6.27856
6.27856
6.27856
6.27856
6.27856
6.27856
6.27856
6.27856
6.27856
6.27856
6.27856
6.27856
6.27856
6.27856
6.27856
6.27856
6.27856
6.27856
6.27856
6.27856
6.27856
6.27856
6.27856
6.27856
6.27856
6.27856
6.27856
6.27856
6.27856
6.27856
6.27856
6.27856
6.27856
6.27856
6.27856
6.27856
6.27856
6.27856
6.27856
6.27856
6.27856
6.27856
6.27856
6.27856
6.27856
6.27856
6.27856
6.27856
6.27856
6.27856
6.27856
6.27856
6.27856
6.27856
6.27856
6.27856
6.27856
6.27856
6.27856
6.27856
6.27856
6.27856
6.27856
6.27856
6.27856
6.27856
6.27856
6.27856
6.27856
6.27856
6.27856
6.27856
6.27856
6.27856
6.27856
6.27856
6.27856
6.27856
6.27856
6.27856
6.27856
6.27856
6.27856
6.27856
6.27856
6.27856
6.27856
6.27856
6.27856
6.27856
6.27856
6.27856
6.27856
6.27856
6.27856
6.27856
6.27856
6.27856
6.27856
6.27856
6.27856
6.27856
6.27856
6.27856
6.27856
6.27856
6.27856
6.27856
6.27856
6.27856
6.27856
6.27856
6.27856
6.27856
6.27856
6.27856
6.27856
6.27856
6.27856
6.27856
6.27856
6.27856
6.27856
6.27856
6.27856
6.27856
6.27856
6.27856
6.27856
6.27856
6.27856
6.27856
6.27856
6.27856
6.27856
6.27856
6.27856
6.27856
6.27856
6.27856
6.27856
6.27856
6.27856
6.27856
6.27856
6.27856
6.27856
6.27856
6.27856
6.27856
6.27856
6.27856
6.27856
6.27856
6.27856
6.27856
6.27856
6.27856
6.27856
6.27856
6.27856
6.27856
6.27856
6.27856
6.27856
6.27856
6.27856
6.27856
6.27856
6.27856
6.27856
6.27856
6.27856
6.27856
6.27856
6.27856
6.27856
6.27856
6.27856
6.27856
6.27856
6.27856
6.27856
6.27856
6.27856
6.27856
6.27856
6.27856
6.27856
6.27856
6.27856
6.27856
6.27856
6.27856
6.27856
6.27856
6.27856
6.27856
6.27856
6.27856
6.27856
6.27856
6.27856
6.27856
6.27856
6.27856
6.27856
6.27856
6.27856
6.27856
6.27856
6.27856
6.27856
6.27856
6.27856
6.27856
6.27856
6.27856
6.27856
6.27856
6.27856
6.27856
6.27856
6.27856
6.27856
6.27856
6.27856
6.27856
6.27856
6.27856
6.27856
6.27856
6.27856
6.27856
6.27856
6.27856
6.27856
6.27856
6.27856
6.27856
6.27856
6.27856
6.27856
6.27856
6.27856
6.27856
6.27856
6.27856
6.27856
6.27856
6.27856
6.27856
6.27856
6.27856
6.27856
6.27856
6.27856
6.27856
6.27856
6.27856
6.27856
6.27856
6.27856
6.27856
6.27856
6.27856
6.27856
6.27856
6.27856
6.27856
6.27856
6.27856
6.27856
6.27856
6.27856
6.27856
6.27856
6.27856
6.27856
6.27856
6.27856
6.27856
6.27856
6.27856
6.27856
6.27856
6.27856
6.27856
6.27856
6.27856
6.27856
6.27856
6.27856
6.27856
6.27856
6.27856
6.27856
6.27856
6.27856
6.27856
6.27856
6.27856
6.27856
6.27856
6.27856
6.27856
6.27856
6.27856
6.27856
6.27856
6.27856
6.27856
6.27856
6.27856
6.27856
6.27856
6.27856
6.27856
6.27856
6.27856
6.27856
6.27856
6.27856
6.27856
6.27856
6.27856
6.27856
6.27856
6.27856
6.27856
6.27856
6.27856
6.27856
6.27856
6.27856
6.27856
6.27856
6.27856
6.27856
6.27856
6.27856
6.27856
6.27856
6.27856
6.27856
6.27856
6.27856
6.27856
6.27856
6.27856
6.27856
6.27856
6.27856
6.27856
6.27856
6.27856
6.27856
6.27856
6.27856
6.27856
6.27856
6.27856
6.27856
6.27856
6.27856
6.27856
6.27856
6.27856
6.27856
6.27856
6.27856
6.27856
6.27856
6.27856
6.27856
6.27856
6.27856
6.27856
6.27856
6.27856
6.27856
6.27856
6.27856
6.27856
6.27856
6.27856
6.27856
6.27856
6.27856
6.27856
6.27856
6.27856
6.27856
6.27856
6.27856
6.27856
6.27856
6.27856
6.27856
6.27856
6.27856
6.27856
6.27856
6.27856
6.27856
6.27856
6.27856
6.27856
6.27856
6.27856
6.27856
6.27856
6.27856
6.27856
6.27856
6.27856
6.27856
6.27856
6.27856
6.27856
6.27856
6.27856
6.27856
6.27856
6.27856
6.27856
6.27856
6.27856
6.27856
6.27856
6.27856
6.27856
6.27856
6.27856
6.27856
6.27856
6.27856
6.27856
6.27856
6.27856
6.27856
6.27856
6.27856
6.27856
6.27856
6.27856
6.27856
6.27856
6.27856
6.27856
6.27856
6.27856
6.27856
6.27856
6.27856
6.27856
6.27856
6.27856
6.27856
6.27856
6.27856
6.27856
6.27856
6.27856
6.27856
6.27856
6.27856
6.27856
6.27856
6.27856
6.27856
6.27856
6.27856
6.27856
6.27856
6.27856
6.27856
6.27856
6.27856
6.27856
6.27856
6.27856
6.27856
6.27856
6.27856
6.27856
6.27856
6.27856
6.27856
6.27856
6.27856
6.27856
6.27856
6.27856
6.27856
6.27856
6.27856
6.27856
6.27856
6.27856
6.27856
6.27856
6.27856
6.27856
6.27856
6.27856
6.27856
6.27856
6.27856
6.27856
6.27856
6.27856
6.27856
6.27856
6.27856
6.27856
6.27856
6.27856
6.27856
6.27856
6.27856
6.27856
6.27856
6.27856
6.27856
6.27856
6.27856
6.27856
6.27856
6.27856
6.27856
6.27856
6.27856
6.27856
6.27856
6.27856
6.27856
6.27856
6.27856
6.27856
6.27856
6.27856
6.27856
6.27856
6.27856
6.27856
6.27856
6.27856
6.27856
6.27856
6.27856
6.27856
6.27856
6.27856
6.27856
6.27856
6.27856
6.27856
6.27856
6.27856
6.27856
6.27856
6.27856
6.27856
6.27856
6.27856
6.27856
6.27856
6.27856
6.27856
6.27856
6.27856
6.27856
6.27856
6.27856
6.27856
6.27856
6.27856
6.27856
6.27856
6.27856
6.27856
6.27856
6.27856
6.27856
6.27856
6.27856
6.27856
6.27856
6.27856
6.27856
6.27856
6.27856
6.27856
6.27856
6.27856
6.27856
6.27856
6.27856
6.27856
6.27856
6.27856
6.27856
6.27856
6.27856
6.27856
6.27856
6.27856
6.27856
6.27856
6.27856
6.27856
6.27856
6.27856
6.27856
6.27856
6.27856
6.27856
6.27856
6.27856
6.27856
6.27856
6.27856
6.27856
6.27856
6.27856
6.27856
6.27856
6.27856
6.27856
6.27856
6.27856
6.27856
6.27856
6.27856
6.27856
6.27856
6.27856
6.27856
6.27856
6.27856
6.27856
6.27856
6.27856
6.27856
6.27856
6.27856
6.27856
6.27856
6.27856
6.27856
6.27856
6.27856
6.27856
6.27856
6.27856
6.27856
6.27856
6.27856
6.27856
6.27856
6.27856
6.27856
6.27856
6.27856
6.27856
6.27856
6.27856
6.27856
6.27856
6.27856
6.27856
6.27856
6.27856
6.27856
6.27856
6.27856
6.27856
6.27856
6.27856
6.27856
6.27856
6.27856
6.27856
6.27856
6.27856
6.27856
6.27856
6.27856
6.27856
6.27856
6.27856
6.27856
6.27856
6.27856
6.27856
6.27856
6.27856
6.27856
6.27856
6.27856
6.27856
6.27856
6.27856
6.27856
6.27856
6.27856
6.27856
6.27856
6.27856
6.27856
6.27856
6.27856
6.27856
6.27856
6.27856
6.27856
6.27856
6.27856
6.27856
6.27856
6.27856
6.27856
6.27856
6.27856
6.27856
6.27856
6.27856
6.27856
6.27856
6.27856
6.27856
6.27856
6.27856
6.27856
6.27856
6.27856
6.27856
6.27856
6.27856
6.27856
6.27856
6.27856
6.27856
6.27856
6.27856
6.27856
6.27856
6.27856
6.27856
6.27856
6.27856
6.27856
6.27856
6.27856
6.27856
6.27856
6.27856
6.27856
6.27856
6.27856
6.27856
6.27856
6.27856
6.27856
6.27856
6.27856
6.27856
6.27856
6.27856
6.27856
6.27856
6.27856
6.27856
6.27856
6.27856
6.27856
6.27856
6.27856
6.27856
6.27856
6.27856
6.27856
6.27856
6.27856
6.27856
6.27856
6.27856
6.27856
6.27856
6.27856
6.27856
6.27856
6.27856
6.27856
6.27856
6.27856
6.27856
6.27856
6.27856
6.27856
6.27856
6.27856
6.27856
6.27856
6.27856
6.27856
6.27856
6.27856
6.27856
6.27856
6.27856
6.27856
6.27856
6.27856
6.27856
6.27856
6.27856
6.27856
6.27856
6.27856
6.27856
6.27856
6.27856
6.27856
6.27856
6.27856
6.27856
6.27856
6.27856
6.27856
6.27856
6.27856
6.27856
6.27856
6.27856
6.27856
6.27856
6.27856
6.27856
6.27856
6.27856
6.27856
6.27856
6.27856
6.27856
6.27856
6.27856
6.27856
6.27856
6.27856
6.27856
6.27856
6.27856
6.27856
6.27856
6.27856
6.27856
6.27856
6.27856
6.27856
6.27856
6.27856
6.27856
6.27856
6.27856
6.27856
6.27856
6.27856
6.27856
6.27856
6.27856
6.27856
6.27856
6.27856
6.27856
6.27856
6.27856
6.27856
6.27856
6.27856
6.27856
6.27856
6.27856
6.27856
6.27856
6.27856
6.27856
6.27856
6.27856
6.27856
6.27856
6.27856
6.27856
6.27856
6.27856
6.27856
6.27856
6.27856
6.27856
6.27856
6.27856
6.27856
6.27856
6.27856
6.27856
6.27856
6.27856
6.27856
6.27856
6.27856
6.27856
6.27856
6.27856
6.27856
6.27856
6.27856
6.27856
6.27856
6.27856
6.27856
6.27856
6.27856
6.27856
6.27856
6.27856
6.27856
6.27856
6.27856
6.27856
6.27856
6.27856
6.27856
6.27856
6.27856
6.27856
6.27856
6.27856
6.27856
6.27856
6.27856
6.27856
6.27856
6.27856
6.27856
6.27856
6.27856
6.27856
6.27856
6.27856
6.27856
6.27856
6.27856
6.27856
6.27856
6.27856
6.27856
6.27856
6.27856
6.27856
6.27856
6.27856
6.27856
6.27856
6.27856
6.27856
6.27856
6.27856
6.27856
6.27856
6.27856
6.27856
6.27856
6.27856
6.27856
6.27856
6.27856
6.27856
6.27856
6.27856
6.27856
6.27856
6.27856
6.27856
6.27856
6.27856
6.27856
6.27856
6.27856
6.27856
6.27856
6.27856
6.27856
6.27856
6.27856
6.27856
6.27856
6.27856
6.27856
6.27856
6.27856
6.27856
6.27856
6.27856
6.27856
6.27856
6.27856
6.27856
6.27856
6.27856
6.27856
6.27856
6.27856
6.27856
6.27856
6.27856
6.27856
6.27856
6.27856
6.27856
6.27856
6.27856
6.27856
6.27856
6.27856
6.27856
6.27856
6.27856
6.27856
6.27856
6.27856
6.27856
6.27856
6.27856
6.27856
6.27856
6.27856
6.27856
6.27856
6.27856
6.27856
6.27856
6.27856
6.27856
6.27856
6.27856
6.27856
6.27856
6.27856
6.27856
6.27856
6.27856
6.27856
6.27856
6.27856
6.27856
6.27856
6.27856
6.27856
6.27856
6.27856
6.27856
6.27856
6.27856
6.27856
6.27856
6.27856
6.27856
6.27856
6.27856
6.27856
6.27856
6.27856
6.27856
6.27856
6.27856
6.27856
6.27856
6.27856
6.27856
6.27856
6.27856
6.27856
6.27856
6.27856
6.27856
6.27856
6.27856
6.27856
6.27856
6.27856
6.27856
6.27856
6.27856
6.27856
6.27856
6.27856
6.27856
6.27856
6.27856
6.27856
6.27856
6.27856
6.27856
6.27856
6.27856
6.27856
6.27856
6.27856
6.27856
6.27856
6.27856
6.27856
6.27856
6.27856
6.27856
6.27856
6.27856
6.27856
6.27856
6.27856
6.27856
6.27856
6.27856
6.27856
6.27856
6.27856
6.27856
6.27856
6.27856
6.27856
6.27856
6.27856
6.27856
6.27856
6.27856
6.27856
6.27856
6.27856
6.27856
6.27856
6.27856
6.27856
6.27856
6.27856
6.27856
6.27856
6.27856
6.27856
6.27856
6.27856
6.27856
6.27856
6.27856
6.27856
6.27856
6.27856
6.27856
6.27856
6.27856
6.27856
6.27856
6.27856
6.27856
6.27856
6.27856
6.27856
6.27856
6.27856
6.27856
6.27856
6.27856
6.27856
6.27856
6.27856
6.27856
6.27856
6.27856
6.27856
6.27856
6.27856
6.27856
6.27856
6.27856
6.27856
6.27856
6.27856
6.27856
6.27856
6.27856
6.27856
6.27856
6.27856
6.27856
6.27856
6.27856
6.27856
6.27856
6.27856
6.27856
6.27856
6.27856
6.27856
6.27856
6.27856
6.27856
6.27856
6.27856
6.27856
6.27856
6.27856
6.27856
6.27856
6.27856
6.27856
6.27856
6.27856
6.27856
6.27856
6.27856
6.27856
6.27856
6.27856
6.27856
6.27856
6.27856
6.27856
6.27856
6.27856
6.27856
6.27856
6.27856
6.27856
6.27856
6.27856
6.27856
6.27856
6.27856
6.27856
6.27856
6.27856
6.27856
6.27856
6.27856
6.27856
6.27856
6.27856
6.27856
6.27856
6.27856
6.27856
6.27856
6.27856
6.27856
6.27856
6.27856
6.27856
6.27856
6.27856
6.27856
6.27856
6.27856
6.27856
6.27856
6.27856
6.27856
6.27856
6.27856
6.27856
6.27856
6.27856
6.27856
6.27856
6.27856
6.27856
6.27856
6.27856
6.27856
6.27856
6.27856
6.27856
6.27856
6.27856
6.27856
6.27856
6.27856
6.27856
6.27856
6.27856
6.27856
6.27856
6.27856
6.27856
6.27856
6.27856
6.27856
6.27856
6.27856
6.27856
6.27856
6.27856
6.27856
6.27856
6.27856
6.27856
6.27856
6.27856
6.27856
6.27856
6.27856
6.27856
6.27856
6.27856
6.27856
6.27856
6.27856
6.27856
6.27856
6.27856
6.27856
6.27856
6.27856
6.27856
6.27856
6.27856
6.27856
6.27856
6.27856
6.27856
6.27856
6.27856
6.27856
6.27856
6.27856
6.27856
6.27856
6.27856
6.27856
6.27856
6.27856
6.27856
6.27856
6.27856
6.27856
6.27856
6.27856
6.27856
6.27856
6.27856
6.27856
6.27856
6.27856
6.27856
6.27856
6.27856
6.27856
6.27856
6.27856
6.27856
6.27856
6.27856
6.27856
6.27856
6.27856
6.27856
6.27856
6.27856
6.27856
6.27856
6.27856
6.27856
6.27856
6.27856
6.27856
6.27856
6.27856
6.27856
6.27856
6.27856
6.27856
6.27856
6.27856
6.27856
6.27856
6.27856
6.27856
6.27856
6.27856
6.27856
6.27856
6.27856
6.27856
6.27856
6.27856
6.27856
6.27856
6.27856
6.27856
6.27856
6.27856
6.27856
6.27856
6.27856
6.27856
6.27856
6.27856
6.27856
6.27856
6.27856
6.27856
6.27856
6.27856
6.27856
6.27856
6.27856
6.27856
6.27856
6.27856
6.27856
6.27856
6.27856
6.27856
6.27856
6.27856
6.27856
6.27856
6.27856
6.27856
6.27856
6.27856
6.27856
6.27856
6.27856
6.27856
6.27856
6.27856
6.27856
6.27856
6.27856
6.27856
6.27856
6.27856
6.27856
6.27856
6.27856
6.27856
6.27856
6.27856
6.27856
6.27856
6.27856
6.27856
6.27856
6.27856
6.27856
6.27856
6.27856
6.27856
6.27856
6.27856
6.27856
6.27856
6.27856
6.27856
6.27856
6.27856
6.27856
6.27856
6.27856
6.27856
6.27856
6.27856
6.27856
6.27856
6.27856
6.27856
6.27856
6.27856
6.27856
6.27856
6.27856
6.27856
6.27856
6.27856
6.27856
6.27856
6.27856
6.27856
6.27856
6.27856
6.27856
6.27856
6.27856
6.27856
6.27856
6.27856
6.27856
6.27856
6.27856
6.27856
6.27856
6.27856
6.27856
6.27856
6.27856
6.27856
6.27856
6.27856
6.27856
6.27856
6.27856
6.27856
6.27856
6.27856
6.27856
6.27856
6.27856
6.27856
6.27856
6.27856
6.27856
6.27856
6.27856
6.27856
6.27856
6.27856
6.27856
6.27856
6.27856
6.27856
6.27856
6.27856
6.27856
6.27856
6.27856
6.27856
6.27856
6.27856
6.27856
6.27856
6.27856
6.27856
6.27856
6.27856
6.27856
6.27856
6.27856
6.27856
6.27856
6.27856
6.27856
6.27856
6.27856
6.27856
6.27856
6.27856
6.27856
6.27856
6.27856
6.27856
6.27856
6.27856
6.27856
6.27856
6.27856
6.27856
6.27856
6.27856
6.27856
6.27856
6.27856
6.27856
6.27856
6.27856
6.27856
6.27856
6.27856
6.27856
6.27856
6.27856
6.27856
6.27856
6.27856
6.27856
6.27856
6.27856
6.27856
6.27856
6.27856
6.27856
6.27856
6.27856
6.27856
6.27856
6.27856
6.27856
6.27856
6.27856
6.27856
6.27856
6.27856
6.27856
6.27856
6.27856
6.27856
6.27856
6.27856
6.27856
6.27856
6.27856
6.27856
6.27856
6.27856
6.27856
6.27856
6.27856
6.27856
6.27856
6.27856
6.27856
6.27856
6.27856
6.27856
6.27856
6.27856
6.27856
6.27856
6.27856
6.27856
6.27856
6.27856
6.27856
6.27856
6.27856
6.27856
6.27856
6.27856
6.27856
6.27856
6.27856
6.27856
6.27856
6.27856
6.27856
6.27856
6.27856
6.27856
6.27856
6.27856
6.27856
6.27856
6.27856
6.27856
6.27856
6.27856
6.27856
6.27856
6.27856
6.27856
6.27856
6.27856
6.27856
6.27856
6.27856
6.27856
6.27856
6.27856
6.27856
6.27856
6.27856
6.27856
6.27856
6.27856
6.27856
6.27856
6.27856
6.27856
6.27856
6.27856
6.27856
6.27856
6.27856
6.27856
6.27856
6.27856
6.27856
6.27856
6.27856
6.27856
6.27856
6.27856
6.27856
6.27856
6.27856
6.27856
6.27856
6.27856
6.27856
6.27856
6.27856
6.27856
6.27856
6.27856
6.27856
6.27856
6.27856
6.27856
6.27856
6.27856
6.27856
6.27856
6.27856
6.27856
6.27856
6.27856
6.27856
6.27856
6.27856
6.27856
6.27856
6.27856
6.27856
6.27856
6.27856
6.27856
6.27856
6.27856
6.27856
6.27856
6.27856
6.27856
6.27856
6.27856
6.27856
6.27856
6.27856
6.27856
6.27856
6.27856
6.27856
6.27856
6.27856
6.27856
6.27856
6.27856
6.27856
6.27856
6.27856
6.27856
6.27856
6.27856
6.27856
6.27856
6.27856
6.27856
6.27856
6.27856
6.27856
6.27856
6.27856
6.27856
6.27856
6.27856
6.27856
6.27856
6.27856
6.27856
6.27856
6.27856
6.27856
6.27856
6.27856
6.27856
6.27856
6.27856
6.27856
6.27856
6.27856
6.27856
6.27856
6.27856
6.27856
6.27856
6.27856
6.27856
6.27856
6.27856
6.27856
6.27856
6.27856
6.27856
6.27856
6.27856
6.27856
6.27856
6.27856
6.27856
6.27856
6.27856
6.27856
6.27856
6.27856
6.27856
6.27856
6.27856
6.27856
6.27856
6.27856
6.27856
6.27856
6.27856
6.27856
6.27856
6.27856
6.27856
6.27856
6.27856
6.27856
6.27856
6.27856
6.27856
6.27856
6.27856
6.27856
6.27856
6.27856
6.27856
6.27856
6.27856
6.27856
6.27856
6.27856
6.27856
6.27856
6.27856
6.27856
6.27856
6.27856
6.27856
6.27856
6.27856
6.27856
6.27856
6.27856
6.27856
6.27856
6.27856
6.27856
6.27856
6.27856
6.27856
6.27856
6.27856
6.27856
6.27856
6.27856
6.27856
6.27856
6.27856
6.27856
6.27856
6.27856
6.27856
6.27856
6.27856
6.27856
6.27856
6.27856
6.27856
6.27856
6.27856
6.27856
6.27856
6.27856
6.27856
6.27856
6.27856
6.27856
6.27856
6.27856
6.27856
6.27856
6.27856
6.27856
6.27856
6.27856
6.27856
6.27856
6.27856
6.27856
6.27856
6.27856
6.27856
6.27856
6.27856
6.27856
6.27856
6.27856
6.27856
6.27856
6.27856
6.27856
6.27856
6.27856
6.27856
6.27856
6.27856
6.27856
6.27856
6.27856
6.27856
6.27856
6.27856
6.27856
6.27856
6.27856
6.27856
6.27856
6.27856
6.27856
6.27856
6.27856
6.27856
6.27856
6.27856
6.27856
6.27856
6.27856
6.27856
6.27856
6.27856
6.27856
6.27856
6.27856
6.27856
6.27856
6.27856
6.27856
6.27856
6.27856
6.27856
6.27856
6.27856
6.27856
6.27856
6.27856
6.27856
6.27856
6.27856
6.27856
6.27856
6.27856
6.27856
6.27856
6.27856
6.27856
6.27856
6.27856
6.27856
6.27856
6.27856
6.27856
6.27856
6.27856
6.27856
6.27856
6.27856
6.27856
6.27856
6.27856
6.27856
6.27856
6.27856
6.27856
6.27856
6.27856
6.27856
6.27856
6.27856
6.27856
6.27856
6.27856
6.27856
6.27856
6.27856
6.27856
6.27856
6.27856
6.27856
6.27856
6.27856
6.27856
6.27856
6.27856
6.27856
6.27856
6.27856
6.27856
6.27856
6.27856
6.27856
6.27856
6.27856
6.27856
6.27856
6.27856
6.27856
6.27856
6.27856
6.27856
6.27856
6.27856
6.27856
6.27856
6.27856
6.27856
6.27856
6.27856
6.27856
6.27856
6.27856
6.27856
6.27856
6.27856
6.27856
6.27856
6.27856
6.27856
6.27856
6.27856
6.27856
6.27856
6.27856
6.27856
6.27856
6.27856
6.27856
6.27856
6.27856
6.27856
6.27856
6.27856
6.27856
6.27856
6.27856
6.27856
6.27856
6.27856
6.27856
6.27856
6.27856
6.27856
6.27856
6.27856
6.27856
6.27856
6.27856
6.27856
6.27856
6.27856
6.27856
6.27856
6.27856
6.27856
6.27856
6.27856
6.27856
6.27856
6.27856
6.27856
6.27856
6.27856
6.27856
6.27856
6.27856
6.27856
6.27856
6.27856
6.27856
6.27856
6.27856
6.27856
6.27856
6.27856
6.27856
6.27856
6.27856
6.27856
6.27856
6.27856
6.27856
6.27856
6.27856
6.27856
6.27856
6.27856
6.27856
6.27856
6.27856
6.27856
6.27856
6.27856
6.27856
6.27856
6.27856
6.27856
6.27856
6.27856
6.27856
6.27856
6.27856
6.27856
6.27856
6.27856
6.27856
6.27856
6.27856
6.27856
6.27856
6.27856
6.27856
6.27856
6.27856
6.27856
6.27856
6.27856
6.27856
6.27856
6.27856
6.27856
6.27856
6.27856
6.27856
6.27856
6.27856
6.27856
6.27856
6.27856
6.27856
6.27856
6.27856
6.27856
6.27856
6.27856
6.27856
6.27856
6.27856
6.27856
6.27856
6.27856
6.27856
6.27856
6.27856
6.27856
6.27856
6.27856
6.27856
6.27856
6.27856
6.27856
6.27856
6.27856
6.27856
6.27856
6.27856
6.27856
6.27856
6.27856
6.27856
6.27856
6.27856
6.27856
6.27856
6.27856
6.27856
6.27856
6.27856
6.27856
6.27856
6.27856
6.27856
6.27856
6.27856
6.27856
6.27856
6.27856
6.27856
6.27856
6.27856
6.27856
6.27856
6.27856
6.27856
6.27856
6.27856
6.27856
6.27856
6.27856
6.27856
6.27856
6.27856
6.27856
6.27856
6.27856
6.27856
6.27856
6.27856
6.27856
6.27856
6.27856
6.27856
6.27856
6.27856
6.27856
6.27856
6.27856
6.27856
6.27856
6.27856
6.27856
6.27856
6.27856
6.27856
6.27856
6.27856
6.27856
6.27856
6.27856
6.27856
6.27856
6.27856
6.27856
6.27856
6.27856
6.27856
6.27856
6.27856
6.27856
6.27856
6.27856
6.27856
6.27856
6.27856
6.27856
6.27856
6.27856
6.27856
6.27856
6.27856
6.27856
6.27856
6.27856
6.27856
6.27856
6.27856
6.27856
6.27856
6.27856
6.27856
6.27856
6.27856
6.27856
6.27856
6.27856
6.27856
6.27856
6.27856
6.27856
6.27856
6.27856
6.27856
6.27856
6.27856
6.27856
6.27856
6.27856
6.27856
6.27856
6.27856
6.27856
6.27856
6.27856
6.27856
6.27856
6.27856
6.27856
6.27856
6.27856
6.27856
6.27856
6.27856
6.27856
6.27856
6.27856
6.27856
6.27856
6.27856
6.27856
6.27856
6.27856
6.27856
6.27856
6.27856
6.27856
6.27856
6.27856
6.27856
6.27856
6.27856
6.27856
6.27856
6.27856
6.27856
6.27856
6.27856
6.27856
6.27856
6.27856
6.27856
6.27856
6.27856
6.27856
6.27856
6.27856
6.27856
6.27856
6.27856
6.27856
6.27856
6.27856
6.27856
6.27856
6.27856
6.27856
6.27856
6.27856
6.27856
6.27856
6.27856
6.27856
6.27856
6.27856
6.27856
6.27856
6.27856
6.27856
6.27856
6.27856
6.27856
6.27856
6.27856
6.27856
6.27856
6.27856
6.27856
6.27856
6.27856
6.27856
6.27856
6.27856
6.27856
6.27856
6.27856
6.27856
6.27856
6.27856
6.27856
6.27856
6.27856
6.27856
6.27856
6.27856
6.27856
6.27856
6.27856
6.27856
6.27856
6.27856
6.27856
6.27856
6.27856
6.27856
6.27856
6.27856
6.27856
6.27856
6.27856
6.27856
6.27856
6.27856
6.27856
6.27856
6.27856
6.27856
6.27856
6.27856
6.27856
6.27856
6.27856
6.27856
6.27856
6.27856
6.27856
6.27856
6.27856
6.27856
6.27856
6.27856
6.27856
6.27856
6.27856
6.27856
6.27856
6.27856
6.27856
6.27856
6.27856
6.27856
6.27856
6.27856
6.27856
6.27856
6.27856
6.27856
6.27856
6.27856
6.27856
6.27856
6.27856
6.27856
6.27856
6.27856
6.27856
6.27856
6.27856
6.27856
6.27856
6.27856
6.27856
6.27856
6.27856
6.27856
6.27856
6.27856
6.27856
6.27856
6.27856
6.27856
6.27856
6.27856
6.27856
6.27856
6.27856
6.27856
6.27856
6.27856
6.27856
6.27856
6.27856
6.27856
6.27856
6.27856
6.27856
6.27856
6.27856
6.27856
6.27856
6.27856
6.27856
6.27856
6.27856
6.27856
6.27856
6.27856
6.27856
6.27856
6.27856
6.27856
6.27856
6.27856
6.27856
6.27856
6.27856
6.27856
6.27856
6.27856
6.27856
6.27856
6.27856
6.27856
6.27856
6.27856
6.27856
6.27856
6.27856
6.27856
6.27856
6.27856
6.27856
6.27856
6.27856
6.27856
6.27856
6.27856
6.27856
6.27856
6.27856
6.27856
6.27856
6.27856
6.27856
6.27856
6.27856
6.27856
6.27856
6.27856
6.27856
6.27856
6.27856
6.27856
6.27856
6.27856
6.27856
6.27856
6.27856
6.27856
6.27856
6.27856
6.27856
6.27856
6.27856
6.27856
6.27856
6.27856
6.27856
6.27856
6.27856
6.27856
6.27856
6.27856
6.27856
6.27856
6.27856
6.27856
6.27856
6.27856
6.27856
6.27856
6.27856
6.27856
6.27856
6.27856
6.27856
6.27856
6.27856
6.27856
6.27856
6.27856
6.27856
6.27856
6.27856
6.27856
6.27856
6.27856
6.27856
6.27856
6.27856
6.27856
6.27856
6.27856
6.27856
6.27856
6.27856
6.27856
6.27856
6.27856
6.27856
6.27856
6.27856
6.27856
6.27856
6.27856
6.27856
6.27856
6.27856
6.27856
6.27856
6.27856
6.27856
6.27856
6.27856
6.27856
6.27856
6.27856
6.27856
6.27856
6.27856
6.27856
6.27856
6.27856
6.27856
6.27856
6.27856
6.27856
6.27856
6.27856
6.27856
6.27856
6.27856
6.27856
6.27856
6.27856
6.27856
6.27856
6.27856
6.27856
6.27856
6.27856
6.27856
6.27856
6.27856
6.27856
6.27856
6.27856
6.27856
6.27856
6.27856
6.27856
6.27856
6.27856
6.27856
6.27856
6.27856
6.27856
6.27856
6.27856
6.27856
6.27856
6.27856
6.27856
6.27856
6.27856
6.27856
6.27856
6.27856
6.27856
6.27856
6.27856
6.27856
6.27856
6.27856
6.27856
6.27856
6.27856
6.27856
6.27856
6.27856
6.27856
6.27856
6.27856
6.27856
6.27856
6.27856
6.27856
6.27856
6.27856
6.27856
6.27856
6.27856
6.27856
6.27856
6.27856
6.27856
6.27856
6.27856
6.27856
6.27856
6.27856
6.27856
6.27856
6.27856
6.27856
6.27856
6.27856
6.27856
6.27856
6.27856
6.27856
6.27856
6.27856
6.27856
6.27856
6.27856
6.27856
6.27856
6.27856
6.27856
6.27856
6.27856
6.27856
6.27856
6.27856
6.27856
6.27856
6.27856
6.27856
6.27856
6.27856
6.27856
6.27856
6.27856
6.27856
6.27856
6.27856
6.27856
6.27856
6.27856
6.27856
6.27856
6.27856
6.27856
6.27856
6.27856
6.27856
6.27856
6.27856
6.27856
6.27856
6.27856
6.27856
6.27856
6.27856
6.27856
6.27856
6.27856
6.27856
6.27856
6.27856
6.27856
6.27856
6.27856
6.27856
6.27856
6.27856
6.27856
6.27856
6.27856
6.27856
6.27856
6.27856
6.27856
6.27856
6.27856
6.27856
6.27856
6.27856
6.27856
6.27856
6.27856
6.27856
6.27856
6.27856
6.27856
6.27856
6.27856
6.27856
6.27856
6.27856
6.27856
6.27856
6.27856
6.27856
6.27856
6.27856
6.27856
6.27856
6.27856
6.27856
6.27856
6.27856
6.27856
6.27856
6.27856
6.27856
6.27856
6.27856
6.27856
6.27856
6.27856
6.27856
6.27856
6.27856
6.27856
6.27856
6.27856
6.27856
6.27856
6.27856
6.27856
6.27856
6.27856
6.27856
6.27856
6.27856
6.27856
6.27856
6.27856
6.27856
6.27856
6.27856
6.27856
6.27856
6.27856
6.27856
6.27856
6.27856
6.27856
6.27856
6.27856
6.27856
6.27856
6.27856
6.27856
6.27856
6.27856
6.27856
6.27856
6.27856
6.27856
6.27856
6.27856
6.27856
6.27856
6.27856
6.27856
6.27856
6.27856
6.27856
6.27856
6.27856
6.27856
6.27856
6.27856
6.27856
6.27856
6.27856
6.27856
6.27856
6.27856
6.27856
6.27856
6.27856
6.27856
6.27856
6.27856
6.27856
6.27856
6.27856
6.27856
6.27856
6.27856
6.27856
6.27856
6.27856
6.27856
6.27856
6.27856
6.27856
6.27856
6.27856
6.27856
6.27856
6.27856
6.27856
6.27856
6.27856
6.27856
6.27856
6.27856
6.27856
6.27856
6.27856
6.27856
6.27856
6.27856
6.27856
6.27856
6.27856
6.27856
6.27856
6.27856
6.27856
6.27856
6.27856
6.27856
6.27856
6.27856
6.27856
6.27856
6.27856
6.27856
6.27856
6.27856
6.27856
6.27856
6.27856
6.27856
6.27856
6.27856
6.27856
6.27856
6.27856
6.27856
6.27856
6.27856
6.27856
6.27856
6.27856
6.27856
6.27856
6.27856
6.27856
6.27856
6.27856
6.27856
6.27856
6.27856
6.27856
6.27856
6.27856
6.27856
6.27856
6.27856
6.27856
6.27856
6.27856
6.27856
6.27856
6.27856
6.27856
6.27856
6.27856
6.27856
6.27856
6.27856
6.27856
6.27856
6.27856
6.27856
6.27856
6.27856
6.27856
6.27856
6.27856
6.27856
6.27856
6.27856
6.27856
6.27856
6.27856
6.27856
6.27856
6.27856
6.27856
6.27856
6.27856
6.27856
6.27856
6.27856
6.27856
6.27856
6.27856
6.27856
6.27856
6.27856
6.27856
6.27856
6.27856
6.27856
6.27856
6.27856
6.27856
6.27856
6.27856
6.27856
6.27856
6.27856
6.27856
6.27856
6.27856
6.27856
6.27856
6.27856
6.27856
6.27856
6.27856
6.27856
6.27856
6.27856
6.27856
6.27856
6.27856
6.27856
6.27856
6.27856
6.27856
6.27856
6.27856
6.27856
6.27856
6.27856
6.27856
6.27856
6.27856
6.27856
6.27856
6.27856
6.27856
6.27856
6.27856
6.27856
6.27856
6.27856
6.27856
6.27856
6.27856
6.27856
6.27856
6.27856
6.27856
6.27856
6.27856
6.27856
6.27856
6.27856
6.27856
6.27856
6.27856
6.27856
6.27856
6.27856
6.27856
6.27856
6.27856
6.27856
6.27856
6.27856
6.27856
6.27856
6.27856
6.27856
6.27856
6.27856
6.27856
6.27856
6.27856
6.27856
6.27856
6.27856
6.27856
6.27856
6.27856
6.27856
6.27856
6.27856
6.27856
6.27856
6.27856
6.27856
6.27856
6.27856
6.27856
6.27856
6.27856
6.27856
6.27856
6.27856
6.27856
6.27856
6.27856
6.27856
6.27856
6.27856
6.27856
6.27856
6.27856
6.27856
6.27856
6.27856
6.27856
6.27856
6.27856
6.27856
6.27856
6.27856
6.27856
6.27856
6.27856
6.27856
6.27856
6.27856
6.27856
6.27856
6.27856
6.27856
6.27856
6.27856
6.27856
6.27856
6.27856
6.27856
6.27856
6.27856
6.27856
6.27856
6.27856
6.27856
6.27856
6.27856
6.27856
6.27856
6.27856
6.27856
6.27856
6.27856
6.27856
6.27856
6.27856
6.27856
6.27856
6.27856
6.27856
6.27856
6.27856
6.27856
6.27856
6.27856
6.27856
6.27856
6.27856
6.27856
6.27856
6.27856
6.27856
6.27856
6.27856
6.27856
6.27856
6.27856
6.27856
6.27856
6.27856
6.27856
6.27856
6.27856
6.27856
6.27856
6.27856
6.27856
6.27856
6.27856
6.27856
6.27856
6.27856
6.27856
6.27856
6.27856
6.27856
6.27856
6.27856
6.27856
6.27856
6.27856
6.27856
6.27856
6.27856
6.27856
6.27856
6.27856
6.27856
6.27856
6.27856
6.27856
6.27856
6.27856
6.27856
6.27856
6.27856
6.27856
6.27856
6.27856
6.27856
6.27856
6.27856
6.27856
6.27856
6.27856
6.27856
6.27856
6.27856
6.27856
6.27856
6.27856
6.27856
6.27856
6.27856
6.27856
6.27856
6.27856
6.27856
6.27856
6.27856
6.27856
6.27856
6.27856
6.27856
6.27856
6.27856
6.27856
6.27856
6.27856
6.27856
6.27856
6.27856
6.27856
6.27856
6.27856
6.27856
6.27856
6.27856
6.27856
6.27856
6.27856
6.27856
6.27856
6.27856
6.27856
6.27856
6.27856
6.27856
6.27856
6.27856
6.27856
6.27856
6.27856
6.27856
6.27856
6.27856
6.27856
6.27856
6.27856
6.27856
6.27856
6.27856
6.27856
6.27856
6.27856
6.27856
6.27856
6.27856
6.27856
6.27856
6.27856
6.27856
6.27856
6.27856
6.27856
6.27856
6.27856
6.27856
6.27856
6.27856
6.27856
6.27856
6.27856
6.27856
6.27856
6.27856
6.27856
6.27856
6.27856
6.27856
6.27856
6.27856
6.27856
6.27856
6.27856
6.27856
6.27856
6.27856
6.27856
6.27856
6.27856
6.27856
6.27856
6.27856
6.27856
6.27856
6.27856
6.27856
6.27856
6.27856
6.27856
6.27856
6.27856
6.27856
6.27856
6.27856
6.27856
6.27856
6.27856
6.27856
6.27856
6.27856
6.27856
6.27856
6.27856
6.27856
6.27856
6.27856
6.27856
6.27856
6.27856
6.27856
6.27856
6.27856
6.27856
6.27856
6.27856
6.27856
6.27856
6.27856
6.27856
6.27856
6.27856
6.27856
6.27856
6.27856
6.27856
6.27856
6.27856
6.27856
6.27856
6.27856
6.27856
6.27856
6.27856
6.27856
6.27856
6.27856
6.27856
6.27856
6.27856
6.27856
6.27856
6.27856
6.27856
6.27856
6.27856
6.27856
6.27856
6.27856
6.27856
6.27856
6.27856
6.27856
6.27856
6.27856
6.27856
6.27856
6.27856
6.27856
6.27856
6.27856
6.27856
6.27856
6.27856
6.27856
6.27856
6.27856
6.27856
6.27856
6.27856
6.27856
6.27856
6.27856
6.27856
6.27856
6.27856
6.27856
6.27856
6.27856
6.27856
6.27856
6.27856
6.27856
6.27856
6.27856
6.27856
6.27856
6.27856
6.27856
6.27856
6.27856
6.27856
6.27856
6.27856
6.27856
6.27856
6.27856
6.27856
6.27856
6.27856
6.27856
6.27856
6.27856
6.27856
6.27856
6.27856
6.27856
6.27856
6.27856
6.27856
6.27856
6.27856
6.27856
6.27856
6.27856
6.27856
6.27856
6.27856
6.27856
6.27856
6.27856
6.27856
6.27856
6.27856
6.27856
6.27856
6.27856
6.27856
6.27856
6.27856
6.27856
6.27856
6.27856
6.27856
6.27856
6.27856
6.27856
6.27856
6.27856
6.27856
6.27856
6.27856
6.27856
6.27856
6.27856
6.27856
6.27856
6.27856
6.27856
6.27856
6.27856
6.27856
6.27856
6.27856
6.27856
6.27856
6.27856
6.27856
6.27856
6.27856
6.27856
6.27856
6.27856
6.27856
6.27856
6.27856
6.27856
6.27856
6.27856
6.27856
6.27856
6.27856
6.27856
6.27856
6.27856
6.27856
6.27856
6.27856
6.27856
6.27856
6.27856
6.27856
6.27856
6.27856
6.27856
6.27856
6.27856
6.27856
6.27856
6.27856
6.27856
6.27856
6.27856
6.27856
6.27856
6.27856
6.27856
6.27856
6.27856
6.27856
6.27856
6.27856
6.27856
6.27856
6.27856
6.27856
6.27856
6.27856
6.27856
6.27856
6.27856
6.27856
6.27856
6.27856
6.27856
6.27856
6.27856
6.27856
6.27856
6.27856
6.27856
6.27856
6.27856
6.27856
6.27856
6.27856
6.27856
6.27856
6.27856
6.27856
6.27856
6.27856
6.27856
6.27856
6.27856
6.27856
6.27856
6.27856
6.27856
6.27856
6.27856
6.27856
6.27856
6.27856
6.27856
6.27856
6.27856
6.27856
6.27856
6.27856
6.27856
6.27856
6.27856
6.27856
6.27856
6.27856
6.27856
6.27856
6.27856
6.27856
6.27856
6.27856
6.27856
6.27856
6.27856
6.27856
6.27856
6.27856
6.27856
6.27856
6.27856
6.27856
6.27856
6.27856
6.27856
6.27856
6.27856
6.27856
6.27856
6.27856
6.27856
6.27856
6.27856
6.27856
6.27856
6.27856
6.27856
6.27856
6.27856
6.27856
6.27856
6.27856
6.27856
6.27856
6.27856
6.27856
6.27856
6.27856
6.27856
6.27856
6.27856
6.27856
6.27856
6.27856
6.27856
6.27856
6.27856
6.27856
6.27856
6.27856
6.27856
6.27856
6.27856
6.27856
6.27856
6.27856
6.27856
6.27856
6.27856
6.27856
6.27856
6.27856
6.27856
6.27856
6.27856
6.27856
6.27856
6.27856
6.27856
6.27856
6.27856
6.27856
6.27856
6.27856
6.27856
6.27856
6.27856
6.27856
6.27856
6.27856
6.27856
6.27856
6.27856
6.27856
6.27856
6.27856
6.27856
6.27856
6.27856
6.27856
6.27856
6.27856
6.27856
6.27856
6.27856
6.27856
6.27856
6.27856
6.27856
6.27856
6.27856
6.27856
6.27856
6.27856
6.27856
6.27856
6.27856
6.27856
6.27856
6.27856
6.27856
6.27856
6.27856
6.27856
6.27856
6.27856
6.27856
6.27856
6.27856
6.27856
6.27856
6.27856
6.27856
6.27856
6.27856
6.27856
6.27856
6.27856
6.27856
6.27856
6.27856
6.27856
6.27856
6.27856
6.27856
6.27856
6.27856
6.27856
6.27856
6.27856
6.27856
6.27856
6.27856
6.27856
6.27856
6.27856
6.27856
6.27856
6.27856
6.27856
6.27856
6.27856
6.27856
6.27856
6.27856
6.27856
6.27856
6.27856
6.27856
6.27856
6.27856
6.27856
6.27856
6.27856
6.27856
6.27856
6.27856
6.27856
6.27856
6.27856
6.27856
6.27856
6.27856
6.27856
6.27856
6.27856
6.27856
6.27856
6.27856
6.27856
6.27856
6.27856
6.27856
6.27856
6.27856
6.27856
6.27856
6.27856
6.27856
6.27856
6.27856
6.27856
6.27856
6.27856
6.27856
6.27856
6.27856
6.27856
6.27856
6.27856
6.27856
6.27856
6.27856
6.27856
6.27856
6.27856
6.27856
6.27856
6.27856
6.27856
6.27856
6.27856
6.27856
6.27856
6.27856
6.27856
6.27856
6.27856
6.27856
6.27856
6.27856
6.27856
6.27856
6.27856
6.27856
6.27856
6.27856
6.27856
6.27856
6.27856
6.27856
6.27856
6.27856
6.27856
6.27856
6.27856
6.27856
6.27856
6.27856
6.27856
6.27856
6.27856
6.27856
6.27856
6.27856
6.27856
6.27856
6.27856
6.27856
6.27856
6.27856
6.27856
6.27856
6.27856
6.27856
6.27856
6.27856
6.27856
6.27856
6.27856
6.27856
6.27856
6.27856
6.27856
6.27856
6.27856
6.27856
6.27856
6.27856
6.27856
6.27856
6.27856
6.27856
6.27856
6.27856
6.27856
6.27856
6.27856
6.27856
6.27856
6.27856
6.27856
6.27856
6.27856
6.27856
6.27856
6.27856
6.27856
6.27856
6.27856
6.27856
6.27856
6.27856
6.27856
6.27856
6.27856
6.27856
6.27856
6.27856
6.27856
6.27856
6.27856
6.27856
6.27856
6.27856
6.27856
6.27856
6.27856
6.27856
6.27856
6.27856
6.27856
6.27856
6.27856
6.27856
6.27856
6.27856
6.27856
6.27856
6.27856
6.27856
6.27856
6.27856
6.27856
6.27856
6.27856
6.27856
6.27856
6.27856
6.27856
6.27856
6.27856
6.27856
6.27856
6.27856
6.27856
6.27856
6.27856
6.27856
6.27856
6.27856
6.27856
6.27856
6.27856
6.27856
6.27856
6.27856
6.27856
6.27856
6.27856
6.27856
6.27856
6.27856
6.27856
6.27856
6.27856
6.27856
6.27856
6.27856
6.27856
6.27856
6.27856
6.27856
6.27856
6.27856
6.27856
6.27856
6.27856
6.27856
6.27856
6.27856
6.27856
6.27856
6.27856
6.27856
6.27856
6.27856
6.27856
6.27856
6.27856
6.27856
6.27856
6.27856
6.27856
6.27856
6.27856
6.27856
6.27856
6.27856
6.27856
6.27856
6.27856
6.27856
6.27856
6.27856
6.27856
6.27856
6.27856
6.27856
6.27856
6.27856
6.27856
6.27856
6.27856
6.27856
6.27856
6.27856
6.27856
6.27856
6.27856
6.27856
6.27856
6.27856
6.27856
6.27856
6.27856
6.27856
6.27856
6.27856
6.27856
6.27856
6.27856
6.27856
6.27856
6.27856
6.27856
6.27856
6.27856
6.27856
6.27856
6.27856
6.27856
6.27856
6.27856
6.27856
6.27856
6.27856
6.27856
6.27856
6.27856
6.27856
6.27856
6.27856
6.27856
6.27856
6.27856
6.27856
6.27856
6.27856
6.27856
6.27856
6.27856
6.27856
6.27856
6.27856
6.27856
6.27856
6.27856
6.27856
6.27856
6.27856
6.27856
6.27856
6.27856
6.27856
6.27856
6.27856
6.27856
6.27856
6.27856
6.27856
6.27856
6.27856
6.27856
6.27856
6.27856
6.27856
6.27856
6.27856
6.27856
6.27856
6.27856
6.27856
6.27856
6.27856
6.27856
6.27856
6.27856
6.27856
6.27856
6.27856
6.27856
6.27856
6.27856
6.27856
6.27856
6.27856
6.27856
6.27856
6.27856
6.27856
6.27856
6.27856
6.27856
6.27856
6.27856
6.27856
6.27856
6.27856
6.27856
6.27856
6.27856
6.27856
6.27856
6.27856
6.27856
6.27856
6.27856
6.27856
6.27856
6.27856
