33.0457
29.9584
27.9626
27.7931
27.5565
27.2738
26.8795
26.5358
25.7186
25.6904
25.4012
24.3458
24.3148
24.172
23.7069
23.2224
22.1265
21.6961
20.9216
20.9178
20.8953
20.7924
20.4973
20.4482
20.4477
20.452
20.4429
20.2096
18.9211
18.9092
18.8935
18.852
18.7485
18.723
18.5636
18.2541
18.145
16.9299
16.3992
16.2201
16.102
16.0937
16.0295
15.9541
15.3734
15.3663
15.3548
15.3167
15.3014
15.2952
15.2944
15.2914
15.2733
15.1242
15.086
15.0863
15.0806
15.0395
14.7162
14.5326
14.5271
14.4823
14.4114
14.4108
14.4075
14.4121
14.4069
14.3651
14.3092
14.3174
14.3108
14.2788
13.8872
13.716
13.3012
12.707
12.7037
12.7106
12.7104
12.7052
12.7081
12.697
12.6493
12.4415
12.4226
12.4213
12.4056
12.2722
12.1676
12.1635
12.1635
12.1666
12.1581
12.1112
12.1128
12.1047
12.106
12.0813
12.0652
12.031
11.753
11.3136
11.3122
11.2066
10.75
10.4508
10.4533
10.4533
10.4521
10.4528
10.4533
10.4523
10.4533
10.4525
10.4527
10.4529
10.453
10.4532
10.4511
10.4508
10.4528
10.4533
10.4528
10.4318
10.2474
10.2166
10.2159
10.2193
10.2178
10.2163
10.2102
10.1708
10.1369
10.0142
9.7085
9.14747
9.14712
9.1459
9.14567
9.14629
9.1458
9.12782
9.12865
9.12948
9.12912
9.11765
9.10334
8.94346
8.80979
8.8071
8.8095
8.78617
8.56914
8.39421
8.09802
6.76396
6.76404
6.76355
6.76368
6.76351
6.75584
6.74001
6.6217
6.62102
6.62172
6.6216
6.62166
6.62198
6.62172
6.59075
6.41868
6.29963
6.29951
6.29951
6.29963
6.29958
6.2996
6.29953
6.29963
6.29951
6.2996
6.29963
6.2996
6.29935
6.29953
6.29963
6.29953
6.29963
6.29963
6.29953
6.29963
6.29953
6.29953
6.29796
6.28985
6.25314
6.25319
6.25319
6.25319
6.25314
6.25317
6.25319
6.25319
6.25317
6.25317
6.25317
6.25319
6.25319
6.25319
6.25317
6.25141
6.2403
6.2403
6.2403
6.2403
6.2403
6.2403
6.2403
6.2403
6.2403
6.2403
6.2403
6.2403
6.2403
6.2403
6.2403
6.2403
6.2403
6.2403
6.2403
6.2403
6.2403
6.2403
6.2403
6.2403
6.2403
6.2403
6.2403
6.2403
6.2403
6.2403
6.2403
6.2403
6.2403
6.2403
6.2403
6.2403
6.2403
6.2403
6.2403
6.2403
6.2403
6.2403
6.2403
6.2403
6.2403
6.2403
6.2403
6.2403
6.2403
6.2403
6.2403
6.2403
6.2403
6.2403
6.2403
6.2403
6.2403
6.2403
6.2403
6.2403
6.2403
6.2403
6.2403
6.2403
6.2403
6.2403
6.2403
6.2403
6.2403
6.2403
6.2403
6.2403
6.2403
6.2403
6.2403
6.2403
6.2403
6.2403
6.2403
6.2403
6.2403
6.2403
6.2403
6.2403
6.2403
6.2403
6.2403
6.2403
6.2403
