49
54
221
169
9
29
68
312
38
96
43
144
40
209
192
39
55
19
256
78
28
5
140
2
10
8
22
333
184
255
35
198
3
89
123
130
62
120
72
403
144
333
197
60
128
180
12
182
135
20
30
45
150
169
40
242
89
107
3
103
81
300
18
64
55
17
36
18
121
8
6
9
14
118
26
364
20
16
31
177
127
17
60
217
53
48
36
7
103
29
278
49
145
69
19
2
251
227
218
9
24
200
102
21
80
8
10
262
227
124
12
40
21
44
156
128
247
185
354
94
173
4
21
28
2
13
79
34
52
131
29
78
69
13
99
175
24
120
22
57
37
51
31
44
620
43
116
42
48
46
199
22
87
7
35
16
14
155
5
130
106
17
24
7
48
174
61
118
61
95
42
166
158
380
83
284
147
291
107
148
66
74
65
51
256
56
12
287
117
52
139
164
229
194
337
85
187
42
102
150
243
317
59
73
30
448
91
5
75
149
21
88
8
189
8
9
50
24
118
12
110
70
32
122
104
69
28
65
57
154
41
114
187
37
70
61
81
42
67
34
92
201
344
99
139
79
97
100
87
213
8
42
27
42
196
150
51
92
57
191
31
49
24
60
371
104
62
125
114
53
6
41
2
242
26
57
88
92
164
167
15
112
178
35
14
33
40
77
17
10
46
161
87
260
15
41
180
287
272
5
18
45
22
137
126
130
11
52
206
122
173
112
24
9
236
20
54
12
133
7
82
15
173
16
33
3
26
44
121
55
5
7
67
91
106
38
77
18
38
67
9
57
61
195
47
40
4
10
63
7
153
10
204
27
79
210
34
85
67
93
142
10
136
149
103
95
3
3
134
26
11
157
154
210
5
45
19
57
350
100
38
79
40
102
78
231
3
97
54
2
5
66
2
72
124
196
17
223
181
74
58
182
222
94
228
14
98
29
125
126
41
13
45
132
243
27
70
69
161
19
11
153
120
74
46
91
66
113
4
36
66
52
117
170
194
40
175
88
12
10
69
13
38
184
72
125
47
51
47
68
240
20
27
79
63
32
86
59
206
69
167
45
111
61
37
9
136
141
112
95
25
49
133
173
36
60
86
71
91
21
22
14
22
51
26
104
8
135
42
45
50
76
37
25
229
25
55
44
119
118
