14.6492
13.6253
13.4535
12.9979
12.6772
12.147
12.0713
11.8284
11.774
11.4912
11.2412
10.7746
10.2828
10.2752
10.14
9.89408
9.86848
9.78182
9.42874
9.14781
9.14303
9.12253
9.06541
9.03906
9.01428
8.99901
8.88877
8.80293
8.79691
8.79453
8.77602
8.67825
8.22258
8.22358
8.21894
8.19682
8.14336
8.14068
8.13139
8.04869
7.92845
7.92639
7.90767
7.90463
7.88326
7.79639
7.78132
7.71123
7.61711
7.61607
7.59106
7.46602
7.46271
7.43998
7.29374
7.27909
7.27952
7.27985
7.27897
7.27871
7.26787
7.22276
7.20961
7.16732
7.12974
7.12567
7.12662
7.12654
7.12433
7.11119
7.10852
7.10802
7.10707
7.10585
7.10291
7.06663
7.03025
7.02892
7.02138
7.01514
7.0149
7.01533
7.01431
6.92664
6.50901
6.50938
6.50932
6.50818
6.50231
6.50096
6.50123
6.5003
6.50083
6.50119
6.50101
6.50062
6.5011
6.50069
6.50061
6.50056
6.50007
6.50047
6.49652
6.48713
6.44853
6.44849
6.44798
6.44783
6.44803
6.44773
6.44847
6.4483
6.44815
6.44688
6.44853
6.44853
6.4484
6.44791
6.44849
6.44779
6.44739
6.44842
6.44845
6.44791
6.44786
6.44597
6.42628
6.42352
6.42359
6.42254
6.41397
6.32662
6.11125
6.11087
6.11165
6.11184
6.1114
6.11061
6.11184
6.11154
6.1112
6.09599
6.00146
6.00158
6.00081
6.00073
5.99473
5.96724
5.96652
5.96673
5.96735
5.96637
5.96732
5.96436
5.94865
5.93342
5.92321
5.92301
5.92301
5.92323
5.92323
5.92318
5.92323
5.92284
5.92306
5.92266
5.92234
5.92298
5.92296
5.92244
5.92323
5.92304
5.92304
5.92311
5.92278
5.92253
5.92294
5.92301
5.92323
5.92311
5.92266
5.92306
5.9231
5.92323
5.92306
5.92235
5.92301
5.92323
5.92311
5.92235
5.92297
5.92323
5.92323
5.92291
5.92231
5.92299
5.92064
5.90179
5.86304
5.86346
5.86455
5.8549
5.78363
5.75415
5.75437
5.75451
5.75436
5.75449
5.754
5.75459
5.7546
5.7546
5.7546
5.754
5.75065
5.72989
5.72114
5.72131
5.72129
5.72135
5.72135
5.72135
5.72135
5.72122
5.72105
5.72097
5.72117
5.72099
5.72071
5.7181
5.71311
5.66703
5.66463
5.66465
5.66458
5.66468
5.66468
5.66334
5.66458
5.66468
5.66339
5.66468
5.66468
5.66468
5.66465
5.66468
5.66468
5.66463
5.66463
5.66468
5.66468
5.66468
5.66468
5.66334
5.66178
5.64476
5.63888
5.6388
5.63888
5.63888
5.63888
5.63888
5.63888
5.63888
5.63888
5.63888
5.63888
5.63888
5.63888
5.63766
5.63888
5.63888
5.63759
5.63888
5.63888
5.63888
5.63888
5.63888
5.63888
5.63888
5.63888
5.63888
5.63759
5.63888
5.63888
5.63888
5.63888
5.63888
5.63888
5.63888
5.63888
5.63888
5.63888
5.63888
5.63888
5.63888
5.63888
5.63759
5.63888
5.63759
5.63888
5.63759
5.63888
5.63888
5.63888
5.63759
5.63888
5.63888
5.63888
5.63888
5.63888
5.63888
5.63888
5.63888
5.63888
5.63888
5.63888
5.63888
5.63759
5.63759
5.63888
5.63888
5.63888
5.63888
5.63888
5.63888
5.63888
5.63888
5.63888
5.63888
5.63888
5.63888
5.63888
5.63888
5.63888
5.63759
5.63888
5.63888
5.63888
5.63888
5.63759
5.63888
5.63888
5.63888
5.63888
5.63888
5.63888
5.63888
5.63888
5.63888
5.63759
5.63888
5.63888
5.63888
5.63888
5.63888
5.63888
5.63888
5.63759
5.63888
5.63888
5.63888
5.63888
5.63888
5.63759
5.63888
5.63888
5.63759
5.63888
5.63888
5.63888
5.63888
5.63888
5.63888
5.63888
5.63888
5.63888
5.63888
5.63888
5.63888
5.63888
5.63888
5.63888
5.63759
5.63888
5.63888
5.63759
5.63888
5.63888
5.63888
5.63888
5.63888
5.63888
5.63888
5.63888
5.63888
5.63888
5.63888
5.63888
5.63888
5.63888
5.63888
5.63888
5.63888
5.63888
5.63888
5.63888
5.63888
5.63888
5.63888
5.63888
5.63888
5.63888
5.63888
5.63888
5.63888
5.63759
5.63759
5.63888
5.63888
5.63888
5.63888
5.63888
5.63888
5.63888
5.63888
5.63888
5.63888
5.63888
5.63888
5.63888
5.63888
5.63888
5.63888
5.63888
5.63888
5.63888
5.63888
5.63888
5.63888
5.63888
5.63888
5.63888
5.63888
5.63888
5.63888
5.63888
5.63888
5.63888
5.63888
5.63888
5.63888
5.63888
5.63888
5.63888
5.63888
5.63888
5.63888
5.63888
5.63888
5.63888
5.63888
5.63888
5.63888
5.63888
5.63888
5.63888
5.63888
5.63888
5.63888
5.63888
5.63759
5.63888
5.63888
5.63759
5.63759
5.63888
5.63888
5.63888
5.63888
5.63888
5.63888
5.63759
5.63888
5.63888
5.63888
5.63888
5.63888
5.63888
5.63888
5.63888
5.63888
5.63888
5.63888
5.63759
5.63888
5.63888
5.63888
5.63888
5.63888
5.63888
5.63888
5.63888
5.63888
5.63888
5.63888
5.63888
5.63888
5.63888
5.63888
5.63888
5.63888
5.63888
5.63888
5.63631
5.63888
5.63888
5.63888
5.63759
5.63888
5.63888
5.63759
5.63888
5.63888
5.63888
5.63888
5.63888
5.63888
5.63888
5.63888
5.63888
5.63888
5.63888
5.63888
5.63888
5.63888
5.63888
5.63888
5.63888
5.63888
5.63888
5.63759
5.63888
5.63888
5.63888
5.63888
5.63888
5.63888
5.63888
5.63888
5.63888
5.63888
5.63759
5.63888
5.63888
5.63888
5.63888
5.63759
5.63759
5.63888
5.63888
5.63888
5.63888
5.63888
5.63888
5.63888
5.63888
5.63888
5.63888
5.63888
5.63888
5.63759
5.63759
5.63888
5.63888
5.63888
5.63888
5.63759
5.54779
5.15627
4.99652
4.99654
4.99653
4.99653
4.99652
4.99654
4.99654
4.99654
4.99654
4.99654
4.99652
4.99654
4.99653
4.99654
4.99654
4.99654
4.99654
4.99654
4.99653
4.99604
4.99184
4.99095
4.99095
4.99095
4.99095
4.99095
4.99095
4.99095
4.99095
4.99095
4.99095
4.99095
4.99095
4.99095
4.99095
4.99095
4.99095
4.99095
4.99095
4.99095
4.99095
4.99095
4.99095
4.99095
4.99095
4.99095
4.99095
4.99095
4.99095
4.99095
4.99095
4.99095
4.99095
4.99095
4.99095
4.99095
4.99095
4.99095
4.99095
4.99095
4.99095
4.99095
4.99095
4.99095
4.99095
4.99095
4.99095
4.99095
4.99095
4.99095
4.99095
4.99095
4.99095
4.99095
4.99095
4.99095
4.99095
4.99095
4.99095
4.99095
4.99095
4.99095
4.99095
4.99095
4.99095
4.99095
4.99095
4.99095
4.99095
4.99095
4.99095
4.99095
4.99095
4.99095
4.99095
4.99095
4.99095
4.99095
4.99095
4.99095
4.99095
4.99095
4.99095
4.99095
4.99095
4.99095
4.99095
4.99095
4.99095
4.99095
4.99095
4.99095
4.99095
4.99095
4.99095
4.99095
4.99095
4.99095
4.99095
4.99095
4.99095
4.99095
4.99095
4.99095
4.99095
4.99095
4.99095
4.99095
4.99095
4.99095
4.99095
4.99095
4.99095
4.99095
4.99095
4.99095
4.99095
4.99095
4.99095
4.99095
4.99095
4.99095
4.99095
4.99095
4.99095
4.99095
4.99095
4.99095
4.99095
4.99095
4.99095
4.99095
4.99095
4.99095
4.99095
4.99095
4.99095
4.99095
4.99095
4.99095
4.99095
4.99095
4.99095
4.99095
4.99095
4.99095
4.99095
4.99095
4.99095
4.99095
4.99095
4.99095
4.99095
4.99095
4.99095
4.99095
4.99095
4.99095
4.99095
4.99095
4.99095
4.99095
4.99095
4.99095
4.99095
4.99095
4.99095
4.99095
4.99095
4.99095
4.99095
4.99095
4.99095
4.99095
4.99095
4.99095
4.99095
4.99095
4.99095
4.99095
4.99095
4.99095
4.99095
4.99095
4.99095
4.99095
4.99095
4.99095
4.99095
4.99095
4.99095
4.99095
4.99095
4.99095
4.99095
4.99095
4.99095
4.99095
4.99095
4.99095
4.99095
4.99095
4.99095
4.99095
4.99095
4.99095
4.99095
4.99095
4.99095
4.99095
4.99095
4.99095
4.99095
4.99095
4.99095
4.99095
4.99095
4.99095
4.99095
4.99095
4.99095
4.99095
4.99095
4.99095
4.99095
4.99095
4.99095
4.99095
4.99095
4.99095
4.99095
4.99095
4.99095
4.99095
4.99095
4.99095
4.99095
4.99095
4.99095
4.99095
4.99095
4.99095
4.99095
4.99095
4.99095
4.99095
4.99095
4.99095
4.99095
4.99095
4.99095
4.99095
4.99095
4.99095
4.99095
4.99095
4.99095
4.99095
4.99095
4.99095
4.99095
4.99095
4.99095
4.99095
4.99095
4.99095
4.99095
4.99095
4.99095
4.99095
4.99095
4.99095
4.99095
4.99095
4.99095
4.99095
4.99095
4.99095
4.99095
4.99095
4.99095
4.99095
4.99095
4.99095
4.99095
4.99095
4.99095
4.99095
4.99095
4.99095
4.99095
4.99095
4.99095
4.99095
4.99095
4.99095
4.99095
4.99095
4.99095
4.99095
4.99095
4.99095
4.99095
4.99095
4.99095
4.99095
4.99095
4.99095
4.99095
4.99095
4.99095
4.99095
4.99095
4.99095
4.99095
4.99095
4.99095
4.99095
4.99095
4.99095
4.99095
4.99095
4.99095
4.99095
4.99095
4.99095
4.99095
4.99095
4.99095
4.99095
4.99095
4.99095
4.99095
4.99095
4.99095
4.99095
4.99095
4.99095
4.99095
4.99095
4.99095
4.99095
4.99095
4.99095
4.99095
4.99095
4.99095
4.99095
4.99095
4.99095
4.99095
4.99095
4.99095
4.99095
4.99095
4.99095
4.99095
4.99095
4.99095
4.99095
4.99095
4.99095
4.99095
4.99095
4.99095
4.99095
4.99095
4.99095
4.99095
4.99095
4.99095
4.99095
4.99095
4.99095
4.99095
4.99095
4.99095
4.99095
4.99095
4.99095
4.99095
4.99095
4.99095
4.99095
4.99095
4.99095
4.99095
4.99095
4.99095
4.99095
4.99095
4.99095
4.99095
4.99095
4.99095
4.99095
4.99095
4.99095
4.99095
4.99095
