13.0696
13.0029
12.3278
11.898
11.8349
11.0455
11.3566
11.2288
11.0057
10.3463
10.3463
9.85648
9.90783
9.65402
9.53876
9.16278
9.21634
9.21634
9.0922
8.95832
8.65927
8.81245
8.83272
8.68181
8.70941
8.44428
8.2481
8.54366
8.44777
8.35988
8.28118
8.20311
8.06653
7.88896
8.04093
7.89082
7.99237
8.02618
8.04983
7.9805
7.78567
7.68363
7.68363
7.7328
7.53765
7.53765
7.53765
7.17103
7.37465
7.26103
7.17103
7.23131
7.34203
7.2907
7.21778
7.2907
7.21207
7.21159
7.21159
7.21207
7.21778
6.82796
7.02166
7.09011
6.97938
6.96015
6.92292
6.99976
6.79777
6.93485
6.56491
6.91374
6.93177
6.77221
6.89535
7.02429
6.87573
6.93142
6.9563
6.7891
6.89001
6.93284
6.65611
6.65611
6.61277
6.61277
6.61934
6.61277
6.58982
6.58615
6.61934
6.4535
6.58653
6.4535
6.6021
6.63123
6.58615
6.36123
6.4535
6.59104
6.54523
6.34915
6.34915
6.34915
6.34915
6.28441
6.17073
6.19678
6.17073
6.27919
5.96521
6.27919
6.17073
6.17073
6.33222
6.05427
6.29792
6.29792
5.96521
6.19678
6.10625
6.01836
6.01836
6.10625
5.92356
6.01836
6.01836
5.74514
5.86542
5.92783
5.74514
5.89716
5.65462
5.88095
5.87179
5.65462
5.65462
5.8183
5.81099
5.58466
5.80576
5.58466
5.81741
5.8101
5.81741
5.65372
5.58377
5.58377
5.81741
5.58377
5.58377
5.52773
5.52773
5.52773
5.52773
5.52773
5.52773
5.52773
5.52773
5.52773
5.46531
5.46531
5.44887
5.44887
5.44887
5.52773
5.52773
5.52773
5.52773
5.44887
5.46531
5.44887
5.52773
5.52773
5.52773
5.44887
5.52773
5.46531
5.52773
5.52773
5.44887
5.52773
5.46531
5.44887
5.52773
5.44887
5.44887
5.44887
5.52773
5.52773
5.44887
5.52773
5.44887
5.46531
5.44887
5.52773
5.52773
5.44887
5.52773
5.52773
13.0696
13.0029
12.3278
11.898
11.8349
11.0455
11.3566
11.2288
11.0057
10.3463
10.3463
9.85648
9.90783
9.65402
9.53876
9.16278
9.21634
9.21634
9.0922
8.95832
8.65927
8.81245
8.83272
8.68181
8.70941
8.44428
8.2481
8.54366
8.44777
8.35988
8.28118
8.20311
8.06653
7.88896
8.04093
7.89082
7.99237
8.02618
8.04983
7.9805
7.78567
7.68363
7.68363
7.7328
7.53765
7.53765
7.53765
7.17103
7.37465
7.26103
7.17103
7.23131
7.34203
7.2907
7.21778
7.2907
7.21207
7.21159
7.21159
7.21207
7.21778
6.82796
7.02166
7.09011
6.97938
6.96015
6.92292
6.99976
6.79777
6.93485
6.56491
6.91374
6.93177
6.77221
6.89535
7.02429
6.87573
6.93142
6.9563
6.7891
6.89001
6.93284
6.65611
6.65611
6.61277
6.61277
6.61934
6.61277
6.58982
6.58615
6.61934
6.4535
6.58653
6.4535
6.6021
6.63123
6.58615
6.36123
6.4535
6.59104
6.54523
6.34915
6.34915
6.34915
6.34915
6.28441
6.17073
6.19678
6.17073
6.27919
5.96521
6.27919
6.17073
6.17073
6.33222
6.05427
6.29792
6.29792
5.96521
6.19678
6.10625
6.01836
6.01836
6.10625
5.92356
6.01836
6.01836
5.74514
5.86542
5.92783
5.74514
5.89716
5.65462
5.88095
5.87179
5.65462
5.65462
5.8183
5.81099
5.58466
5.80576
5.58466
5.81741
5.8101
5.81741
5.65372
5.58377
5.58377
5.81741
5.58377
5.58377
5.52773
5.52773
5.52773
5.52773
5.52773
5.52773
5.52773
5.52773
5.52773
5.46531
5.46531
5.44887
5.44887
5.44887
5.52773
5.52773
5.52773
5.52773
5.44887
5.46531
5.44887
5.52773
5.52773
5.52773
5.44887
5.52773
5.46531
5.52773
5.52773
5.44887
5.52773
5.46531
5.44887
5.52773
5.44887
5.44887
5.44887
5.52773
5.52773
5.44887
5.52773
5.44887
5.46531
5.44887
5.52773
5.52773
5.44887
5.52773
5.52773
13.0696
13.0029
12.3278
11.898
11.8349
11.0455
11.3566
11.2288
11.0057
10.3463
10.3463
9.85648
9.90783
9.65402
9.53876
9.16278
9.21634
9.21634
9.0922
8.95832
8.65927
8.81245
8.83272
8.68181
8.70941
8.44428
8.2481
8.54366
8.44777
8.35988
8.28118
8.20311
8.06653
7.88896
8.04093
7.89082
7.99237
8.02618
8.04983
7.9805
7.78567
7.68363
7.68363
7.7328
7.53765
7.53765
7.53765
7.17103
7.37465
7.26103
7.17103
7.23131
7.34203
7.2907
7.21778
7.2907
7.21207
7.21159
7.21159
7.21207
7.21778
6.82796
7.02166
7.09011
6.97938
6.96015
6.92292
6.99976
6.79777
6.93485
6.56491
6.91374
6.93177
6.77221
6.89535
7.02429
6.87573
6.93142
6.9563
6.7891
6.89001
6.93284
6.65611
6.65611
6.61277
6.61277
6.61934
6.61277
6.58982
6.58615
6.61934
6.4535
6.58653
6.4535
6.6021
6.63123
6.58615
6.36123
6.4535
6.59104
6.54523
6.34915
6.34915
6.34915
6.34915
6.28441
6.17073
6.19678
6.17073
6.27919
5.96521
6.27919
6.17073
6.17073
6.33222
6.05427
6.29792
6.29792
5.96521
6.19678
6.10625
6.01836
6.01836
6.10625
5.92356
6.01836
6.01836
5.74514
5.86542
5.92783
5.74514
5.89716
5.65462
5.88095
5.87179
5.65462
5.65462
5.8183
5.81099
5.58466
5.80576
5.58466
5.81741
5.8101
5.81741
5.65372
5.58377
5.58377
5.81741
5.58377
5.58377
5.52773
5.52773
5.52773
5.52773
5.52773
5.52773
5.52773
5.52773
5.52773
5.46531
5.46531
5.44887
5.44887
5.44887
5.52773
5.52773
5.52773
5.52773
5.44887
5.46531
5.44887
5.52773
5.52773
5.52773
5.44887
5.52773
5.46531
5.52773
5.52773
5.44887
5.52773
5.46531
5.44887
5.52773
5.44887
5.44887
5.44887
5.52773
5.52773
5.44887
5.52773
5.44887
5.46531
5.44887
5.52773
5.52773
5.44887
5.52773
5.52773
13.0696
13.0029
12.3278
11.898
11.8349
11.0455
11.3566
11.2288
11.0057
10.3463
10.474
9.96576
10.0407
9.7031
9.58051
9.50105
9.35413
9.35413
8.93979
8.4222
8.84019
8.76477
8.68053
8.61781
8.70305
8.74943
8.60128
8.45085
8.58276
8.4785
8.37281
8.29795
7.98861
7.84949
8.1914
8.12836
8.12836
7.96367
8.18908
7.99974
7.82836
7.95629
7.94409
7.4546
7.75914
7.55175
7.36329
7.14877
7.1632
7.14877
6.90677
7.29274
7.1118
7.1118
6.95078
7.06779
7.12986
7.06526
6.95078
6.93977
6.95078
6.88507
6.88507
7.09957
6.94458
6.74231
6.32436
7.07191
6.85543
6.69363
6.74748
6.60581
6.74748
6.7774
6.74748
6.65677
6.52942
6.75001
6.5948
6.66642
6.60581
6.55365
6.66026
6.60581
6.66026
6.51234
6.57456
6.51234
6.6275
6.5041
6.56844
6.5041
6.50175
6.60587
6.61649
6.24122
6.50175
6.61718
6.3221
6.61335
6.61718
6.56002
6.48857
6.4854
6.4329
6.49565
6.48023
6.33435
6.44386
6.33435
6.37632
6.44386
6.5329
6.42401
6.56002
6.37632
6.44306
6.53707
6.42401
6.53009
6.44386
6.30443
6.30443
6.45177
6.00101
6.25575
6.25575
6.12864
6.07604
6.2309
6.19833
6.19833
6.1395
6.1395
6.06347
6.19833
6.1395
6.03873
6.07121
6.19656
6.19833
6.1395
6.19833
6.07121
6.19833
6.06347
6.01652
6.01652
6.11995
6.01652
6.05846
5.96035
6.01652
5.99283
6.01652
5.84194
6.01652
5.97935
6.01652
5.97935
6.01652
6.01652
5.84194
5.85692
5.86453
6.01652
5.86453
5.93673
5.9511
5.84194
5.74604
5.88996
5.84194
5.84194
5.86453
6.01652
6.01652
5.9511
5.74604
5.8894
6.01475
6.01652
5.8894
6.01652
6.01475
6.01652
5.85692
5.74604
5.86453
5.85692
5.97935
6.01652
5.8894
5.88996
6.01652
5.86453
5.66944
5.74604
5.86453
5.73797
5.73742
5.73742
5.69501
5.64136
5.73742
5.64136
5.73742
5.52406
5.73742
5.69501
5.60101
5.73451
5.52406
5.64136
5.60101
5.59566
5.64136
5.59896
5.428
5.64136
5.50495
5.58568
5.428
5.50495
5.58568
5.64136
5.5148
5.64136
5.58568
5.64136
5.59566
5.59566
5.3823
5.4691
5.53861
5.3823
5.3823
5.53998
5.48292
5.53998
5.2158
5.41342
5.50349
5.53998
5.53998
5.53998
5.41342
5.53998
5.52003
5.53998
5.2158
5.53998
5.53998
5.53998
5.52003
5.50349
5.2158
5.53998
5.39223
5.41342
5.53998
5.2158
5.38039
5.53998
5.50349
5.41249
5.53821
5.41249
5.38039
5.53998
5.32662
5.22561
5.32662
5.32662
5.22561
5.32662
5.2827
5.22602
5.31088
5.00244
5.24035
5.25922
4.98669
5.18338
5.24856
5.30207
5.30207
5.25922
5.18338
5.24035
4.91616
5.17413
5.24035
5.24035
5.17413
5.16961
5.24035
4.91616
5.24035
5.24035
5.17413
5.11285
5.11285
5.24035
5.17413
5.24035
5.24035
5.24035
5.17413
5.18869
5.15187
5.1947
5.24035
5.24035
5.18869
5.16961
5.24035
5.24035
5.24035
5.11285
5.11285
5.11285
5.11285
4.91616
5.24035
5.11285
5.16961
5.24035
5.18869
5.24035
5.24035
5.24035
5.16961
4.91616
5.24035
5.24035
5.1947
5.1947
5.1947
5.24035
5.24035
5.24035
5.11285
5.24035
4.91616
5.24035
5.11285
5.24035
5.18869
5.24035
5.1947
5.11285
5.18869
5.18869
5.24035
5.24035
5.24035
5.16961
5.24035
5.24035
5.1947
5.17413
5.24035
5.17413
5.24035
5.24035
5.16961
5.18869
5.18869
5.1947
5.16961
5.24035
5.18869
5.17413
5.1749
5.18869
5.17422
5.18869
5.18869
5.16961
5.17422
5.18869
5.16961
4.95162
5.18869
4.95162
5.18869
5.18869
5.18869
5.06653
5.18869
5.18869
5.16961
5.1749
5.06653
5.06653
5.06653
4.84042
4.84042
5.04182
5.04742
4.91616
5.02817
5.04271
5.0377
4.84042
5.06152
4.84042
4.84042
5.06152
4.84042
5.05318
5.0377
5.06152
5.00542
4.84042
4.84042
4.8166
4.8166
4.8213
4.8213
4.84042
4.80339
4.84042
4.80339
4.82702
4.83208
4.84042
4.83208
4.8166
4.8166
4.8166
4.8166
4.84042
4.8166
4.8166
4.84042
4.81571
4.84042
4.8166
4.80339
4.80339
4.84042
4.83208
4.84042
4.84042
4.83208
4.84042
4.80339
4.80339
4.80339
4.80339
4.80339
4.80339
4.80339
4.80339
4.80339
4.80339
4.80339
4.80339
4.80339
4.80339
4.80339
4.80339
4.80339
4.80339
4.80339
4.80339
4.80339
4.80339
4.80339
4.80339
4.80339
4.80339
4.80339
4.80339
4.80339
4.80339
4.80339
4.80339
4.80339
4.80339
4.80339
4.80339
4.80339
4.80339
4.80339
4.80339
4.80339
4.80339
4.80339
4.80339
4.80339
4.80339
4.80339
4.80339
4.80339
4.80339
4.80339
4.80339
4.80339
4.80339
4.80339
4.80339
4.80339
4.80339
4.80339
4.80339
4.80339
4.80339
4.80339
4.80339
4.80339
4.80339
4.80339
4.80339
4.80339
4.80339
4.80339
4.80339
4.80339
4.80339
4.80339
4.80339
4.80339
4.80339
4.80339
4.80339
4.80339
4.80339
4.80339
4.80339
4.80339
4.80339
4.80339
4.80339
4.80339
4.80339
4.80339
4.80339
4.80339
4.80339
4.80339
4.80339
4.80339
4.80339
4.80339
4.80339
4.80339
4.80339
4.80339
4.80339
4.80339
4.80339
4.80339
4.80339
4.80339
4.80339
4.80339
4.80339
4.80339
4.80339
4.80339
4.80339
4.80339
4.80339
4.80339
4.80339
4.80339
4.80339
4.80339
4.80339
4.80339
4.80339
4.80339
4.80339
4.80339
4.80339
4.80339
4.80339
4.80339
4.80339
4.80339
4.80339
4.80339
4.80339
4.80339
4.80339
4.80339
4.80339
4.80339
4.80339
4.80339
4.80339
4.80339
4.80339
4.80339
4.80339
4.80339
4.80339
4.80339
4.80339
4.80339
4.80339
4.80339
4.80339
4.80339
4.80339
4.80339
4.80339
4.80339
4.80339
4.80339
4.80339
4.80339
4.80339
4.80339
4.80339
4.80339
4.80339
4.80339
4.80339
4.80339
4.80339
4.80339
4.80339
4.80339
4.80339
4.80339
4.80339
4.80339
4.80339
4.80339
4.80339
4.80339
4.80339
4.80339
4.80339
4.80339
4.80339
4.80339
4.80339
4.80339
4.80339
4.80339
4.80339
4.80339
4.80339
4.80339
4.80339
4.80339
4.80339
4.80339
4.80339
4.80339
4.80339
4.80339
4.80339
4.80339
4.80339
4.80339
4.80339
4.80339
4.80339
4.80339
4.80339
4.80339
4.80339
4.80339
4.80339
4.80339
4.80339
4.80339
4.80339
4.80339
4.80339
4.80339
4.80339
4.80339
4.80339
4.80339
4.80339
4.80339
4.80339
4.80339
4.80339
4.80339
4.80339
4.80339
4.80339
4.80339
4.80339
4.80339
4.80339
4.80339
4.80339
4.80339
4.80339
4.80339
4.80339
4.80339
4.80339
4.80339
4.80339
4.80339
4.80339
4.80339
4.80339
4.80339
4.80339
4.80339
4.80339
4.80339
4.80339
4.80339
4.80339
4.80339
4.80339
4.80339
4.80339
4.80339
4.80339
4.80339
4.80339
4.80339
4.80339
4.80339
4.80339
4.80339
4.80339
4.80339
4.80339
4.80339
4.80339
4.80339
4.80339
4.80339
4.80339
4.80339
4.80339
4.80339
4.80339
4.80339
4.80339
4.80339
4.80339
4.80339
4.80339
4.80339
4.80339
4.80339
4.80339
4.80339
4.80339
4.80339
4.80339
4.80339
4.80339
4.80339
4.80339
4.80339
4.80339
4.80339
4.80339
4.80339
4.80339
4.80339
4.80339
4.80339
4.80339
4.80339
4.80339
4.80339
4.80339
4.80339
4.80339
4.80339
4.80339
4.80339
4.80339
4.80339
4.80339
4.80339
4.80339
4.80339
4.80339
4.80339
4.80339
4.80339
4.80339
4.80339
4.80339
4.80339
4.80339
4.80339
4.80339
4.80339
4.80339
4.80339
4.80339
4.80339
4.80339
4.80339
4.80339
4.80339
4.80339
4.80339
4.80339
4.80339
4.80339
4.80339
4.80339
4.80339
4.80339
4.80339
4.80339
4.80339
4.80339
4.80339
4.80339
4.80339
4.80339
4.80339
4.80339
4.80339
4.80339
4.80339
4.80339
4.80339
4.80339
4.80339
4.80339
4.80339
4.80339
4.80339
4.80339
4.80339
4.80339
4.80339
4.80339
4.80339
4.80339
4.80339
4.80339
4.80339
4.80339
4.80339
4.80339
4.80339
4.80339
4.80339
4.80339
4.80339
4.80339
4.80339
4.80339
4.80339
4.80339
4.80339
4.80339
4.80339
4.80339
4.80339
4.80339
4.80339
4.80339
4.80339
4.80339
4.80339
4.80339
4.80339
4.80339
4.80339
4.80339
4.80339
4.80339
4.80339
4.80339
4.80339
4.80339
4.80339
4.80339
4.80339
4.80339
4.80339
4.80339
4.80339
4.80339
4.80339
4.80339
4.80339
4.80339
4.80339
4.80339
4.80339
4.80339
4.80339
4.80339
4.80339
4.80339
4.80339
4.80339
4.80339
4.80339
4.80339
4.80339
4.80339
4.80339
4.80339
4.80339
4.80339
4.80339
4.80339
4.80339
4.80339
4.80339
4.80339
4.80339
4.80339
4.80339
4.80339
4.80339
4.80339
4.80339
4.80339
4.80339
4.80339
4.80339
4.80339
4.80339
4.80339
4.80339
4.80339
4.80339
4.80339
4.80339
4.80339
4.80339
4.80339
4.80339
4.80339
4.80339
4.80339
4.80339
4.80339
4.80339
4.80339
4.80339
4.80339
4.80339
4.80339
4.80339
4.80339
4.80339
4.80339
4.80339
4.80339
4.80339
4.80339
4.80339
4.80339
4.80339
4.80339
4.80339
4.80339
4.80339
4.80339
4.80339
4.80339
4.80339
4.80339
4.80339
4.80339
4.80339
4.80339
4.80339
4.80339
4.80339
4.80339
4.80339
4.80339
4.80339
4.80339
4.80339
4.80339
4.80339
4.80339
4.80339
4.80339
4.80339
4.80339
4.80339
4.80339
4.80339
4.80339
4.80339
4.80339
4.80339
4.80339
4.80339
