12.3208
11.943
11.1517
11.1517
10.7066
10.4447
10.5152
10.4415
9.9449
9.93777
9.53317
9.53317
9.15191
9.34093
8.99234
9.23183
8.97507
8.97507
8.96016
8.25409
8.63305
8.69095
8.57965
8.27401
8.63523
8.50026
8.15697
8.24037
7.8784
7.7203
8.25396
7.62143
7.71301
7.67883
7.65529
7.54143
7.52104
7.27321
7.24889
7.22583
7.0865
7.24575
7.07853
7.04873
7.15745
6.97437
6.97437
6.97437
6.75856
6.81069
6.75856
6.63372
6.79758
6.72892
6.75308
6.67341
6.74918
6.56365
6.59022
6.67382
6.61563
6.49055
6.65999
6.62214
6.52509
6.4731
6.60682
6.64638
6.56014
6.41598
6.19914
6.58803
6.44254
6.55518
6.44254
6.48032
6.58803
6.56944
6.39065
6.41598
6.39065
6.41598
6.43942
6.43942
6.36702
6.10213
6.33206
6.40486
6.40486
6.28118
6.30143
6.34651
6.26869
6.26869
6.26869
6.28774
6.24219
6.33257
6.20264
6.22914
6.32048
6.32276
6.27818
6.20889
6.21932
6.28307
6.32276
6.32276
6.21932
6.29917
6.19619
6.2644
6.32276
6.16316
6.19619
6.27663
6.16316
6.21932
6.2644
6.21932
6.16316
6.22819
6.16097
6.13784
6.22472
6.10481
6.04639
6.20881
6.0686
6.19833
6.14982
6.16936
6.16936
6.16936
6.03451
6.1395
6.16936
6.16609
6.11332
6.16936
6.16936
6.07869
6.07869
6.0428
6.16097
6.03451
6.11332
6.14578
6.14578
6.03451
6.03451
6.0428
6.16936
6.16936
6.16936
6.00977
6.16936
6.0428
6.1395
6.1395
6.1395
6.1395
6.13623
5.9799
6.1395
6.1395
6.08345
6.00464
6.00464
6.08345
6.1395
6.01293
6.13773
6.00464
6.1311
6.1395
6.1395
6.00464
6.01652
6.01238
6.08345
6.1395
6.01238
6.1395
6.13773
6.1395
5.9799
6.01238
6.08345
5.9799
6.11995
6.1311
6.00464
6.00454
6.1311
6.12934
6.12934
6.12934
6.12934
5.99799
6.00222
6.00222
6.00222
5.88763
6.00222
5.9133
6.00222
5.87088
5.95867
6.00222
5.79734
5.96253
6.00222
6.00222
5.79734
6.00222
5.96253
6.00222
6.00222
6.00222
5.79734
5.7193
6.00222
5.79734
6.00222
5.96253
5.87088
6.00222
6.00222
5.95867
5.80212
5.80212
5.67844
5.67219
5.65965
5.62076
5.76207
5.65965
5.6029
5.73051
5.57968
5.57968
5.76094
5.72354
5.73051
5.71835
5.60058
5.66792
5.7014
5.54916
5.60684
5.58539
5.66792
5.58539
5.66792
5.69336
5.68693
5.54526
5.58149
5.54526
5.66792
5.59325
5.59467
5.65965
5.71835
5.53699
5.53699
5.55803
5.59467
5.71433
5.58842
5.56346
5.43353
5.42809
5.42809
5.52972
5.58842
5.58842
5.52972
5.56343
5.58842
5.42809
5.57776
5.54873
5.42809
5.58842
5.58842
5.42809
5.42809
5.42809
5.52972
5.52972
5.49743
5.49743
5.52972
5.52972
5.43759
5.52972
5.49743
5.52972
5.52972
5.52972
5.49743
5.52972
5.52972
5.52972
5.49743
5.49743
5.49743
5.45775
5.35904
5.49743
5.35904
5.49743
5.49743
5.49743
5.44102
5.49743
5.40281
5.40281
5.49743
5.49743
5.49743
5.49743
5.49743
5.49743
5.48156
5.49743
5.49743
5.35904
5.45775
5.49743
5.49743
5.44102
5.49743
5.40281
5.49743
5.48156
5.49743
5.45775
5.40281
5.35904
5.49743
5.35904
5.49743
5.49743
5.35904
5.4053
5.49743
5.49743
5.40281
5.49743
5.49743
5.49743
5.49743
5.44102
5.4053
5.49743
5.40281
5.35904
5.4053
5.4053
5.4053
5.2669
5.31067
5.40179
5.38059
5.31067
5.38059
5.36827
5.38148
5.36827
5.39696
5.38148
5.39581
5.38109
5.39696
5.39696
5.25857
5.38059
5.35728
5.38109
5.39191
5.30233
5.39696
5.38109
5.30233
5.39696
5.35728
5.25857
5.38059
5.39191
5.39696
5.38619
5.38059
5.39696
5.39696
5.38619
5.38619
5.38148
5.39191
5.38109
5.32167
5.25857
5.39696
5.39696
5.38059
5.39696
5.38109
5.39696
5.39696
5.35728
5.38619
5.38148
5.39581
5.39696
5.30233
5.30233
5.38109
5.39696
5.38059
5.39696
5.39581
5.39696
5.39581
5.39696
5.38148
5.38148
5.39696
5.38619
5.38109
5.38619
5.38619
5.39696
5.38619
5.38619
5.39696
5.39696
5.39696
5.38619
5.39581
5.39581
5.39696
5.38619
5.39191
5.35728
5.39696
5.39696
5.39581
5.39191
5.3731
5.25741
5.36827
5.24674
5.36926
5.36926
5.24674
5.36926
5.36827
5.35784
5.28844
5.26567
5.23759
5.24313
5.24881
5.25363
5.22036
5.24221
5.20832
5.24881
5.24881
5.14606
5.25363
5.24221
5.24221
5.24881
5.24221
5.24221
5.20832
5.20832
5.20832
5.24221
5.24221
5.23738
5.23738
5.24221
5.24221
5.19689
5.19689
5.19689
5.24221
5.23121
5.23121
5.13463
5.19689
5.13463
5.19689
5.19689
5.19689
5.19689
5.19689
5.19689
5.19689
5.19206
5.19689
5.19689
5.19689
5.19689
5.19689
5.19689
5.19689
5.19206
5.19689
5.19206
5.19689
5.08932
5.19206
5.08932
5.19689
5.19689
5.19689
5.19689
5.19206
5.19689
5.19206
5.19206
5.19689
5.08932
5.19689
5.19206
5.19689
5.19689
5.19206
5.19689
5.19689
5.19689
5.19206
5.19206
5.19206
5.08932
5.19689
5.19206
5.19689
5.19689
5.19689
5.19689
5.19689
5.19206
5.19689
5.19689
5.19689
5.19689
5.19206
5.19206
5.19206
5.19206
5.19206
5.19206
5.19206
5.19206
5.19206
5.19206
5.19206
5.19206
5.19206
5.19206
5.19206
5.19206
5.19206
5.19206
5.19206
5.08449
5.19206
5.19206
5.19206
5.19206
5.19206
5.19206
5.08449
5.19206
5.19206
5.19206
5.19206
5.19206
5.19206
5.19206
5.19206
5.19206
5.08449
5.19206
5.19206
5.19206
5.19206
5.19206
5.19206
5.19206
5.19206
5.19206
5.19206
5.19206
4.94141
4.94141
4.94141
4.94141
4.94141
4.94141
4.94141
4.94141
4.94141
4.94141
4.94141
4.94141
4.94141
4.94141
4.94141
4.94141
4.94141
4.94141
4.94141
4.94141
4.94141
4.94141
4.94141
4.94141
4.94141
4.94141
4.94141
4.94141
4.94141
4.94141
4.94141
4.94141
4.94141
4.94141
4.94141
4.94141
4.94141
4.94141
4.94141
4.94141
4.94141
4.94141
4.94141
4.94141
4.94141
4.94141
4.94141
4.94141
4.94141
4.94141
4.94141
4.94141
4.94141
4.94141
4.94141
4.94141
4.94141
4.94141
4.94141
4.94141
4.94141
4.94141
4.94141
4.94141
4.94141
4.94141
4.94141
4.94141
4.94141
4.94141
4.94141
4.94141
4.94141
4.94141
4.94141
4.94141
4.94141
4.94141
4.94141
4.94141
4.94141
4.94141
4.94141
4.94141
4.94141
4.94141
4.94141
4.94141
4.94141
4.94141
4.94141
4.94141
4.94141
4.94141
4.94141
4.94141
4.94141
4.94141
4.94141
4.94141
4.94141
4.94141
4.94141
4.94141
4.94141
4.94141
4.94141
4.94141
4.94141
4.94141
4.94141
4.94141
4.94141
4.94141
4.94141
4.94141
4.94141
4.94141
4.94141
4.94141
4.94141
4.94141
4.94141
4.94141
4.94141
4.94141
4.94141
4.94141
4.94141
4.94141
4.94141
4.94141
4.94141
4.94141
4.94141
4.94141
4.94141
4.94141
4.94141
4.94141
4.94141
4.94141
4.94141
4.94141
4.94141
4.94141
4.94141
4.94141
4.94141
4.94141
4.94141
4.94141
4.94141
4.94141
4.94141
4.94141
4.94141
4.94141
4.94141
4.94141
4.94141
4.94141
4.94141
4.94141
4.94141
4.94141
4.94141
4.94141
4.94141
4.94141
4.94141
4.94141
4.94141
4.94141
4.94141
4.94141
4.94141
4.94141
4.94141
4.94141
4.80339
4.80339
4.80339
4.80339
4.80339
4.80339
4.80339
4.80339
4.80339
4.80339
4.80339
4.80339
4.80339
4.80339
4.80339
4.80339
4.80339
4.80339
4.80339
4.80339
4.80339
4.80339
4.80339
4.80339
4.80339
4.80339
4.80339
4.80339
4.80339
4.80339
4.80339
4.80339
4.80339
4.80339
4.80339
4.80339
4.80339
4.80339
4.80339
4.80339
4.80339
4.80339
4.80339
4.80339
4.80339
4.80339
4.80339
4.80339
4.80339
4.80339
4.80339
4.80339
4.80339
4.80339
4.80339
4.80339
4.80339
4.80339
4.80339
4.80339
4.80339
4.80339
4.80339
4.80339
4.80339
4.80339
4.80339
4.80339
4.80339
4.80339
4.80339
4.80339
4.80339
4.80339
4.80339
4.80339
4.80339
4.80339
4.80339
4.80339
4.80339
4.80339
4.80339
4.80339
4.80339
4.80339
4.80339
4.80339
4.80339
4.80339
4.80339
4.80339
4.80339
4.80339
4.80339
4.80339
4.80339
4.80339
4.80339
4.80339
4.80339
4.80339
4.80339
4.80339
4.80339
4.80339
4.80339
4.80339
4.80339
4.80339
4.80339
4.80339
4.80339
4.80339
4.80339
4.80339
4.80339
4.80339
4.80339
4.80339
4.80339
4.80339
4.80339
4.80339
4.80339
4.80339
4.80339
4.80339
4.80339
4.80339
4.80339
4.80339
4.80339
4.80339
4.80339
4.80339
4.80339
4.80339
4.80339
4.80339
4.80339
4.80339
4.80339
4.80339
4.80339
4.80339
4.80339
4.80339
4.80339
4.80339
4.80339
4.80339
4.80339
4.80339
4.80339
4.80339
4.80339
4.80339
4.80339
4.80339
4.80339
4.80339
4.80339
4.80339
4.80339
4.80339
4.80339
4.80339
4.80339
4.80339
4.80339
4.80339
4.80339
4.80339
4.80339
4.80339
4.80339
4.80339
4.80339
4.80339
4.80339
4.80339
4.80339
4.80339
4.80339
4.80339
4.80339
4.80339
4.80339
4.80339
4.80339
4.80339
4.80339
4.80339
4.80339
4.80339
4.80339
4.80339
4.80339
4.80339
4.80339
4.80339
4.80339
4.80339
4.80339
4.80339
4.80339
4.80339
4.80339
4.80339
4.80339
4.80339
4.80339
4.80339
4.80339
4.80339
4.80339
4.80339
4.80339
4.80339
