12.6326
12.5756
12.0167
11.8561
11.5021
10.8954
11.2038
10.689
10.689
10.6436
9.78894
9.78894
9.74631
9.59836
9.47062
9.21986
8.88298
8.88298
7.99116
8.63406
7.79087
8.45485
8.385
8.385
8.31775
8.35462
7.9194
7.97589
8.14636
8.15324
7.8907
7.42983
7.6724
7.57862
7.08932
7.30286
7.37412
7.53796
7.29573
7.13361
6.94989
7.08933
7.16926
7.04165
7.12068
6.50572
6.50572
5.92521
6.04837
6.10141
5.92521
5.95409
5.95409
6.24681
6.24681
6.14914
6.05353
6.22049
6.22049
6.08558
6.20052
6.19361
6.05353
6.24132
6.08558
6.20747
6.08379
6.21818
6.21384
6.1149
6.21384
6.21818
6.08379
5.88151
6.24132
6.20747
6.1149
5.9119
6.19892
6.21818
6.18433
6.15833
6.18677
6.16383
6.08379
6.03305
6.08379
6.12692
6.05865
6.16163
6.05865
6.05865
6.05042
6.05865
6.00792
6.00792
6.00792
6.0493
6.05865
6.00792
5.9988
6.00792
5.89734
5.98508
5.98508
5.95873
5.94807
6.00792
6.00792
5.95873
6.00792
6.00792
5.95873
6.00792
5.64811
6.00792
5.64811
6.00792
5.98901
6.00792
5.99033
5.98901
5.94807
5.98901
6.00792
5.94807
5.95873
6.00792
5.98508
6.00792
6.00792
5.99857
5.99033
5.98508
5.99969
6.00792
5.99033
5.99033
6.00792
5.95873
5.99033
5.99969
5.95049
5.99857
5.811
5.93984
5.95049
5.97829
5.88882
5.79896
5.98765
5.98765
5.97829
5.79321
5.97714
5.97829
5.78385
5.97714
5.97829
5.97829
5.87947
5.97829
5.97829
5.97829
5.97829
5.95525
5.97714
5.97714
5.87947
5.97714
5.97714
5.97829
5.97714
5.97714
5.97829
5.97829
5.97714
5.97829
5.97829
5.97829
5.97714
5.97829
5.97829
5.95525
5.97829
5.78385
5.97829
5.97714
5.97829
5.97714
5.97829
5.97829
5.87947
5.95525
5.87947
5.97829
5.97714
5.87947
5.97714
5.78385
12.6326
12.5756
12.0167
11.8561
11.5021
10.8954
11.2038
10.689
10.689
10.6436
9.78894
9.78894
9.74631
9.59836
9.47062
9.21986
8.88298
8.88298
7.99116
8.63406
7.79087
8.45485
8.385
8.385
8.31775
8.35462
7.9194
7.97589
8.14636
8.15324
7.8907
7.42983
7.6724
7.57862
7.08932
7.30286
7.37412
7.53796
7.29573
7.13361
6.94989
7.08933
7.16926
7.04165
7.12068
6.50572
6.50572
5.92521
6.04837
6.10141
5.92521
5.95409
5.95409
6.24681
6.24681
6.14914
6.05353
6.22049
6.22049
6.08558
6.20052
6.19361
6.05353
6.24132
6.08558
6.20747
6.08379
6.21818
6.21384
6.1149
6.21384
6.21818
6.08379
5.88151
6.24132
6.20747
6.1149
5.9119
6.19892
6.21818
6.18433
6.15833
6.18677
6.16383
6.08379
6.03305
6.08379
6.12692
6.05865
6.16163
6.05865
6.05865
6.05042
6.05865
6.00792
6.00792
6.00792
6.0493
6.05865
6.00792
5.9988
6.00792
5.89734
5.98508
5.98508
5.95873
5.94807
6.00792
6.00792
5.95873
6.00792
6.00792
5.95873
6.00792
5.64811
6.00792
5.64811
6.00792
5.98901
6.00792
5.99033
5.98901
5.94807
5.98901
6.00792
5.94807
5.95873
6.00792
5.98508
6.00792
6.00792
5.99857
5.99033
5.98508
5.99969
6.00792
5.99033
5.99033
6.00792
5.95873
5.99033
5.99969
5.95049
5.99857
5.811
5.93984
5.95049
5.97829
5.88882
5.79896
5.98765
5.98765
5.97829
5.79321
5.97714
5.97829
5.78385
5.97714
5.97829
5.97829
5.87947
5.97829
5.97829
5.97829
5.97829
5.95525
5.97714
5.97714
5.87947
5.97714
5.97714
5.97829
5.97714
5.97714
5.97829
5.97829
5.97714
5.97829
5.97829
5.97829
5.97714
5.97829
5.97829
5.95525
5.97829
5.78385
5.97829
5.97714
5.97829
5.97714
5.97829
5.97829
5.87947
5.95525
5.87947
5.97829
5.97714
5.87947
5.97714
5.78385
12.6326
12.5756
12.0167
11.8561
11.5021
10.8954
11.2038
10.689
10.689
10.6436
9.78894
9.78894
9.74631
9.59836
9.47062
9.21986
8.88298
8.88298
7.99116
8.63406
7.79087
8.45485
8.385
8.385
8.31775
8.35462
7.9194
7.97589
8.14636
8.15324
7.8907
7.42983
7.6724
7.57862
7.08932
7.30286
7.37412
7.53796
7.29573
7.13361
6.94989
7.08933
7.16926
7.04165
7.12068
6.50572
6.50572
5.92521
6.04837
6.10141
5.92521
5.95409
5.95409
6.24681
6.24681
6.14914
6.05353
6.22049
6.22049
6.08558
6.20052
6.19361
6.05353
6.24132
6.08558
6.20747
6.08379
6.21818
6.21384
6.1149
6.21384
6.21818
6.08379
5.88151
6.24132
6.20747
6.1149
5.9119
6.19892
6.21818
6.18433
6.15833
6.18677
6.16383
6.08379
6.03305
6.08379
6.12692
6.05865
6.16163
6.05865
6.05865
6.05042
6.05865
6.00792
6.00792
6.00792
6.0493
6.05865
6.00792
5.9988
6.00792
5.89734
5.98508
5.98508
5.95873
5.94807
6.00792
6.00792
5.95873
6.00792
6.00792
5.95873
6.00792
5.64811
6.00792
5.64811
6.00792
5.98901
6.00792
5.99033
5.98901
5.94807
5.98901
6.00792
5.94807
5.95873
6.00792
5.98508
6.00792
6.00792
5.99857
5.99033
5.98508
5.99969
6.00792
5.99033
5.99033
6.00792
5.95873
5.99033
5.99969
5.95049
5.99857
5.811
5.93984
5.95049
5.97829
5.88882
5.79896
5.98765
5.98765
5.97829
5.79321
5.97714
5.97829
5.78385
5.97714
5.97829
5.97829
5.87947
5.97829
5.97829
5.97829
5.97829
5.95525
5.97714
5.97714
5.87947
5.97714
5.97714
5.97829
5.97714
5.97714
5.97829
5.97829
5.97714
5.97829
5.97829
5.97829
5.97714
5.97829
5.97829
5.95525
5.97829
5.78385
5.97829
5.97714
5.97829
5.97714
5.97829
5.97829
5.87947
5.95525
5.87947
5.97829
5.97714
5.87947
5.97714
5.78385
12.6326
12.5756
12.0167
11.8561
11.5021
10.8954
11.2038
10.689
10.689
10.6436
9.67334
9.64035
9.67334
9.36682
8.95698
8.95422
8.98074
8.96932
8.92342
8.7518
8.71712
8.23714
8.16015
8.12947
8.23714
8.25494
8.02335
7.69211
7.84277
8.01566
8.03461
7.97798
7.77238
7.78126
7.85217
7.7148
7.44114
7.75022
7.47941
7.57684
7.38068
7.38841
7.30839
7.29549
7.29549
7.19103
7.19103
7.14508
7.10479
6.97638
6.96723
6.96727
7.02289
6.83288
6.89896
6.99015
6.89153
6.83607
6.89153
6.83585
6.83585
6.94258
6.72793
6.81053
6.90993
6.74185
6.86725
6.78126
6.71589
6.82157
6.73881
6.88437
6.79002
6.73398
6.89235
6.8219
6.79837
6.68526
6.84765
6.78742
6.75582
6.77305
6.75582
6.75582
6.6491
6.66698
6.64074
6.59766
6.61593
6.6491
6.5871
6.51233
6.45207
6.45207
6.43756
6.51949
6.40056
6.43756
6.40021
6.58606
6.46514
6.51233
6.47194
6.47499
6.45665
6.03741
6.03741
6.47499
6.49855
6.51233
6.50922
6.44473
6.45479
6.31938
6.45488
6.51233
6.51233
6.51233
6.45488
6.35673
6.44473
6.03741
6.49855
6.07753
6.45665
6.45488
6.3773
6.45479
6.40137
6.44473
5.40866
5.39824
5.39824
5.39824
5.39824
5.40866
5.15449
5.10837
5.40294
5.40866
5.40866
5.10837
5.02839
5.37736
5.36653
5.39824
5.37452
5.40294
5.03663
5.39824
5.37452
5.10837
5.10799
5.10799
5.00982
5.10799
5.08343
5.09757
5.08343
5.09757
4.98402
5.05636
5.03837
4.95272
4.9971
5.02507
4.95272
4.95272
5.06627
4.9971
4.9971
4.9971
5.04256
4.95272
5.03684
4.99961
4.99138
5.07098
4.947
5.00136
4.99138
5.00136
5.07098
4.99138
5.06538
5.02758
4.947
5.01893
4.9728
5.00136
4.947
4.98578
4.99576
4.94141
4.98578
5.01333
4.94141
4.94141
4.96721
4.96721
4.94141
4.94141
4.94141
4.94141
4.94141
4.94141
4.94141
4.94141
4.94141
4.94141
4.94141
4.94141
4.94141
4.94141
4.94141
4.94141
4.94141
4.94141
4.94141
4.94141
4.94141
4.94141
4.94141
4.94141
4.94141
4.94141
4.94141
4.94141
4.94141
4.94141
4.94141
4.94141
4.94141
4.94141
4.94141
4.94141
4.94141
4.94141
4.94141
4.94141
4.94141
4.94141
4.94141
4.94141
4.94141
4.94141
4.94141
4.94141
4.94141
4.94141
4.94141
4.94141
4.94141
4.94141
4.94141
4.94141
4.94141
4.92317
4.94141
4.94141
4.94141
4.94141
4.94141
4.94141
4.94141
4.94141
4.94141
4.94141
4.94141
4.94141
4.94141
4.94141
4.94141
4.94141
4.94141
4.94141
4.94141
4.94141
4.94141
4.94141
4.94141
4.94141
4.94141
4.94141
4.94141
4.94141
4.94141
4.94141
4.94141
4.94141
4.94141
4.94141
4.94141
4.94141
4.94141
4.94141
4.94141
4.94141
4.94141
4.94141
4.94141
4.94141
4.94141
4.94141
4.94141
4.94141
4.94141
4.94141
4.94141
4.94141
4.94141
4.94141
4.94141
4.94141
4.94141
4.94141
4.94141
4.94141
4.94141
4.94141
4.94141
4.94141
4.94141
4.94141
4.94141
4.94141
4.94141
4.94141
4.94141
4.94141
4.94141
4.94141
4.94141
4.94141
4.94141
4.94141
4.94141
4.94141
4.94141
4.94141
4.94141
4.94141
4.94141
4.94141
4.94141
4.94141
4.94141
4.94141
4.94141
4.94141
4.94141
4.94141
4.94141
4.94141
4.94141
4.94141
4.94141
4.94141
4.94141
4.94141
4.94141
4.94141
4.94141
4.94141
4.94141
4.94141
4.94141
4.94141
4.94141
4.94141
4.94141
4.94141
4.94141
4.94141
4.94141
4.94141
4.94141
4.94141
4.94141
4.94141
4.94141
4.94141
4.94141
4.94141
4.94141
4.94141
4.94141
4.94141
4.94141
4.94141
4.94141
4.94141
4.94141
4.94141
4.94141
4.94141
4.94141
4.94141
4.94141
4.94141
4.94141
4.94141
4.94141
4.94141
4.94141
4.94141
4.94141
4.94141
4.94141
4.94141
4.94141
4.94141
4.94141
4.94141
4.94141
4.94141
4.94141
4.94141
4.94141
4.94141
4.94141
4.94141
4.94141
4.94141
4.94141
4.94141
4.94141
4.94141
4.94141
4.94141
4.94141
4.94141
4.94141
4.94141
4.94141
4.94141
4.94141
4.94141
4.94141
4.94141
4.94141
4.94141
4.94141
4.94141
4.94141
4.94141
4.94141
4.94141
4.94141
4.94141
4.94141
4.94141
4.94141
4.94141
4.94141
4.94141
4.94141
4.94141
4.94141
4.94141
4.94141
4.94141
4.94141
4.94141
4.94141
4.94141
4.94141
4.94141
4.94141
4.94141
4.94141
4.94141
4.94141
4.94141
4.94141
4.94141
4.94141
4.94141
4.94141
4.94141
4.94141
4.94141
4.94141
4.94141
4.94141
4.94141
4.94141
4.94141
4.94141
4.94141
4.94141
4.94141
4.94141
4.94141
4.94141
4.94141
4.94141
4.94141
4.94141
4.94141
4.94141
4.94141
4.94141
4.94141
4.94141
4.94141
4.94141
4.94141
4.94141
4.94141
4.94141
4.94141
4.94141
4.94141
4.94141
4.94141
4.94141
4.94141
4.94141
4.94141
4.94141
4.94141
4.94141
4.94141
4.94141
4.94141
4.94141
4.94141
4.94141
4.94141
4.94141
4.94141
4.94141
4.94141
4.94141
4.94141
4.94141
4.94141
4.94141
4.94141
4.94141
4.94141
4.94141
4.94141
4.94141
4.94141
4.94141
4.94141
4.94141
4.94141
4.94141
4.94141
4.94141
4.94141
4.94141
4.94141
4.94141
4.94141
4.94141
4.94141
4.94141
4.94141
4.94141
4.94141
4.94141
4.94141
4.94141
4.94141
4.94141
4.94141
4.94141
4.94141
4.94141
4.94141
4.94141
4.94141
4.94141
4.94141
4.94141
4.94141
4.94141
4.94141
4.94141
4.94141
4.94141
4.94141
4.94141
4.94141
4.94141
4.94141
4.94141
4.94141
4.94141
4.94141
4.94141
4.94141
4.94141
4.94141
4.94141
4.94141
4.94141
4.94141
4.94141
4.94141
4.94141
4.94141
4.94141
4.94141
4.94141
4.94141
4.94141
4.94141
4.94141
4.94141
4.94141
4.94141
4.94141
4.94141
4.94141
4.94141
4.94141
4.94141
4.94141
4.94141
4.94141
4.94141
4.94141
4.94141
4.94141
4.94141
4.94141
4.94141
4.94141
4.94141
4.94141
4.94141
4.94141
4.94141
4.94141
4.94141
4.94141
4.94141
4.94141
4.94141
4.94141
4.94141
4.94141
4.94141
4.94141
4.94141
4.94141
4.94141
4.94141
4.94141
4.94141
4.94141
4.94141
4.94141
4.94141
4.94141
4.94141
4.94141
4.94141
4.94141
4.94141
4.94141
4.94141
4.94141
4.94141
4.94141
4.94141
4.94141
4.94141
4.94141
4.94141
4.94141
4.94141
4.94141
4.94141
4.94141
4.94141
4.94141
4.94141
4.94141
4.94141
4.94141
4.94141
4.94141
4.94141
4.94141
4.94141
4.94141
4.94141
4.94141
4.94141
4.94141
4.94141
4.94141
4.94141
4.94141
4.94141
4.94141
4.94141
4.94141
4.94141
4.94141
4.94141
4.94141
4.94141
4.94141
4.94141
4.94141
4.94141
4.94141
4.94141
4.94141
4.94141
4.94141
4.94141
4.94141
4.94141
4.94141
4.94141
4.94141
4.94141
4.94141
4.94141
4.94141
4.94141
4.94141
4.94141
4.94141
4.94141
4.94141
4.94141
4.94141
4.94141
4.94141
4.94141
4.94141
4.94141
4.94141
4.94141
4.94141
4.94141
4.94141
4.94141
4.94141
4.94141
4.94141
4.94141
4.94141
4.94141
4.94141
4.94141
4.94141
4.94141
4.94141
4.94141
4.94141
4.94141
4.94141
4.94141
4.94141
4.94141
4.94141
4.94141
4.94141
4.94141
4.94141
4.94141
4.94141
4.94141
4.94141
4.94141
4.94141
4.94141
4.94141
4.94141
4.94141
4.80339
4.80339
4.80339
4.80339
4.80339
4.80339
4.80339
4.80339
4.80339
4.80339
4.80339
4.80339
4.80339
4.80339
4.80339
4.80339
4.80339
4.80339
4.80339
4.80339
4.80339
4.80339
4.80339
4.80339
4.80339
4.80339
4.80339
4.80339
4.80339
4.80339
4.80339
4.80339
4.80339
4.80339
4.80339
4.80339
4.80339
4.80339
4.80339
4.80339
4.80339
4.80339
4.80339
4.80339
4.80339
4.80339
4.80339
4.80339
4.80339
4.80339
4.80339
4.80339
4.80339
4.80339
4.80339
4.80339
4.80339
4.80339
4.80339
4.80339
4.80339
4.80339
4.80339
4.80339
4.80339
4.80339
4.80339
4.80339
4.80339
4.80339
4.80339
4.80339
4.80339
4.80339
4.80339
4.80339
4.80339
4.80339
4.80339
4.80339
4.80339
4.80339
4.80339
4.80339
4.80339
4.80339
4.80339
4.80339
4.80339
4.80339
4.80339
4.80339
4.80339
4.80339
4.80339
4.80339
4.80339
4.80339
4.80339
4.80339
4.80339
4.80339
4.80339
4.80339
4.80339
4.80339
4.80339
4.80339
4.80339
4.80339
4.80339
4.80339
4.80339
4.80339
4.80339
4.80339
4.80339
4.80339
4.80339
4.80339
4.80339
4.80339
4.80339
4.80339
4.80339
4.80339
4.80339
4.80339
4.80339
4.80339
4.80339
4.80339
4.80339
4.80339
4.80339
4.80339
4.80339
4.80339
4.80339
4.80339
4.80339
4.80339
4.80339
4.80339
4.80339
4.80339
4.80339
4.80339
4.80339
4.80339
4.80339
4.80339
4.80339
4.80339
4.80339
4.80339
4.80339
4.80339
4.80339
4.80339
4.80339
4.80339
4.80339
4.80339
4.80339
4.80339
4.80339
4.80339
4.80339
4.80339
4.80339
4.80339
4.80339
4.80339
4.80339
4.80339
4.80339
4.80339
4.80339
4.80339
4.80339
4.80339
4.80339
4.80339
4.80339
4.80339
4.80339
4.80339
4.80339
4.80339
4.80339
4.80339
4.80339
4.80339
4.80339
4.80339
4.80339
4.80339
4.80339
4.80339
4.80339
4.80339
4.80339
4.80339
4.80339
4.80339
4.80339
4.80339
4.80339
4.80339
4.80339
4.80339
4.80339
4.80339
4.80339
4.80339
4.80339
4.80339
4.80339
4.80339
