14.4774
13.0352
12.3263
12.1773
11.7088
11.1396
11.0724
10.8594
10.7493
10.5009
10.238
9.9226
9.84344
9.60869
9.51519
9.44784
9.44337
9.38749
9.18744
8.97032
8.96932
8.92069
8.91845
8.91239
8.87743
8.84361
8.75653
8.64767
8.54751
8.53218
8.42932
8.3347
8.18602
7.89576
7.89029
7.85855
7.74429
7.7396
7.69941
7.58453
7.48296
7.47611
7.44784
7.38251
7.3351
7.24392
7.22237
7.10706
6.97227
6.97154
6.94978
6.88248
6.88036
6.86577
6.81447
6.81345
6.81164
6.79271
6.79346
6.79352
6.79334
6.79291
6.79342
6.78163
6.70756
6.69679
6.6463
6.64638
6.64617
6.64549
6.6452
6.64616
6.64564
6.64553
6.64566
6.64581
6.64611
6.64585
6.64551
6.64542
6.64479
6.63811
6.61718
6.58708
6.43897
6.4382
6.43891
6.43534
6.415
6.40408
6.40451
6.40238
6.37878
6.37192
6.37167
6.37185
6.37134
6.36547
6.33214
6.33217
6.33254
6.33255
6.33165
6.32949
6.3224
6.32268
6.32276
6.32276
6.32224
6.32266
6.32194
6.32264
6.32276
6.32204
6.3225
6.32266
6.32223
6.32234
6.32112
6.31593
6.27158
6.26433
6.26414
6.26407
6.26421
6.26091
6.23259
6.22816
6.22732
6.22813
6.22804
6.2279
6.22537
6.2117
6.16903
6.1693
6.16936
6.16936
6.16925
6.16936
6.16936
6.16911
6.16918
6.16886
6.16935
6.16909
6.16925
6.16931
6.16932
6.169
6.16891
6.16911
6.16936
6.16936
6.16936
6.16879
6.16936
6.1689
6.16805
6.16311
6.1395
6.1395
6.13949
6.13891
6.1395
6.1395
6.13938
6.13906
6.13923
6.13938
6.1395
6.13924
6.13949
6.13906
6.13948
6.1395
6.1395
6.13898
6.13921
6.139
6.13938
6.1395
6.13888
6.1395
6.13949
6.1395
6.13893
6.1392
6.13938
6.13889
6.1392
6.13871
6.13379
6.13085
6.1311
6.1311
6.13103
6.13046
6.12934
6.12907
6.12908
6.11823
6.05265
6.00199
6.00222
6.00204
6.00222
6.00195
6.00205
6.00222
6.00181
6.00214
6.00222
6.00222
6.00181
6.00222
6.00214
6.00222
6.00222
6.00222
6.00163
6.00164
6.00222
6.0018
6.00222
6.00213
6.00196
6.00222
6.00222
6.00213
6.00164
5.97333
5.80171
5.80156
5.80147
5.8014
5.79947
5.78658
5.7629
5.76316
5.76274
5.76246
5.76322
5.76304
5.76056
5.74998
5.73
5.73038
5.73045
5.73015
5.73014
5.73018
5.73018
5.73021
5.7299
5.72737
5.72653
5.726
5.7262
5.72542
5.72583
5.72226
5.7181
5.71821
5.71835
5.71787
5.71787
5.71803
5.71809
5.71834
5.71793
5.69937
5.58811
5.588
5.58807
5.58828
5.58842
5.58842
5.5883
5.58837
5.58842
5.58754
5.5884
5.58834
5.58764
5.58842
5.58842
5.5881
5.5876
5.58457
5.56536
5.52972
5.52966
5.52966
5.52972
5.52972
5.52954
5.52972
5.52966
5.52972
5.52972
5.52972
5.52966
5.52972
5.52972
5.52972
5.52966
5.52849
5.52642
5.50438
5.49708
5.49743
5.49688
5.49743
5.49743
5.49743
5.49732
5.49743
5.49725
5.49725
5.49743
5.49743
5.49743
5.49743
5.49743
5.49743
5.4974
5.49743
5.49743
5.49716
5.49736
5.49743
5.49743
5.49732
5.49743
5.49713
5.49743
5.4974
5.49743
5.49732
5.49725
5.49716
5.49743
5.49716
5.49743
5.49743
5.49716
5.49725
5.49743
5.49743
5.49725
5.49743
5.49743
5.49743
5.49743
5.49732
5.49725
5.49743
5.49725
5.49716
5.49703
5.48866
5.45363
5.40499
5.40502
5.4053
5.40519
5.40507
5.40519
5.40518
5.40522
5.40521
5.4043
5.39956
5.39696
5.39693
5.39696
5.39696
5.39663
5.39693
5.39685
5.3969
5.39695
5.39677
5.39696
5.39691
5.39677
5.39696
5.39682
5.39669
5.39688
5.39695
5.39696
5.39694
5.39693
5.39696
5.39696
5.39694
5.39694
5.3969
5.39695
5.39693
5.39681
5.39667
5.39696
5.39696
5.39693
5.39696
5.39693
5.39696
5.39696
5.39675
5.39692
5.39693
5.39696
5.39696
5.39674
5.39674
5.3969
5.39696
5.39693
5.39696
5.39696
5.39696
5.39696
5.39696
5.39693
5.39693
5.39696
5.39694
5.39691
5.39694
5.39692
5.39696
5.39694
5.39692
5.39696
5.39696
5.39696
5.39694
5.39696
5.39696
5.39696
5.39694
5.39695
5.39688
5.39696
5.39696
5.39696
5.39689
5.39642
5.39551
5.39419
5.38715
5.38506
5.38509
5.38401
5.38385
5.38005
5.36922
5.36901
5.36753
5.34468
5.27117
5.26559
5.26488
5.26178
5.25359
5.25351
5.25362
5.25362
5.25333
5.25363
5.25359
5.2536
5.25362
5.25361
5.25358
5.25352
5.2535
5.2535
5.25361
5.2515
5.2422
5.2422
5.24221
5.24221
5.24207
5.24211
5.242
5.24221
5.24217
5.24218
5.24199
5.24211
5.24197
5.24211
5.24019
5.22824
5.19689
5.19689
5.19689
5.19689
5.19687
5.19689
5.19689
5.19689
5.19689
5.19689
5.19689
5.19689
5.19688
5.19689
5.19688
5.19689
5.19668
5.19688
5.19668
5.19689
5.19689
5.19689
5.19689
5.19688
5.19689
5.19688
5.19688
5.19689
5.19667
5.19689
5.19688
5.19689
5.19689
5.19687
5.19689
5.19689
5.19689
5.19688
5.19688
5.19688
5.19668
5.19689
5.19688
5.19689
5.19689
5.19689
5.19689
5.19689
5.19687
5.19689
5.19689
5.19689
5.19689
5.19688
5.19687
5.19687
5.19651
5.19463
5.19206
5.19206
5.19206
5.19206
5.19206
5.19206
5.19206
5.19206
5.19206
5.19206
5.19206
5.19206
5.19206
5.19206
5.19185
5.19206
5.19206
5.19206
5.19206
5.19206
5.19206
5.19185
5.19206
5.19206
5.19206
5.19206
5.19206
5.19206
5.19206
5.19206
5.19206
5.19185
5.19206
5.19206
5.19206
5.19206
5.19206
5.19206
5.19206
5.19206
5.19206
5.19206
5.19206
5.1108
4.94141
4.94141
4.94141
4.94141
4.94141
4.94141
4.94141
4.94141
4.94141
4.94141
4.94141
4.94141
4.94141
4.94141
4.94141
4.94141
4.94141
4.94141
4.94141
4.94141
4.94141
4.94141
4.94141
4.94141
4.94141
4.94141
4.94141
4.94141
4.94141
4.94141
4.94141
4.94141
4.94141
4.94141
4.94141
4.94141
4.94141
4.94141
4.94141
4.94141
4.94141
4.94141
4.94141
4.94141
4.94141
4.94141
4.94141
4.94141
4.94141
4.94141
4.94141
4.94141
4.94141
4.94141
4.94141
4.94141
4.94141
4.94141
4.94141
4.94141
4.94141
4.94141
4.94141
4.94141
4.94141
4.94141
4.94141
4.94141
4.94141
4.94141
4.94141
4.94141
4.94141
4.94141
4.94141
4.94141
4.94141
4.94141
4.94141
4.94141
4.94141
4.94141
4.94141
4.94141
4.94141
4.94141
4.94141
4.94141
4.94141
4.94141
4.94141
4.94141
4.94141
4.94141
4.94141
4.94141
4.94141
4.94141
4.94141
4.94141
4.94141
4.94141
4.94141
4.94141
4.94141
4.94141
4.94141
4.94141
4.94141
4.94141
4.94141
4.94141
4.94141
4.94141
4.94141
4.94141
4.94141
4.94141
4.94141
4.94141
4.94141
4.94141
4.94141
4.94141
4.94141
4.94141
4.94141
4.94141
4.94141
4.94141
4.94141
4.94141
4.94141
4.94141
4.94141
4.94141
4.94141
4.94141
4.94141
4.94141
4.94141
4.94141
4.94141
4.94141
4.94141
4.94141
4.94141
4.94141
4.94141
4.94141
4.94141
4.94141
4.94141
4.94141
4.94141
4.94141
4.94141
4.94141
4.94141
4.94141
4.94141
4.94141
4.94141
4.94141
4.94141
4.94141
4.94141
4.94141
4.94141
4.94141
4.94141
4.94141
4.94141
4.94141
4.94141
4.94141
4.94141
4.94141
4.94141
4.92892
4.83955
4.80339
4.80339
4.80339
4.80339
4.80339
4.80339
4.80339
4.80339
4.80339
4.80339
4.80339
4.80339
4.80339
4.80339
4.80339
4.80339
4.80339
4.80339
4.80339
4.80339
4.80339
4.80339
4.80339
4.80339
4.80339
4.80339
4.80339
4.80339
4.80339
4.80339
4.80339
4.80339
4.80339
4.80339
4.80339
4.80339
4.80339
4.80339
4.80339
4.80339
4.80339
4.80339
4.80339
4.80339
4.80339
4.80339
4.80339
4.80339
4.80339
4.80339
4.80339
4.80339
4.80339
4.80339
4.80339
4.80339
4.80339
4.80339
4.80339
4.80339
4.80339
4.80339
4.80339
4.80339
4.80339
4.80339
4.80339
4.80339
4.80339
4.80339
4.80339
4.80339
4.80339
4.80339
4.80339
4.80339
4.80339
4.80339
4.80339
4.80339
4.80339
4.80339
4.80339
4.80339
4.80339
4.80339
4.80339
4.80339
4.80339
4.80339
4.80339
4.80339
4.80339
4.80339
4.80339
4.80339
4.80339
4.80339
4.80339
4.80339
4.80339
4.80339
4.80339
4.80339
4.80339
4.80339
4.80339
4.80339
4.80339
4.80339
4.80339
4.80339
4.80339
4.80339
4.80339
4.80339
4.80339
4.80339
4.80339
4.80339
4.80339
4.80339
4.80339
4.80339
4.80339
4.80339
4.80339
4.80339
4.80339
4.80339
4.80339
4.80339
4.80339
4.80339
4.80339
4.80339
4.80339
4.80339
4.80339
4.80339
4.80339
4.80339
4.80339
4.80339
4.80339
4.80339
4.80339
4.80339
4.80339
4.80339
4.80339
4.80339
4.80339
4.80339
4.80339
4.80339
4.80339
4.80339
4.80339
4.80339
4.80339
4.80339
4.80339
4.80339
4.80339
4.80339
4.80339
4.80339
4.80339
4.80339
4.80339
4.80339
4.80339
4.80339
4.80339
4.80339
4.80339
4.80339
4.80339
4.80339
4.80339
4.80339
4.80339
4.80339
4.80339
4.80339
4.80339
4.80339
4.80339
4.80339
4.80339
4.80339
4.80339
4.80339
4.80339
4.80339
4.80339
4.80339
4.80339
4.80339
4.80339
4.80339
4.80339
4.80339
4.80339
4.80339
4.80339
4.80339
4.80339
4.80339
4.80339
4.80339
4.80339
4.80339
4.80339
4.80339
4.80339
4.80339
