14.6529
13.6306
13.483
13.1685
12.8537
12.3439
12.2688
11.9701
11.8784
11.4598
11.1835
10.9231
10.7155
10.4079
10.1434
9.86575
9.76176
9.65649
9.24095
9.07075
9.05553
8.94683
8.93124
8.7922
8.72364
8.71298
8.62636
8.53933
8.47479
8.46133
8.38796
8.29167
8.00227
7.95028
7.93735
7.87838
7.85798
7.85847
7.8581
7.84236
7.74482
7.74328
7.74398
7.74472
7.73753
7.70581
7.67817
7.6457
7.58451
7.58475
7.56792
7.51983
7.50922
7.44863
7.29846
7.29816
7.29775
7.29369
7.29379
7.29184
7.25993
7.24673
7.20681
7.1
7.04889
7.0462
7.0442
7.04381
7.03845
6.99345
6.948
6.94159
6.9046
6.90398
6.90002
6.88317
6.86048
6.79694
6.79502
6.77639
6.68772
6.68786
6.6871
6.66747
6.58096
6.58035
6.58015
6.57387
6.53329
6.52246
6.52281
6.51697
6.45676
6.44238
6.44284
6.44268
6.44153
6.43942
6.42873
6.42821
6.42787
6.42152
6.40112
6.34938
6.26172
6.26169
6.26175
6.26145
6.26145
6.26165
6.26057
6.26162
6.26147
6.26184
6.26176
6.26191
6.26191
6.26174
6.26052
6.25653
6.22592
6.22084
6.22197
6.22178
6.22214
6.2213
6.22153
6.22185
6.22204
6.22182
6.21896
6.18755
6.10767
6.10809
6.1074
6.10758
6.09989
6.05278
6.01571
6.01604
6.01575
6.01224
5.99155
5.9923
5.9919
5.9919
5.9923
5.9923
5.9923
5.9923
5.99212
5.99223
5.9923
5.9917
5.99211
5.99204
5.99172
5.99218
5.992
5.99206
5.9923
5.9923
5.99194
5.992
5.9923
5.9919
5.99197
5.99163
5.99204
5.9917
5.9919
5.992
5.99173
5.99177
5.9923
5.99141
5.9919
5.99172
5.9919
5.99149
5.9923
5.9919
5.99149
5.9923
5.99196
5.9919
5.99218
5.9923
5.99218
5.9917
5.9923
5.99166
5.9923
5.9912
5.9919
5.9923
5.99218
5.9923
5.9923
5.99204
14.6529
13.6306
13.483
13.1685
12.8537
12.3439
12.2688
11.9701
11.8784
11.4598
11.1835
10.9231
10.7155
10.4079
10.1434
9.86575
9.76176
9.65649
9.24095
9.07075
9.05553
8.94683
8.93124
8.7922
8.72364
8.71298
8.62636
8.53933
8.47479
8.46133
8.38796
8.29167
8.00227
7.95028
7.93735
7.87838
7.85798
7.85847
7.8581
7.84236
7.74482
7.74328
7.74398
7.74472
7.73753
7.70581
7.67817
7.6457
7.58451
7.58475
7.56792
7.51983
7.50922
7.44863
7.29846
7.29816
7.29775
7.29369
7.29379
7.29184
7.25993
7.24673
7.20681
7.1
7.04889
7.0462
7.0442
7.04381
7.03845
6.99345
6.948
6.94159
6.9046
6.90398
6.90002
6.88317
6.86048
6.79694
6.79502
6.77639
6.68772
6.68786
6.6871
6.66747
6.58096
6.58035
6.58015
6.57387
6.53329
6.52246
6.52281
6.51697
6.45676
6.44238
6.44284
6.44268
6.44153
6.43942
6.42873
6.42821
6.42787
6.42152
6.40112
6.34938
6.26172
6.26169
6.26175
6.26145
6.26145
6.26165
6.26057
6.26162
6.26147
6.26184
6.26176
6.26191
6.26191
6.26174
6.26052
6.25653
6.22592
6.22084
6.22197
6.22178
6.22214
6.2213
6.22153
6.22185
6.22204
6.22182
6.21896
6.18755
6.10767
6.10809
6.1074
6.10758
6.09989
6.05278
6.01571
6.01604
6.01575
6.01224
5.99155
5.9923
5.9919
5.9919
5.9923
5.9923
5.9923
5.9923
5.99212
5.99223
5.9923
5.9917
5.99211
5.99204
5.99172
5.99218
5.992
5.99206
5.9923
5.9923
5.99194
5.992
5.9923
5.9919
5.99197
5.99163
5.99204
5.9917
5.9919
5.992
5.99173
5.99177
5.9923
5.99141
5.9919
5.99172
5.9919
5.99149
5.9923
5.9919
5.99149
5.9923
5.99196
5.9919
5.99218
5.9923
5.99218
5.9917
5.9923
5.99166
5.9923
5.9912
5.9919
5.9923
5.99218
5.9923
5.9923
5.99204
14.6529
13.6306
13.483
13.1685
12.8537
12.3439
12.2688
11.9701
11.8784
11.4598
11.1835
10.9231
10.7155
10.4079
10.1434
9.86575
9.76176
9.65649
9.24095
9.07075
9.05553
8.94683
8.93124
8.7922
8.72364
8.71298
8.62636
8.53933
8.47479
8.46133
8.38796
8.29167
8.00227
7.95028
7.93735
7.87838
7.85798
7.85847
7.8581
7.84236
7.74482
7.74328
7.74398
7.74472
7.73753
7.70581
7.67817
7.6457
7.58451
7.58475
7.56792
7.51983
7.50922
7.44863
7.29846
7.29816
7.29775
7.29369
7.29379
7.29184
7.25993
7.24673
7.20681
7.1
7.04889
7.0462
7.0442
7.04381
7.03845
6.99345
6.948
6.94159
6.9046
6.90398
6.90002
6.88317
6.86048
6.79694
6.79502
6.77639
6.68772
6.68786
6.6871
6.66747
6.58096
6.58035
6.58015
6.57387
6.53329
6.52246
6.52281
6.51697
6.45676
6.44238
6.44284
6.44268
6.44153
6.43942
6.42873
6.42821
6.42787
6.42152
6.40112
6.34938
6.26172
6.26169
6.26175
6.26145
6.26145
6.26165
6.26057
6.26162
6.26147
6.26184
6.26176
6.26191
6.26191
6.26174
6.26052
6.25653
6.22592
6.22084
6.22197
6.22178
6.22214
6.2213
6.22153
6.22185
6.22204
6.22182
6.21896
6.18755
6.10767
6.10809
6.1074
6.10758
6.09989
6.05278
6.01571
6.01604
6.01575
6.01224
5.99155
5.9923
5.9919
5.9919
5.9923
5.9923
5.9923
5.9923
5.99212
5.99223
5.9923
5.9917
5.99211
5.99204
5.99172
5.99218
5.992
5.99206
5.9923
5.9923
5.99194
5.992
5.9923
5.9919
5.99197
5.99163
5.99204
5.9917
5.9919
5.992
5.99173
5.99177
5.9923
5.99141
5.9919
5.99172
5.9919
5.99149
5.9923
5.9919
5.99149
5.9923
5.99196
5.9919
5.99218
5.9923
5.99218
5.9917
5.9923
5.99166
5.9923
5.9912
5.9919
5.9923
5.99218
5.9923
5.9923
5.99204
14.6529
13.6306
13.483
13.1685
12.8537
12.3439
12.2688
11.9701
11.8784
11.4598
11.1585
10.7249
10.3245
10.2121
10.0808
9.78192
9.76423
9.70581
9.50378
9.31007
9.29936
9.20244
9.18714
9.05645
8.90942
8.89168
8.74814
8.59797
8.54459
8.53447
8.47244
8.40195
8.18009
8.17996
8.16662
8.10217
8.10116
8.09293
8.06998
8.0315
7.87601
7.86691
7.79647
7.78444
7.78267
7.76365
7.74194
7.62346
7.49004
7.48734
7.43763
7.33581
7.3274
7.28641
7.11279
7.10807
7.10715
7.1009
7.07083
7.07135
7.06773
7.0417
7.01973
6.94226
6.80706
6.7998
6.79168
6.78536
6.71826
6.4771
6.44776
6.40089
6.34122
6.31564
6.28027
6.23105
6.22594
6.19612
6.1485
6.11707
6.08155
6.04979
6.03035
5.99956
5.83873
5.83898
5.83721
5.82228
5.72931
5.70342
5.70415
5.69643
5.61772
5.59072
5.59108
5.59147
5.5908
5.58635
5.56783
5.56585
5.56299
5.56165
5.54674
5.49116
5.45521
5.45404
5.45488
5.45479
5.45465
5.45469
5.45515
5.45535
5.45418
5.45472
5.45527
5.4554
5.45492
5.45553
5.4539
5.45083
5.43201
5.41892
5.41875
5.41764
5.41888
5.4186
5.41786
5.41848
5.41827
5.41852
5.41853
5.41784
5.4165
5.4093
5.38656
5.38721
5.38721
5.38661
5.3865
5.3872
5.38725
5.38589
5.38716
5.38717
5.38716
5.38721
5.38711
5.38725
5.38615
5.3859
5.38714
5.3859
5.38721
5.38373
5.36596
5.36605
5.36545
5.36485
5.36605
5.36485
5.36551
5.36469
5.36605
5.36538
5.36545
5.36596
5.36545
5.36605
5.36545
5.36605
5.3653
5.36529
5.36598
5.36538
5.36598
5.36534
5.36605
5.36545
5.36556
5.36598
5.36605
5.36605
5.36605
5.36605
5.36545
5.36605
5.36529
5.36593
5.36605
5.36554
5.36605
5.36454
5.36598
5.36545
5.36596
5.36605
5.36605
5.36545
5.36554
5.366
5.36372
5.33102
5.0713
4.98578
4.98578
4.98578
4.98578
4.98578
4.98578
4.98578
4.98578
4.98578
4.98575
4.98578
4.98575
4.98575
4.98569
4.98575
4.98578
4.98578
4.98563
4.98578
4.98578
4.98578
4.98578
4.98578
4.98571
4.98578
4.98578
4.98575
4.98569
4.97936
4.94141
4.94141
4.94141
4.94141
4.94141
4.94141
4.94141
4.94141
4.94141
4.94141
4.94141
4.94141
4.94141
4.94141
4.94141
4.94141
4.94141
4.94141
4.94141
4.94141
4.94141
4.94141
4.94141
4.94141
4.94141
4.94137
4.94141
4.94141
4.94141
4.94141
4.94141
4.94141
4.94141
4.94141
4.94141
4.94141
4.94141
4.94141
4.94141
4.94141
4.94141
4.94141
4.94141
4.94141
4.94141
4.94141
4.94141
4.94141
4.94141
4.94141
4.94141
4.94141
4.94141
4.94141
4.94141
4.94141
4.94141
4.94141
4.94141
4.94141
4.94141
4.94141
4.94141
4.94141
4.94141
4.94141
4.94141
4.94141
4.94141
4.94141
4.94141
4.94141
4.94141
4.94141
4.94141
4.94141
4.94141
4.94141
4.94141
4.94141
4.94141
4.94141
4.94141
4.94141
4.94141
4.94141
4.94141
4.94141
4.94141
4.94141
4.94141
4.94141
4.94141
4.94141
4.94141
4.94141
4.94141
4.94141
4.94141
4.94141
4.94141
4.94141
4.94141
4.94141
4.94141
4.94141
4.94141
4.94141
4.94141
4.94141
4.94141
4.94141
4.94141
4.94141
4.94141
4.94141
4.94141
4.94141
4.94141
4.94141
4.94141
4.94141
4.94141
4.94141
4.94141
4.94141
4.94141
4.94141
4.94141
4.94141
4.94141
4.94141
4.94141
4.94141
4.94141
4.94141
4.94141
4.94141
4.94141
4.94141
4.94141
4.94141
4.94141
4.94141
4.94141
4.94141
4.94141
4.94141
4.94141
4.94141
4.94141
4.94141
4.94141
4.94141
4.94141
4.94141
4.94141
4.94141
4.94141
4.94141
4.94141
4.94141
4.94141
4.94141
4.94141
4.94141
4.94141
4.94141
4.94141
4.94141
4.94141
4.94141
4.94141
4.94141
4.94141
4.94141
4.94141
4.94141
4.94141
4.94141
4.94141
4.94141
4.94141
4.94141
4.94141
4.94141
4.94141
4.94141
4.94141
4.94141
4.94141
4.94141
4.94141
4.94141
4.94141
4.94141
4.94141
4.94141
4.94141
4.94141
4.94141
4.94141
4.94141
4.94141
4.94141
4.94141
4.94141
4.94141
4.94141
4.94141
4.94141
4.94141
4.94141
4.94141
4.94141
4.94141
4.94141
4.94141
4.94141
4.94141
4.94141
4.94141
4.94141
4.94141
4.94141
4.94141
4.94141
4.94141
4.94141
4.94141
4.94141
4.94141
4.94141
4.94141
4.94141
4.94141
4.94141
4.94141
4.94141
4.94141
4.94141
4.94141
4.94141
4.94141
4.94141
4.94141
4.94141
4.94141
4.94141
4.94141
4.94141
4.94141
4.94141
4.94141
4.94141
4.94141
4.94141
4.94141
4.94141
4.94141
4.94141
4.94141
4.94141
4.94141
4.94141
4.94141
4.94141
4.94141
4.94141
4.94141
4.94141
4.94141
4.94141
4.94141
4.94141
4.94141
4.94141
4.94141
4.94141
4.94141
4.94141
4.94141
4.94141
4.94141
4.94141
4.94141
4.94141
4.94141
4.94141
4.94141
4.94141
4.94141
4.94141
4.94141
4.94141
4.94141
4.94141
4.94141
4.94141
4.94141
4.94141
4.94141
4.94141
4.94141
4.94141
4.94141
4.94141
4.94141
4.94141
4.94141
4.94141
4.94141
4.94141
4.94141
4.94141
4.94141
4.94141
4.94141
4.94141
4.94141
4.94141
4.94141
4.94141
4.94141
4.94141
4.94141
4.94141
4.94141
4.94141
4.94141
4.94141
4.94141
4.94141
4.94141
4.94141
4.94141
4.94141
4.94141
4.94141
4.94141
4.94141
4.94141
4.94141
4.94141
4.94141
4.94141
4.94141
4.94141
4.94141
4.94141
4.94141
4.94141
4.94141
4.94141
4.94141
4.94141
4.94141
4.94141
4.94141
4.94141
4.94141
4.94141
4.94141
4.94141
4.94141
4.94141
4.94141
4.94141
4.89789
4.80339
4.80339
4.80339
4.80339
4.80339
4.80339
4.80339
4.80339
4.80339
4.80339
4.80339
4.80339
4.80339
4.80339
4.80339
4.80339
4.80339
4.80339
4.80339
4.80339
4.80339
4.80339
4.80339
4.80339
4.80339
4.80339
4.80339
4.80339
4.80339
4.80339
4.80339
4.80339
4.80339
4.80339
4.80339
4.80339
4.80339
4.80339
4.80339
4.80339
4.80339
4.80339
4.80339
4.80339
4.80339
4.80339
4.80339
4.80339
4.80339
4.80339
4.80339
4.80339
4.80339
4.80339
4.80339
4.80339
4.80339
4.80339
4.80339
4.80339
4.80339
4.80339
4.80339
4.80339
4.80339
4.80339
4.80339
4.80339
4.80339
4.80339
4.80339
4.80339
4.80339
4.80339
4.80339
4.80339
4.80339
4.80339
4.80339
4.80339
4.80339
4.80339
4.80339
4.80339
4.80339
4.80339
4.80339
4.80339
4.80339
4.80339
4.80339
4.80339
4.80339
4.80339
4.80339
4.80339
4.80339
4.80339
4.80339
4.80339
4.80339
4.80339
4.80339
4.80339
4.80339
4.80339
4.80339
4.80339
4.80339
4.80339
4.80339
4.80339
4.80339
4.80339
4.80339
4.80339
4.80339
4.80339
4.80339
4.80339
4.80339
4.80339
4.80339
4.80339
4.80339
4.80339
4.80339
4.80339
4.80339
4.80339
4.80339
4.80339
4.80339
4.80339
4.80339
4.80339
4.80339
4.80339
4.80339
4.80339
4.80339
4.80339
4.80339
4.80339
4.80339
4.80339
4.80339
4.80339
4.80339
4.80339
4.80339
4.80339
4.80339
4.80339
4.80339
4.80339
4.80339
4.80339
4.80339
4.80339
4.80339
4.80339
4.80339
4.80339
4.80339
4.80339
4.80339
4.80339
4.80339
4.80339
4.80339
4.80339
4.80339
4.80339
4.80339
4.80339
4.80339
4.80339
4.80339
4.80339
4.80339
4.80339
4.80339
4.80339
4.80339
4.80339
4.80339
4.80339
4.80339
4.80339
4.80339
4.80339
4.80339
4.80339
4.80339
4.80339
4.80339
4.80339
4.80339
4.80339
4.80339
4.80339
4.80339
4.80339
4.80339
4.80339
4.80339
4.80339
4.80339
4.80339
4.80339
4.80339
4.80339
4.80339
4.80339
4.80339
4.80339
4.80339
4.80339
4.80339
4.80339
4.80339
4.80339
4.80339
4.80339
4.80339
4.80339
4.80339
4.80339
4.80339
4.80339
4.80339
4.80339
4.80339
4.80339
4.80339
4.80339
4.80339
4.80339
4.80339
4.80339
4.80339
4.80339
4.80339
4.80339
4.80339
4.80339
4.80339
4.80339
4.80339
4.80339
4.80339
4.80339
4.80339
4.80339
4.80339
4.80339
4.80339
4.80339
4.80339
4.80339
4.80339
4.80339
4.80339
4.80339
4.80339
4.80339
4.80339
4.80339
4.80339
4.80339
4.80339
4.80339
4.80339
4.80339
4.80339
4.80339
4.80339
4.80339
4.80339
4.80339
4.80339
4.80339
4.80339
4.80339
4.80339
4.80339
4.80339
4.80339
4.80339
4.80339
4.80339
4.80339
4.80339
4.80339
4.80339
4.80339
4.80339
4.80339
4.80339
4.80339
4.80339
4.80339
4.80339
4.80339
4.80339
4.80339
4.80339
4.80339
4.80339
4.80339
4.80339
4.80339
4.80339
4.80339
4.80339
4.80339
4.80339
4.80339
4.80339
4.80339
4.80339
4.80339
4.80339
4.80339
4.80339
4.80339
4.80339
4.80339
4.80339
4.80339
4.80339
4.80339
4.80339
4.80339
4.80339
4.80339
4.80339
4.80339
4.80339
4.80339
4.80339
4.80339
4.80339
4.80339
4.80339
4.80339
4.80339
4.80339
4.80339
4.80339
4.80339
4.80339
4.80339
4.80339
4.80339
4.80339
4.80339
4.80339
4.80339
4.80339
4.80339
4.80339
4.80339
4.80339
4.80339
4.80339
4.80339
4.80339
4.80339
4.80339
4.80339
4.80339
4.80339
4.80339
4.80339
4.80339
4.80339
4.80339
4.80339
4.80339
4.80339
4.80339
4.80339
4.80339
4.80339
4.80339
4.80339
4.80339
4.80339
4.80339
4.80339
4.80339
4.80339
4.80339
4.80339
4.80339
4.80339
4.80339
