14.4535
13.3834
13.1685
12.7962
12.404
11.9994
11.9346
11.5531
11.4258
11.0306
10.6796
10.6361
10.5368
10.2816
9.82532
9.78392
9.77515
9.69175
9.30503
8.88047
8.87121
8.811
8.76036
8.68073
8.59754
8.58314
8.47689
8.40814
8.40729
8.39698
8.34526
8.24014
7.86825
7.76878
7.7631
7.74557
7.73618
7.73704
7.73459
7.67405
7.29375
7.29107
7.28721
7.2774
7.26509
7.15937
7.11107
6.94388
6.50322
6.50254
6.45987
6.28235
6.28104
6.27499
6.24797
6.24761
6.24731
6.24791
6.24791
6.24757
6.24787
6.24776
6.24752
6.24712
6.24161
6.24125
6.24038
6.24127
6.24126
6.24097
6.24126
6.2412
6.24082
6.23975
6.24132
6.2412
6.24074
6.23747
6.22331
6.21818
6.21812
6.21802
6.21808
6.21299
6.18656
6.18621
6.18637
6.18368
6.16675
6.16163
6.16122
6.15408
6.08571
6.05865
6.05848
6.05855
6.05855
6.05864
6.05865
6.05842
6.05843
6.05841
6.05167
6.02854
6.00786
6.00782
6.00778
6.00792
6.00792
6.00782
6.00792
6.00792
6.00772
6.00792
6.0072
6.00792
6.0072
6.00792
6.00788
6.00792
6.00787
6.00786
6.00776
6.00788
6.00792
6.00778
6.00782
6.00792
6.00786
6.00792
6.00792
6.0079
6.00789
6.00787
6.0079
6.00792
6.00789
6.00787
6.00792
6.00781
6.00787
6.00675
5.99959
5.99969
5.99931
5.9995
5.99718
5.98763
5.9874
5.98727
5.98765
5.98765
5.98763
5.98604
5.97829
5.97829
5.9779
5.97829
5.97829
5.97829
5.97785
5.97829
5.97829
5.97829
5.97829
5.97825
5.97829
5.97829
5.9781
5.97829
5.97829
5.97829
5.97829
5.97829
5.97829
5.97829
5.97829
5.97829
5.97829
5.97829
5.97829
5.97829
5.97829
5.97825
5.97829
5.97786
5.97829
5.97829
5.97829
5.97829
5.97829
5.97829
5.97809
5.97825
5.97805
5.97829
5.97829
5.97809
5.97829
5.9779
14.4535
13.3834
13.1685
12.7962
12.404
11.9994
11.9346
11.5531
11.4258
11.0306
10.6796
10.6361
10.5368
10.2816
9.82532
9.78392
9.77515
9.69175
9.30503
8.88047
8.87121
8.811
8.76036
8.68073
8.59754
8.58314
8.47689
8.40814
8.40729
8.39698
8.34526
8.24014
7.86825
7.76878
7.7631
7.74557
7.73618
7.73704
7.73459
7.67405
7.29375
7.29107
7.28721
7.2774
7.26509
7.15937
7.11107
6.94388
6.50322
6.50254
6.45987
6.28235
6.28104
6.27499
6.24797
6.24761
6.24731
6.24791
6.24791
6.24757
6.24787
6.24776
6.24752
6.24712
6.24161
6.24125
6.24038
6.24127
6.24126
6.24097
6.24126
6.2412
6.24082
6.23975
6.24132
6.2412
6.24074
6.23747
6.22331
6.21818
6.21812
6.21802
6.21808
6.21299
6.18656
6.18621
6.18637
6.18368
6.16675
6.16163
6.16122
6.15408
6.08571
6.05865
6.05848
6.05855
6.05855
6.05864
6.05865
6.05842
6.05843
6.05841
6.05167
6.02854
6.00786
6.00782
6.00778
6.00792
6.00792
6.00782
6.00792
6.00792
6.00772
6.00792
6.0072
6.00792
6.0072
6.00792
6.00788
6.00792
6.00787
6.00786
6.00776
6.00788
6.00792
6.00778
6.00782
6.00792
6.00786
6.00792
6.00792
6.0079
6.00789
6.00787
6.0079
6.00792
6.00789
6.00787
6.00792
6.00781
6.00787
6.00675
5.99959
5.99969
5.99931
5.9995
5.99718
5.98763
5.9874
5.98727
5.98765
5.98765
5.98763
5.98604
5.97829
5.97829
5.9779
5.97829
5.97829
5.97829
5.97785
5.97829
5.97829
5.97829
5.97829
5.97825
5.97829
5.97829
5.9781
5.97829
5.97829
5.97829
5.97829
5.97829
5.97829
5.97829
5.97829
5.97829
5.97829
5.97829
5.97829
5.97829
5.97829
5.97825
5.97829
5.97786
5.97829
5.97829
5.97829
5.97829
5.97829
5.97829
5.97809
5.97825
5.97805
5.97829
5.97829
5.97809
5.97829
5.9779
14.4535
13.3834
13.1685
12.7962
12.404
11.9994
11.9346
11.5531
11.4258
11.0306
10.6796
10.6361
10.5368
10.2816
9.82532
9.78392
9.77515
9.69175
9.30503
8.88047
8.87121
8.811
8.76036
8.68073
8.59754
8.58314
8.47689
8.40814
8.40729
8.39698
8.34526
8.24014
7.86825
7.76878
7.7631
7.74557
7.73618
7.73704
7.73459
7.67405
7.29375
7.29107
7.28721
7.2774
7.26509
7.15937
7.11107
6.94388
6.50322
6.50254
6.45987
6.28235
6.28104
6.27499
6.24797
6.24761
6.24731
6.24791
6.24791
6.24757
6.24787
6.24776
6.24752
6.24712
6.24161
6.24125
6.24038
6.24127
6.24126
6.24097
6.24126
6.2412
6.24082
6.23975
6.24132
6.2412
6.24074
6.23747
6.22331
6.21818
6.21812
6.21802
6.21808
6.21299
6.18656
6.18621
6.18637
6.18368
6.16675
6.16163
6.16122
6.15408
6.08571
6.05865
6.05848
6.05855
6.05855
6.05864
6.05865
6.05842
6.05843
6.05841
6.05167
6.02854
6.00786
6.00782
6.00778
6.00792
6.00792
6.00782
6.00792
6.00792
6.00772
6.00792
6.0072
6.00792
6.0072
6.00792
6.00788
6.00792
6.00787
6.00786
6.00776
6.00788
6.00792
6.00778
6.00782
6.00792
6.00786
6.00792
6.00792
6.0079
6.00789
6.00787
6.0079
6.00792
6.00789
6.00787
6.00792
6.00781
6.00787
6.00675
5.99959
5.99969
5.99931
5.9995
5.99718
5.98763
5.9874
5.98727
5.98765
5.98765
5.98763
5.98604
5.97829
5.97829
5.9779
5.97829
5.97829
5.97829
5.97785
5.97829
5.97829
5.97829
5.97829
5.97825
5.97829
5.97829
5.9781
5.97829
5.97829
5.97829
5.97829
5.97829
5.97829
5.97829
5.97829
5.97829
5.97829
5.97829
5.97829
5.97829
5.97829
5.97825
5.97829
5.97786
5.97829
5.97829
5.97829
5.97829
5.97829
5.97829
5.97809
5.97825
5.97805
5.97829
5.97829
5.97809
5.97829
5.9779
14.4535
13.3834
13.1685
12.7962
12.404
11.9994
11.9346
11.5531
11.4258
11.0306
10.6315
10.307
9.92222
9.84116
9.64899
9.51966
9.51519
9.46403
9.21621
8.97906
8.97415
8.92222
8.82716
8.74206
8.65038
8.62554
8.411
8.25124
8.25144
8.23697
8.20784
8.17854
8.02328
7.97793
7.97754
7.97438
7.9637
7.96352
7.95054
7.89538
7.57501
7.56986
7.56135
7.54115
7.50342
7.41588
7.39941
7.33835
7.19057
7.18979
7.16365
7.0472
7.04644
7.04083
7.02246
7.02278
7.02235
7.02213
7.02242
7.0222
7.02206
7.01924
7.0035
6.94036
6.93122
6.92984
6.93036
6.92986
6.9282
6.91322
6.90889
6.90905
6.9047
6.90413
6.90507
6.9048
6.90478
6.90463
6.90487
6.90482
6.90429
6.9046
6.90442
6.87863
6.75551
6.75541
6.75504
6.74921
6.71488
6.70438
6.70417
6.69583
6.61114
6.58632
6.58672
6.58674
6.58646
6.58591
6.58658
6.58707
6.58657
6.58676
6.5776
6.54767
6.51222
6.51117
6.51122
6.51223
6.5123
6.51233
6.51233
6.51219
6.51199
6.51195
6.51221
6.51233
6.51233
6.51233
6.51222
6.51188
6.51219
6.51127
6.5123
6.51101
6.51222
6.51207
6.5117
6.51222
6.51207
6.51209
6.47127
6.14262
5.40864
5.40864
5.40863
5.40866
5.40765
5.40796
5.40864
5.40866
5.40866
5.40795
5.4079
5.40856
5.40857
5.40863
5.40857
5.40862
5.40731
5.40863
5.40855
5.40806
5.40806
5.36849
5.11441
5.10799
5.10794
5.10797
5.10793
5.10797
5.1075
5.10766
5.1056
5.09181
5.07652
5.07659
5.07642
5.07645
5.07666
5.07639
5.0764
5.0765
5.07607
5.07264
5.07091
5.07076
5.07082
5.07098
5.07029
5.07053
5.07068
5.07075
5.07098
5.07067
5.07096
5.07082
5.07073
5.07079
5.07076
5.07035
5.06755
5.065
5.06517
5.06486
5.06522
5.06528
5.06284
5.04577
5.01324
5.01321
5.0131
5.007
4.96989
4.94141
4.94141
4.94141
4.94141
4.94141
4.94141
4.94141
4.94141
4.94141
4.94141
4.94141
4.94141
4.94141
4.94141
4.94141
4.94141
4.94141
4.94141
4.94141
4.94141
4.94141
4.94141
4.94141
4.94141
4.94141
4.94141
4.94141
4.94141
4.94141
4.94141
4.94141
4.94141
4.94141
4.94141
4.94141
4.94141
4.94141
4.94141
4.94141
4.94141
4.94141
4.94141
4.94141
4.94141
4.94141
4.94141
4.94141
4.94141
4.94141
4.94141
4.94141
4.94141
4.94141
4.94141
4.94137
4.94141
4.94141
4.94141
4.94141
4.94141
4.94141
4.94141
4.94141
4.94141
4.94141
4.94141
4.94141
4.94141
4.94141
4.94141
4.94141
4.94141
4.94141
4.94141
4.94141
4.94141
4.94141
4.94141
4.94141
4.94141
4.94141
4.94141
4.94141
4.94141
4.94141
4.94141
4.94141
4.94141
4.94141
4.94141
4.94141
4.94141
4.94141
4.94141
4.94141
4.94141
4.94141
4.94141
4.94141
4.94141
4.94141
4.94141
4.94141
4.94141
4.94141
4.94141
4.94141
4.94141
4.94141
4.94141
4.94141
4.94141
4.94141
4.94141
4.94141
4.94141
4.94141
4.94141
4.94141
4.94141
4.94141
4.94141
4.94141
4.94141
4.94141
4.94141
4.94141
4.94141
4.94141
4.94141
4.94141
4.94141
4.94141
4.94141
4.94141
4.94141
4.94141
4.94141
4.94141
4.94141
4.94141
4.94141
4.94141
4.94141
4.94141
4.94141
4.94141
4.94141
4.94141
4.94141
4.94141
4.94141
4.94141
4.94141
4.94141
4.94141
4.94141
4.94141
4.94141
4.94141
4.94141
4.94141
4.94141
4.94141
4.94141
4.94141
4.94141
4.94141
4.94141
4.94141
4.94141
4.94141
4.94141
4.94141
4.94141
4.94141
4.94141
4.94141
4.94141
4.94141
4.94141
4.94141
4.94141
4.94141
4.94141
4.94141
4.94141
4.94141
4.94141
4.94141
4.94141
4.94141
4.94141
4.94141
4.94141
4.94141
4.94141
4.94141
4.94141
4.94141
4.94141
4.94141
4.94141
4.94141
4.94141
4.94141
4.94141
4.94141
4.94141
4.94141
4.94141
4.94141
4.94141
4.94141
4.94141
4.94141
4.94141
4.94141
4.94141
4.94141
4.94141
4.94141
4.94141
4.94141
4.94141
4.94141
4.94141
4.94141
4.94141
4.94141
4.94141
4.94141
4.94141
4.94141
4.94141
4.94141
4.94141
4.94141
4.94141
4.94141
4.94141
4.94141
4.94141
4.94141
4.94141
4.94141
4.94141
4.94141
4.94141
4.94141
4.94141
4.94141
4.94141
4.94141
4.94141
4.94141
4.94141
4.94141
4.94141
4.94141
4.94141
4.94141
4.94141
4.94141
4.94141
4.94141
4.94141
4.94141
4.94141
4.94141
4.94141
4.94141
4.94141
4.94141
4.94141
4.94141
4.94141
4.94141
4.94141
4.94141
4.94141
4.94141
4.94141
4.94141
4.94141
4.94141
4.94141
4.94141
4.94141
4.94141
4.94141
4.94141
4.94141
4.94141
4.94141
4.94141
4.94141
4.94141
4.94141
4.94141
4.94141
4.94141
4.94141
4.94141
4.94141
4.94141
4.94141
4.94141
4.94141
4.94141
4.94141
4.94141
4.94141
4.94141
4.94141
4.94141
4.94141
4.94141
4.94141
4.94141
4.94141
4.94141
4.94141
4.94141
4.94141
4.94141
4.94141
4.94141
4.94141
4.94141
4.94141
4.94141
4.94141
4.94141
4.94141
4.94141
4.94141
4.94141
4.94141
4.94141
4.94141
4.94141
4.94141
4.94141
4.94141
4.94141
4.94141
4.94141
4.94141
4.94141
4.94141
4.94141
4.94141
4.94141
4.94141
4.94141
4.94141
4.94141
4.94141
4.94141
4.94141
4.94141
4.94141
4.94141
4.94141
4.94141
4.94141
4.94141
4.94141
4.94141
4.94141
4.94141
4.94141
4.94141
4.94141
4.94141
4.94141
4.94141
4.94141
4.94141
4.94141
4.94141
4.94141
4.94141
4.94141
4.94141
4.94141
4.94141
4.94141
4.94141
4.94141
4.94141
4.94141
4.94141
4.94141
4.94141
4.94141
4.94141
4.94141
4.94141
4.94141
4.94141
4.94141
4.94141
4.94141
4.94141
4.94141
4.94141
4.94141
4.94141
4.94141
4.94141
4.94141
4.94141
4.94141
4.94141
4.94141
4.94141
4.94141
4.94141
4.94141
4.94141
4.94141
4.94141
4.94141
4.94141
4.94141
4.94141
4.94141
4.94141
4.94141
4.94141
4.94141
4.94141
4.94141
4.94141
4.94141
4.94141
4.94141
4.94141
4.94141
4.94141
4.94141
4.94141
4.94141
4.94141
4.94141
4.94141
4.94141
4.94141
4.94141
4.94141
4.94141
4.94141
4.94141
4.94141
4.94141
4.94141
4.94141
4.94141
4.94141
4.94141
4.94141
4.94141
4.94141
4.94141
4.94141
4.94141
4.94141
4.94141
4.94141
4.94141
4.94141
4.94141
4.94141
4.94141
4.94141
4.94141
4.94141
4.94141
4.94141
4.94141
4.94141
4.94141
4.94141
4.94141
4.94141
4.94141
4.94141
4.94141
4.94141
4.94141
4.94141
4.94141
4.94141
4.94141
4.94141
4.94141
4.94141
4.94141
4.94141
4.94141
4.94141
4.94141
4.94141
4.94141
4.94141
4.94141
4.94141
4.94141
4.94141
4.94141
4.94141
4.94141
4.94141
4.94141
4.94141
4.94141
4.94141
4.94141
4.94141
4.94141
4.94141
4.94141
4.94141
4.94141
4.94141
4.94141
4.94141
4.94141
4.94141
4.94141
4.94141
4.94141
4.94141
4.94141
4.94141
4.94141
4.94141
4.94141
4.94141
4.94141
4.94141
4.94141
4.94141
4.94141
4.94141
4.94141
4.94141
4.94141
4.94141
4.94141
4.94141
4.94141
4.94141
4.94141
4.94141
4.94141
4.94141
4.94141
4.94141
4.94141
4.94141
4.94141
4.94141
4.94141
4.94141
4.94141
4.94141
4.94141
4.94141
4.94141
4.94141
4.94141
4.94141
4.94141
4.94141
4.92874
4.83362
4.80339
4.80339
4.80339
4.80339
4.80339
4.80339
4.80339
4.80339
4.80339
4.80339
4.80339
4.80339
4.80339
4.80339
4.80339
4.80339
4.80339
4.80339
4.80339
4.80339
4.80339
4.80339
4.80339
4.80339
4.80339
4.80339
4.80339
4.80339
4.80339
4.80339
4.80339
4.80339
4.80339
4.80339
4.80339
4.80339
4.80339
4.80339
4.80339
4.80339
4.80339
4.80339
4.80339
4.80339
4.80339
4.80339
4.80339
4.80339
4.80339
4.80339
4.80339
4.80339
4.80339
4.80339
4.80339
4.80339
4.80339
4.80339
4.80339
4.80339
4.80339
4.80339
4.80339
4.80339
4.80339
4.80339
4.80339
4.80339
4.80339
4.80339
4.80339
4.80339
4.80339
4.80339
4.80339
4.80339
4.80339
4.80339
4.80339
4.80339
4.80339
4.80339
4.80339
4.80339
4.80339
4.80339
4.80339
4.80339
4.80339
4.80339
4.80339
4.80339
4.80339
4.80339
4.80339
4.80339
4.80339
4.80339
4.80339
4.80339
4.80339
4.80339
4.80339
4.80339
4.80339
4.80339
4.80339
4.80339
4.80339
4.80339
4.80339
4.80339
4.80339
4.80339
4.80339
4.80339
4.80339
4.80339
4.80339
4.80339
4.80339
4.80339
4.80339
4.80339
4.80339
4.80339
4.80339
4.80339
4.80339
4.80339
4.80339
4.80339
4.80339
4.80339
4.80339
4.80339
4.80339
4.80339
4.80339
4.80339
4.80339
4.80339
4.80339
4.80339
4.80339
4.80339
4.80339
4.80339
4.80339
4.80339
4.80339
4.80339
4.80339
4.80339
4.80339
4.80339
4.80339
4.80339
4.80339
4.80339
4.80339
4.80339
4.80339
4.80339
4.80339
4.80339
4.80339
4.80339
4.80339
4.80339
4.80339
4.80339
4.80339
4.80339
4.80339
4.80339
4.80339
4.80339
4.80339
4.80339
4.80339
4.80339
4.80339
4.80339
4.80339
4.80339
4.80339
4.80339
4.80339
4.80339
4.80339
4.80339
4.80339
4.80339
4.80339
4.80339
4.80339
4.80339
4.80339
4.80339
4.80339
4.80339
4.80339
4.80339
4.80339
4.80339
4.80339
4.80339
4.80339
4.80339
4.80339
4.80339
4.80339
4.80339
4.80339
4.80339
4.80339
4.80339
