12.685
12.3712
12.3594
11.4501
11.9056
11.3937
11.4501
11.2373
11.2153
10.8102
10.2025
9.85648
9.85911
9.77038
9.07696
9.43884
9.3145
8.98239
9.14363
8.84088
8.94777
8.73416
8.91279
8.64581
8.50555
8.46568
8.51044
8.32268
8.16539
8.03149
8.1824
8.02815
7.84553
7.84553
7.73999
7.76778
7.67834
7.76736
7.73952
7.64891
7.78541
7.4822
7.34372
7.38689
7.67834
7.49194
7.32155
7.36477
7.28355
7.28408
7.09315
7.09315
7.05232
7.11017
6.81096
6.8248
6.76892
6.88213
6.64732
6.90921
6.85726
6.7123
6.666
6.70656
6.66472
6.2604
6.20215
6.14426
6.19262
6.06331
6.25609
6.04391
5.74815
5.81155
5.97025
5.91875
5.93546
5.82141
5.96921
5.98918
5.89192
5.66699
5.83921
5.83921
5.72598
5.7614
5.60928
5.68391
5.67342
5.47492
5.56836
5.59162
5.47492
5.36169
5.48403
5.56019
5.48403
5.36169
5.5312
5.53175
5.54789
5.45553
5.45553
5.45553
5.35088
5.07488
5.15486
5.15486
5.15486
5.08312
5.41475
5.41892
5.08312
5.15448
5.41837
5.42409
5.15448
5.45553
5.15448
5.15448
5.20884
5.41892
5.37641
5.11825
5.41854
5.41854
5.11825
5.38725
5.3355
5.40866
5.41372
5.11825
5.11825
5.16438
5.08696
5.36605
5.36605
5.08696
5.01521
5.36605
5.38609
5.01521
5.36605
5.36269
5.34512
5.36605
5.34512
5.38725
5.08696
5.01521
5.35311
5.01521
5.36605
5.08696
5.32392
5.36605
5.06538
5.06576
5.36605
5.06538
5.22009
4.98578
5.36605
5.06538
5.06576
5.32392
5.06576
5.36605
5.06538
5.36605
4.99402
4.98578
5.33191
5.06538
5.33191
5.11974
5.36605
5.06576
5.11974
5.33191
5.36605
5.36605
5.36605
5.36605
5.06576
5.36605
4.98578
5.33191
5.36605
5.11188
5.36605
4.98578
5.33191
5.06576
5.32392
5.36605
5.36605
5.06538
5.11188
5.34149
4.98578
4.98578
4.98578
4.98578
4.98578
4.98578
4.98578
4.98578
4.98578
4.98578
4.98578
4.98578
4.96721
4.98578
4.96721
4.96721
4.94141
4.96721
4.98578
4.98578
4.94141
4.98578
4.98578
4.98578
4.98578
4.98578
4.95164
4.98578
4.98578
4.96721
4.94141
4.94141
4.94141
4.94141
4.94141
4.94141
4.94141
4.94141
4.94141
4.94141
4.94141
4.94141
4.94141
4.94141
4.94141
4.94141
4.94141
4.94141
4.94141
4.94141
4.94141
4.94141
4.94141
4.94141
4.94141
4.94141
4.94141
4.92317
4.94141
4.94141
4.94141
4.94141
4.94141
4.94141
4.94141
4.94141
4.94141
4.94141
4.94141
4.94141
4.94141
4.94141
4.94141
4.94141
4.94141
4.94141
4.94141
4.94141
4.94141
4.94141
4.94141
4.94141
4.94141
4.94141
4.94141
4.94141
4.94141
4.94141
4.94141
4.94141
4.94141
4.94141
4.94141
4.94141
4.94141
4.94141
4.94141
4.94141
4.94141
4.94141
4.94141
4.94141
4.94141
4.94141
4.94141
4.94141
4.94141
4.94141
4.94141
4.94141
4.94141
4.94141
4.94141
4.94141
4.94141
4.94141
4.94141
4.94141
4.94141
4.94141
4.94141
4.94141
4.94141
4.94141
4.94141
4.94141
4.94141
4.94141
4.94141
4.94141
4.94141
4.94141
4.94141
4.94141
4.94141
4.94141
4.94141
4.94141
4.94141
4.94141
4.94141
4.94141
4.94141
4.94141
4.94141
4.94141
4.94141
4.94141
4.94141
4.94141
4.94141
4.94141
4.94141
4.94141
4.94141
4.94141
4.94141
4.94141
4.94141
4.94141
4.94141
4.94141
4.94141
4.94141
4.94141
4.94141
4.94141
4.94141
4.94141
4.94141
4.94141
4.94141
4.94141
4.94141
4.94141
4.94141
4.94141
4.94141
4.94141
4.94141
4.94141
4.94141
4.94141
4.94141
4.94141
4.94141
4.94141
4.94141
4.94141
4.94141
4.94141
4.94141
4.94141
4.94141
4.94141
4.94141
4.94141
4.94141
4.94141
4.94141
4.94141
4.94141
4.94141
4.94141
4.94141
4.94141
4.94141
4.94141
4.94141
4.94141
4.94141
4.94141
4.94141
4.94141
4.94141
4.94141
4.94141
4.94141
4.94141
4.94141
4.94141
4.94141
4.94141
4.94141
4.94141
4.94141
4.94141
4.94141
4.94141
4.94141
4.94141
4.94141
4.94141
4.94141
4.94141
4.94141
4.94141
4.94141
4.94141
4.94141
4.94141
4.94141
4.94141
4.94141
4.94141
4.94141
4.94141
4.94141
4.94141
4.94141
4.94141
4.94141
4.94141
4.94141
4.94141
4.94141
4.94141
4.94141
4.94141
4.94141
4.94141
4.94141
4.94141
4.94141
4.94141
4.94141
4.94141
4.94141
4.94141
4.94141
4.94141
4.94141
4.94141
4.94141
4.94141
4.94141
4.94141
4.94141
4.94141
4.94141
4.94141
4.94141
4.94141
4.94141
4.94141
4.94141
4.94141
4.94141
4.94141
4.94141
4.94141
4.94141
4.94141
4.94141
4.94141
4.94141
4.94141
4.94141
4.94141
4.94141
4.94141
4.94141
4.94141
4.94141
4.94141
4.94141
4.94141
4.94141
4.94141
4.94141
4.94141
4.94141
4.94141
4.94141
4.94141
4.94141
4.94141
4.94141
4.94141
4.94141
4.94141
4.94141
4.94141
4.94141
4.94141
4.94141
4.94141
4.94141
4.94141
4.94141
4.94141
4.94141
4.94141
4.94141
4.94141
4.94141
4.94141
4.94141
4.94141
4.94141
4.94141
4.94141
4.94141
4.94141
4.94141
4.94141
4.94141
4.94141
4.94141
4.94141
4.94141
4.94141
4.94141
4.94141
4.94141
4.94141
4.94141
4.94141
4.94141
4.94141
4.94141
4.94141
4.94141
4.94141
4.94141
4.94141
4.94141
4.94141
4.94141
4.94141
4.94141
4.94141
4.94141
4.94141
4.94141
4.94141
4.94141
4.94141
4.94141
4.94141
4.94141
4.94141
4.94141
4.94141
4.94141
4.94141
4.94141
4.94141
4.94141
4.94141
4.94141
4.94141
4.94141
4.94141
4.94141
4.94141
4.94141
4.94141
4.94141
4.94141
4.80339
4.80339
4.80339
4.80339
4.80339
4.80339
4.80339
4.80339
4.80339
4.80339
4.80339
4.80339
4.80339
4.80339
4.80339
4.80339
4.80339
4.80339
4.80339
4.80339
4.80339
4.80339
4.80339
4.80339
4.80339
4.80339
4.80339
4.80339
4.80339
4.80339
4.80339
4.80339
4.80339
4.80339
4.80339
4.80339
4.80339
4.80339
4.80339
4.80339
4.80339
4.80339
4.80339
4.80339
4.80339
4.80339
4.80339
4.80339
4.80339
4.80339
4.80339
4.80339
4.80339
4.80339
4.80339
4.80339
4.80339
4.80339
4.80339
4.80339
4.80339
4.80339
4.80339
4.80339
4.80339
4.80339
4.80339
4.80339
4.80339
4.80339
4.80339
4.80339
4.80339
4.80339
4.80339
4.80339
4.80339
4.80339
4.80339
4.80339
4.80339
4.80339
4.80339
4.80339
4.80339
4.80339
4.80339
4.80339
4.80339
4.80339
4.80339
4.80339
4.80339
4.80339
4.80339
4.80339
4.80339
4.80339
4.80339
4.80339
4.80339
4.80339
4.80339
4.80339
4.80339
4.80339
4.80339
4.80339
4.80339
4.80339
4.80339
4.80339
4.80339
4.80339
4.80339
4.80339
4.80339
4.80339
4.80339
4.80339
4.80339
4.80339
4.80339
4.80339
4.80339
4.80339
4.80339
4.80339
4.80339
4.80339
4.80339
4.80339
4.80339
4.80339
4.80339
4.80339
4.80339
4.80339
4.80339
4.80339
4.80339
4.80339
4.80339
4.80339
4.80339
4.80339
4.80339
4.80339
4.80339
4.80339
4.80339
4.80339
4.80339
4.80339
4.80339
4.80339
4.80339
4.80339
4.80339
4.80339
4.80339
4.80339
4.80339
4.80339
4.80339
4.80339
4.80339
4.80339
4.80339
4.80339
4.80339
4.80339
4.80339
4.80339
4.80339
4.80339
4.80339
4.80339
4.80339
4.80339
4.80339
4.80339
4.80339
4.80339
4.80339
4.80339
4.80339
4.80339
4.80339
4.80339
4.80339
4.80339
4.80339
4.80339
4.80339
4.80339
4.80339
4.80339
4.80339
4.80339
4.80339
4.80339
4.80339
4.80339
4.80339
4.80339
4.80339
4.80339
4.80339
4.80339
4.80339
4.80339
4.80339
4.80339
4.80339
4.80339
4.80339
4.80339
4.80339
4.80339
4.80339
4.80339
4.80339
4.80339
4.80339
4.80339
4.80339
4.80339
4.80339
4.80339
4.80339
4.80339
4.80339
4.80339
4.80339
4.80339
4.80339
4.80339
4.80339
4.80339
4.80339
4.80339
4.80339
4.80339
4.80339
4.80339
4.80339
4.80339
4.80339
4.80339
4.80339
4.80339
4.80339
4.80339
4.80339
4.80339
4.80339
4.80339
4.80339
4.80339
4.80339
4.80339
4.80339
4.80339
4.80339
4.80339
4.80339
4.80339
4.80339
4.80339
4.80339
4.80339
4.80339
4.80339
4.80339
4.80339
4.80339
4.80339
4.80339
4.80339
4.80339
4.80339
4.80339
4.80339
4.80339
4.80339
4.80339
4.80339
4.80339
4.80339
4.80339
4.80339
4.80339
4.80339
4.80339
4.80339
4.80339
4.80339
4.80339
4.80339
4.80339
4.80339
4.80339
4.80339
4.80339
4.80339
4.80339
4.80339
4.80339
4.80339
4.80339
4.80339
4.80339
4.80339
4.80339
4.80339
4.80339
4.80339
4.80339
4.80339
4.80339
4.80339
4.80339
4.80339
4.80339
4.80339
4.80339
4.80339
4.80339
4.80339
4.80339
4.80339
4.80339
4.80339
4.80339
4.80339
4.80339
4.80339
4.80339
4.80339
4.80339
4.80339
4.80339
4.80339
4.80339
4.80339
4.80339
4.80339
4.80339
4.80339
4.80339
4.80339
4.80339
4.80339
4.80339
4.80339
4.80339
4.80339
4.80339
4.80339
4.80339
4.80339
4.80339
4.80339
4.80339
4.80339
4.80339
4.80339
4.80339
4.80339
4.80339
4.80339
4.80339
4.80339
4.80339
4.80339
4.80339
4.80339
4.80339
4.80339
4.80339
4.80339
4.80339
4.80339
4.80339
4.80339
4.80339
4.80339
4.80339
4.80339
4.80339
4.80339
4.80339
4.80339
4.80339
4.80339
4.80339
4.80339
4.80339
4.80339
