14.5222
13.7621
13.4967
13.0899
12.6512
12.2989
12.0964
11.8181
11.7247
11.3592
11.137
10.7059
10.4634
10.409
10.2097
9.94621
9.92983
9.80685
9.48387
9.34328
9.30886
9.11924
9.10591
9.01114
8.98014
8.93231
8.82662
8.77459
8.71898
8.71389
8.70574
8.65118
8.36959
8.37124
8.36951
8.3627
8.36263
8.36078
8.35956
8.32174
8.18939
8.1839
8.17147
8.15077
8.12552
7.97315
7.94325
7.78729
7.5441
7.52165
7.41544
7.39728
7.39494
7.38514
7.3526
7.3498
7.34967
7.34958
7.3487
7.34752
7.33943
7.32977
7.31906
7.27744
7.15021
7.13486
7.07769
7.0801
7.07849
7.07769
7.07734
7.07436
7.05688
7.05215
7.0418
6.9299
6.85366
6.84718
6.79637
6.7498
6.74966
6.74937
6.74979
6.73478
6.66026
6.65995
6.65999
6.65815
6.65286
6.65157
6.65178
6.64997
6.63268
6.62746
6.62745
6.62638
6.62687
6.62583
6.61659
6.61718
6.61718
6.61697
6.61306
6.60233
6.55914
6.55966
6.55961
6.55825
6.55967
6.55869
6.55965
6.55963
6.55996
6.55944
6.56002
6.55937
6.55976
6.55997
6.55904
6.55738
6.55157
6.52961
6.52832
6.52755
6.51947
6.4659
6.28457
6.25547
6.25536
6.25565
6.25413
6.23843
6.19809
6.19821
6.19794
6.19833
6.19809
6.198
6.19796
6.19832
6.19833
6.19809
6.19833
6.19807
6.19833
6.19727
6.17505
6.11949
6.11995
6.11962
6.11983
6.11942
6.11965
6.10555
6.01652
6.01586
6.01652
6.01644
6.01652
6.01644
6.01652
6.01652
6.01609
6.01607
6.01619
6.01652
6.01621
6.01615
6.01639
6.01579
6.01598
6.01626
6.01617
6.01588
6.01621
6.01652
6.01652
6.01639
6.01598
6.01626
6.01651
6.01652
6.01619
6.01652
6.01651
6.01652
6.0162
6.01572
6.01621
6.01607
6.01644
6.01652
6.01613
6.01626
6.01652
6.01621
6.00905
5.95875
5.86453
5.86428
5.86428
5.8532
5.77206
5.73722
5.73742
5.73718
5.73742
5.73646
5.73742
5.73733
5.73706
5.73741
5.7368
5.72984
5.6859
5.64118
5.64136
5.64127
5.64073
5.64136
5.64085
5.64124
5.64082
5.641
5.64114
5.64136
5.64102
5.64136
5.64104
5.64136
5.6412
5.63469
5.59492
5.59537
5.59555
5.5948
5.59145
5.57046
5.53987
5.53998
5.53933
5.53973
5.53991
5.53998
5.53998
5.53998
5.53973
5.53998
5.53994
5.53998
5.53902
5.53998
5.53998
5.53998
5.53994
5.53991
5.53933
5.53998
5.53961
5.53966
5.53998
5.53883
5.53959
5.53998
5.53991
5.53973
5.53998
5.53973
5.53966
5.53998
5.5393
5.50948
5.32662
5.32662
5.32627
5.32662
5.32654
5.32636
5.3254
5.31653
5.3107
5.31075
5.30998
5.31053
5.31073
5.31086
5.31084
5.31077
5.31034
5.30651
5.2823
5.24021
5.24035
5.24035
5.24021
5.2402
5.24035
5.23946
5.24035
5.24035
5.24021
5.24009
5.24009
5.24035
5.24021
5.24035
5.24035
5.24035
5.24021
5.24024
5.24017
5.24025
5.24035
5.24035
5.24024
5.2402
5.24035
5.24035
5.24035
5.24009
5.23995
5.23996
5.23969
5.2397
5.24035
5.23996
5.24007
5.24035
5.24024
5.24035
5.24035
5.24035
5.2402
5.2397
5.24035
5.24035
5.24025
5.24025
5.24025
5.24035
5.24035
5.24035
5.24009
5.24035
5.23931
5.24035
5.23995
5.24035
5.24024
5.24035
5.24025
5.24009
5.24024
5.24005
5.24035
5.24035
5.24035
5.2402
5.24035
5.24035
5.24025
5.24012
5.24035
5.24021
5.24035
5.24035
5.2402
5.24024
5.24024
5.24025
5.2402
5.24035
5.24024
5.23102
5.18866
5.18869
5.18866
5.18869
5.18869
5.18862
5.18866
5.18869
5.18865
5.18818
5.18869
5.18818
5.18869
5.18869
5.18869
5.18844
5.18869
5.18869
5.18861
5.18863
5.18841
5.18763
5.1793
5.13095
5.0657
5.06644
5.06647
5.06621
5.06606
5.06459
5.06144
5.0607
5.06152
5.06063
5.06102
5.06152
5.06105
5.06149
5.06147
5.06152
5.06138
5.06098
5.04593
5.00565
4.84031
4.84038
4.84038
4.84042
4.84034
4.84042
4.84032
4.84039
4.8404
4.84042
4.8404
4.84033
4.84037
4.84037
4.84028
4.84042
4.84037
4.84034
4.84042
4.84037
4.84042
4.84035
4.84034
4.84034
4.84042
4.8404
4.84042
4.84042
4.8404
4.84042
4.84034
4.83827
4.82694
4.80339
4.80339
4.80339
4.80339
4.80339
4.80339
4.80339
4.80339
4.80339
4.80339
4.80339
4.80339
4.80339
4.80339
4.80339
4.80339
4.80339
4.80339
4.80339
4.80339
4.80339
4.80339
4.80339
4.80339
4.80339
4.80339
4.80339
4.80339
4.80339
4.80339
4.80339
4.80339
4.80339
4.80339
4.80339
4.80339
4.80339
4.80339
4.80339
4.80339
4.80339
4.80339
4.80339
4.80339
4.80339
4.80339
4.80339
4.80339
4.80339
4.80339
4.80339
4.80339
4.80339
4.80339
4.80339
4.80339
4.80339
4.80339
4.80339
4.80339
4.80339
4.80339
4.80339
4.80339
4.80339
4.80339
4.80339
4.80339
4.80339
4.80339
4.80339
4.80339
4.80339
4.80339
4.80339
4.80339
4.80339
4.80339
4.80339
4.80339
4.80339
4.80339
4.80339
4.80339
4.80339
4.80339
4.80339
4.80339
4.80339
4.80339
4.80339
4.80339
4.80339
4.80339
4.80339
4.80339
4.80339
4.80339
4.80339
4.80339
4.80339
4.80339
4.80339
4.80339
4.80339
4.80339
4.80339
4.80339
4.80339
4.80339
4.80339
4.80339
4.80339
4.80339
4.80339
4.80339
4.80339
4.80339
4.80339
4.80339
4.80339
4.80339
4.80339
4.80339
4.80339
4.80339
4.80339
4.80339
4.80339
4.80339
4.80339
4.80339
4.80339
4.80339
4.80339
4.80339
4.80339
4.80339
4.80339
4.80339
4.80339
4.80339
4.80339
4.80339
4.80339
4.80339
4.80339
4.80339
4.80339
4.80339
4.80339
4.80339
4.80339
4.80339
4.80339
4.80339
4.80339
4.80339
4.80339
4.80339
4.80339
4.80339
4.80339
4.80339
4.80339
4.80339
4.80339
4.80339
4.80339
4.80339
4.80339
4.80339
4.80339
4.80339
4.80339
4.80339
4.80339
4.80339
4.80339
4.80339
4.80339
4.80339
4.80339
4.80339
4.80339
4.80339
4.80339
4.80339
4.80339
4.80339
4.80339
4.80339
4.80339
4.80339
4.80339
4.80339
4.80339
4.80339
4.80339
4.80339
4.80339
4.80339
4.80339
4.80339
4.80339
4.80339
4.80339
4.80339
4.80339
4.80339
4.80339
4.80339
4.80339
4.80339
4.80339
4.80339
4.80339
4.80339
4.80339
4.80339
4.80339
4.80339
4.80339
4.80339
4.80339
4.80339
4.80339
4.80339
4.80339
4.80339
4.80339
4.80339
4.80339
4.80339
4.80339
4.80339
4.80339
4.80339
4.80339
4.80339
4.80339
4.80339
4.80339
4.80339
4.80339
4.80339
4.80339
4.80339
4.80339
4.80339
4.80339
4.80339
4.80339
4.80339
4.80339
4.80339
4.80339
4.80339
4.80339
4.80339
4.80339
4.80339
4.80339
4.80339
4.80339
4.80339
4.80339
4.80339
4.80339
4.80339
4.80339
4.80339
4.80339
4.80339
4.80339
4.80339
4.80339
4.80339
4.80339
4.80339
4.80339
4.80339
4.80339
4.80339
4.80339
4.80339
4.80339
4.80339
4.80339
4.80339
4.80339
4.80339
4.80339
4.80339
4.80339
4.80339
4.80339
4.80339
4.80339
4.80339
4.80339
4.80339
4.80339
4.80339
4.80339
4.80339
4.80339
4.80339
4.80339
4.80339
4.80339
4.80339
4.80339
4.80339
4.80339
4.80339
4.80339
4.80339
4.80339
4.80339
4.80339
4.80339
4.80339
4.80339
4.80339
4.80339
4.80339
4.80339
4.80339
4.80339
4.80339
4.80339
4.80339
4.80339
4.80339
4.80339
4.80339
4.80339
4.80339
4.80339
4.80339
4.80339
4.80339
4.80339
4.80339
4.80339
4.80339
4.80339
4.80339
4.80339
4.80339
4.80339
4.80339
4.80339
4.80339
4.80339
4.80339
4.80339
4.80339
4.80339
4.80339
4.80339
4.80339
4.80339
4.80339
4.80339
4.80339
4.80339
4.80339
4.80339
4.80339
4.80339
4.80339
4.80339
4.80339
4.80339
4.80339
4.80339
4.80339
4.80339
4.80339
4.80339
4.80339
4.80339
4.80339
4.80339
4.80339
4.80339
4.80339
4.80339
4.80339
4.80339
4.80339
4.80339
4.80339
4.80339
4.80339
4.80339
4.80339
4.80339
4.80339
4.80339
4.80339
4.80339
4.80339
4.80339
4.80339
4.80339
4.80339
4.80339
4.80339
4.80339
4.80339
4.80339
4.80339
4.80339
4.80339
4.80339
4.80339
4.80339
4.80339
4.80339
4.80339
4.80339
4.80339
4.80339
4.80339
4.80339
4.80339
4.80339
4.80339
4.80339
4.80339
4.80339
4.80339
4.80339
4.80339
4.80339
4.80339
4.80339
4.80339
4.80339
4.80339
4.80339
4.80339
4.80339
4.80339
4.80339
4.80339
4.80339
4.80339
4.80339
4.80339
4.80339
4.80339
4.80339
4.80339
4.80339
4.80339
4.80339
4.80339
4.80339
4.80339
4.80339
4.80339
4.80339
4.80339
4.80339
4.80339
4.80339
4.80339
4.80339
4.80339
4.80339
4.80339
4.80339
4.80339
4.80339
4.80339
4.80339
4.80339
4.80339
4.80339
4.80339
4.80339
4.80339
4.80339
4.80339
4.80339
4.80339
4.80339
4.80339
4.80339
4.80339
4.80339
4.80339
4.80339
4.80339
4.80339
4.80339
4.80339
4.80339
4.80339
4.80339
4.80339
4.80339
4.80339
4.80339
4.80339
4.80339
4.80339
4.80339
4.80339
4.80339
4.80339
4.80339
4.80339
4.80339
4.80339
4.80339
4.80339
4.80339
4.80339
4.80339
4.80339
4.80339
4.80339
4.80339
4.80339
4.80339
4.80339
4.80339
4.80339
4.80339
4.80339
4.80339
4.80339
4.80339
4.80339
4.80339
4.80339
4.80339
4.80339
4.80339
4.80339
4.80339
4.80339
4.80339
4.80339
