          20     79.0324     79.5075    0.247942
          20     72.3566     74.8423    0.295688
          20     72.5605     71.6497    0.274119
          20     64.8106     66.4947    0.343138
          20     61.5273     63.4348     0.42431
          20     59.4812     59.3033    0.369769
          20      57.171      56.148     0.25566
          20     53.5319     53.1681    0.229343
          20     50.5737     49.9895    0.286841
          20     46.9901     47.1172    0.326637
          20     44.0512     44.4853    0.245463
          20     41.9252     41.8068    0.292133
          20      40.497     38.9024       0.256
          20      35.316     36.5953     0.21134
          20     34.2792     34.3614    0.209087
          20     32.9242     32.3662    0.206252
          20     30.6003      30.874    0.198006
          20     30.1217     29.4844    0.231051
          20     28.2094     27.7015    0.179883
          20     26.3095     25.8077    0.136828
          20     24.7946     24.6952    0.113943
          20     24.1234     23.3011    0.117226
          20     21.8057     22.1574   0.0995053
          20     21.3849     21.1401    0.140941
          20     19.6058     19.8775    0.100364
          20     19.6526     19.2526    0.114891
          20     17.6157     18.2768     0.11792
          20      17.097      17.392    0.122755
          20     16.5934     16.5107   0.0914635
          20      15.991     15.9119   0.0637262
          20     15.6148     15.2489   0.0716146
          20     14.6912     14.5991   0.0454744
          20     13.9124      13.935    0.063491
          20     13.3574     13.4586   0.0576523
          20     13.3322     12.8726   0.0709912
          20     12.5979     12.3896   0.0516665
          20     12.2281     11.8668   0.0591088
          20     11.2944     11.3402   0.0395848
          20     11.1626     11.0866    0.045557
          20      10.355     10.6182   0.0472004
          20     10.3421     10.2594   0.0557237
          20      9.9733     9.85882   0.0453413
          20     9.72005     9.54804   0.0438126
          20     9.52184     9.25986   0.0369956
          20     8.91757     8.90894   0.0323183
          20     8.62354     8.64814   0.0334399
          20     8.25004     8.39674   0.0226982
          20     8.04505     8.09407   0.0296775
          20     7.95157     7.87341   0.0282745
          20     7.50277     7.59353   0.0224383
          20     7.51802     7.38431   0.0265727
          20     7.21352     7.12467   0.0205245
          20      6.7782     6.95359   0.0241407
          20     6.62193     6.76895   0.0237463
          20     6.48219     6.55444   0.0215691
          20     6.55701     6.37041   0.0225139
          20     6.21164     6.20995   0.0179292
          20       5.999     6.04586   0.0149344
          20     5.86244     5.94121    0.022114
          20     5.71569     5.73253   0.0167074
          20     5.72799     5.58829   0.0171715
          20     5.36685      5.4127   0.0139445
          20      5.3051     5.31101   0.0132204
          20     5.19429     5.21039   0.0136796
          20     5.07254      5.0672   0.0107116
          20     4.93944     4.96196   0.0129032
          20     4.88048     4.82004   0.0151876
          20      4.7145     4.73298   0.0126694
          20      4.6533     4.60634   0.0160637
          20     4.48479     4.49703  0.00914741
          20     4.47487     4.41097   0.0160717
          20     4.30762     4.31621   0.0122569
          20     4.19686     4.21548  0.00750369
          20     4.02915     4.11383   0.0121005
          20     4.02584     4.05887   0.0124707
          20       3.986     3.95096  0.00945155
          20     3.89189     3.88621  0.00744099
          20     3.84996      3.8082  0.00899494
          20     3.78325     3.72862  0.00897225
          20     3.62577     3.65357   0.0065881
          20      3.6309     3.58085  0.00820684
          20     3.46471     3.51569  0.00608648
          20     3.41207     3.44265  0.00822829
          20     3.38302     3.37981  0.00595993
          20      3.2553     3.31667  0.00796025
          20     3.28281     3.26037  0.00705309
          20     3.19394     3.20547  0.00770311
          20     3.17891     3.14085  0.00704991
          20     3.08601     3.08318  0.00823671
          20     3.04423     3.04202  0.00512744
          20      2.9846     2.98027  0.00724206
          20     2.91646     2.92893  0.00631873
          20     2.94282     2.88529  0.00541286
          20     2.81329     2.82915   0.0046513
          20     2.80962     2.78613  0.00620884
          20     2.71415     2.74085  0.00497048
          20     2.71578     2.70216  0.00576547
          20       2.674     2.64663  0.00521941
          20     2.57448     2.60865  0.00457739
          20      2.5721     2.56718  0.00567366
          20     2.50798     2.52784  0.00338534
          20     2.48427     2.48929  0.00425004
          20     2.44808     2.45225  0.00389884
          20     2.40486     2.42166   0.0038305
          20     2.39551     2.37882  0.00385564
          20     2.32881     2.34566   0.0052164
          20     2.31925     2.30866  0.00486915
          20     2.25706     2.26401  0.00456125
          20     2.23967     2.24307  0.00444883
          20     2.21702     2.21155  0.00424341
          20     2.14497     2.18112  0.00369441
          20     2.15748     2.15192  0.00353053
          20     2.11897     2.12439  0.00403773
          20     2.08885     2.09291  0.00405419
          20     2.06051     2.06394  0.00347618
          20     2.04565     2.03181  0.00371815
          20     2.02342     2.00726  0.00380358
          20     1.99802      1.9797  0.00375344
          20     1.93986     1.95428  0.00409999
          20     1.93154     1.92938  0.00329208
          20     1.89021     1.90647  0.00399866
          20     1.88501     1.88622  0.00273849
          20     1.86938     1.85885  0.00308633
          20     1.82876     1.83916  0.00209008
          20     1.80738     1.81654  0.00258108
          20     1.83547     1.79438  0.00402532
          20     1.76366     1.76444  0.00309562
          20     1.76243     1.75344  0.00270571
          20     1.72191     1.72484   0.0027007
          20     1.73304     1.70729  0.00262378
          20     1.67065     1.68531   0.0021204
          20     1.67307     1.66543  0.00221867
          20     1.64507     1.64649  0.00238047
          20     1.65724     1.63444  0.00281311
          20     1.62432      1.6094  0.00290255
          20     1.59822     1.59586  0.00300451
          20     1.56889     1.57638  0.00313251
          20     1.56877     1.55424  0.00278578
          20     1.55102     1.53868  0.00232241
          20     1.54246     1.52622  0.00265696
          20     1.50579     1.51056  0.00203401
          20     1.48729     1.49007   0.0023009
          20     1.47504     1.48063  0.00255627
          20      1.4521     1.45802   0.0016796
          20     1.45317     1.44464  0.00213824
          20     1.42842     1.43037  0.00287476
          20     1.42485     1.41031  0.00179181
          20     1.40436     1.39804  0.00205261
          20     1.40011     1.38603  0.00275396
          20     1.38882     1.37205  0.00229433
          20     1.35813     1.36208  0.00181053
