          20     79.9894     79.0664    0.552282
          20     74.5302     75.3335    0.479149
          20     70.5925     71.2096    0.335432
          20      65.989     66.4812    0.312819
          20     63.1827     63.6611    0.412358
          20     58.8993     60.3253    0.423748
          20     57.2233     56.8074    0.391332
          20      51.044     52.8596    0.457718
          20     48.9449     49.7318    0.499343
          20     45.2488     47.0858    0.383473
          20     43.1785      44.076    0.395395
          20      40.774     41.5662    0.288802
          20     39.6916     38.9308    0.312196
          20     38.4065     36.7964    0.348298
          20     34.6483     35.1534    0.299436
          20     32.6122     33.0321    0.238174
          20     31.9562      30.839    0.289589
          20     29.6314     29.1738    0.216695
          20     27.3453     27.5656    0.234042
          20     26.6371     26.0587    0.218995
          20     25.4382     25.0785    0.195259
          20     23.0662     23.5836    0.205097
          20     21.7092     22.3111    0.183893
          20     20.5877     21.2352    0.110966
          20      19.809     20.0444    0.161964
          20     19.6726     19.1858    0.139842
          20     19.8387     18.4266    0.125313
          20     17.4866     17.3377    0.138058
          20     17.0766     16.9146   0.0830981
          20     15.6964     15.9905   0.0966233
          20     15.2458     15.4125   0.0998885
          20     14.6073     14.5303    0.105685
          20      14.043     13.9208   0.0748194
          20     13.6043      13.435   0.0903673
          20     13.2937     12.8453   0.0791453
          20     12.3011      12.324   0.0527184
          20     12.1963     11.9841   0.0643173
          20     11.6717     11.5136    0.060746
          20     10.9785     11.0433   0.0497988
          20     10.8003     10.6213   0.0565899
          20     10.5566     10.1878   0.0528623
          20     10.3483     9.86895   0.0523822
          20     9.53918     9.50853   0.0429265
          20     9.45457     9.21351   0.0474592
          20     8.56308     8.87394   0.0449208
          20      8.7365      8.7146   0.0391969
          20     8.43498     8.35337   0.0408164
          20     8.09397     8.12633   0.0420039
          20      7.8958     7.88407    0.040958
          20     7.75389      7.6496   0.0319311
          20     7.54784     7.38978   0.0370898
          20     7.06555     7.17459   0.0339017
          20      6.9045     6.95449   0.0271082
          20     6.74063     6.77822   0.0352946
          20     6.56709     6.54605   0.0289847
          20     6.26597     6.34695   0.0262444
          20     6.26493     6.21873   0.0269881
          20     5.90096     6.04774   0.0187364
          20     5.90239     5.91063   0.0181316
          20     5.73107     5.72315   0.0177709
          20     5.51762     5.61134   0.0279136
          20      5.4561      5.4467   0.0280345
          20     5.44034     5.32632   0.0224213
          20     5.20764     5.21043   0.0228099
          20     5.01664     5.05899   0.0182496
          20     4.84545     4.94312   0.0153487
          20     4.86051     4.81429   0.0179448
          20     4.76448     4.71962   0.0216111
          20     4.67145     4.61114   0.0134462
          20     4.42156     4.50905   0.0201027
          20     4.45482     4.39959   0.0152469
          20      4.2622     4.30767   0.0177383
          20     4.29439      4.2397   0.0155563
          20     4.16249     4.10261   0.0150288
          20     4.08234     4.07477   0.0123926
          20     3.99348     3.96443   0.0150256
          20     3.89779     3.88384   0.0120393
          20     3.84373     3.80117  0.00916041
          20     3.72326     3.71029  0.00869646
          20     3.63121     3.65527  0.00846949
          20     3.49496     3.58926  0.00952509
          20     3.62005      3.5222   0.0130623
          20     3.50547     3.46872   0.0107274
          20     3.34065     3.36014  0.00845624
          20     3.32057     3.30892  0.00770841
          20     3.28673     3.24977  0.00986852
          20      3.1605     3.20285   0.0102117
          20     3.14409     3.13566  0.00821838
          20     3.07515     3.10122  0.00985154
          20     3.05898      3.0353  0.00781597
          20     2.95084     2.97968  0.00814672
          20     2.96087     2.92141  0.00660385
          20     2.83492     2.87398   0.0080148
          20     2.91365     2.84144  0.00881925
          20     2.78493     2.78305  0.00662112
          20     2.77895     2.73617  0.00724303
          20      2.6855     2.69385  0.00598379
          20     2.62658     2.64491  0.00569097
          20     2.65527     2.61051  0.00889127
          20     2.57693     2.56951   0.0064751
          20     2.53577     2.53748  0.00573668
          20     2.52351     2.48577  0.00571884
          20     2.44297     2.45265  0.00620093
          20     2.42731     2.41769   0.0053141
          20     2.40543     2.36397   0.0063421
          20      2.3928       2.347  0.00602067
          20     2.30651     2.31396  0.00563268
          20     2.27362     2.26475  0.00566271
          20     2.19828     2.25167   0.0056718
          20     2.26906     2.21265  0.00637372
          20      2.1807     2.18079  0.00518132
          20     2.12811     2.15644  0.00600995
          20     2.15361     2.11978  0.00455107
          20     2.10507     2.09138   0.0040469
          20     2.05799      2.0618  0.00415283
          20     2.04891     2.03782  0.00500205
          20     2.02691     2.00771  0.00461558
          20     1.98506     1.97881  0.00517993
          20     1.93121     1.95615  0.00354678
          20     1.92516     1.93427  0.00394797
          20     1.92727     1.91555  0.00399504
          20     1.84674     1.88134  0.00382858
          20     1.84762     1.86858  0.00323138
          20     1.85549     1.83753  0.00427966
          20     1.78761     1.81114  0.00383114
          20     1.78818     1.78854  0.00290269
          20     1.75044     1.76481  0.00436974
          20     1.73789     1.75003     0.00305
          20     1.75119     1.73144  0.00330246
          20     1.71135     1.70681  0.00307659
          20     1.69291      1.6844  0.00443727
          20     1.67585     1.66639  0.00270363
          20     1.67756     1.64983  0.00287461
          20     1.61746     1.63013  0.00351353
          20     1.61324      1.6073  0.00350771
          20     1.60242     1.59972  0.00296497
          20     1.57745     1.57695  0.00253237
          20      1.5459     1.55549  0.00321472
          20     1.53657     1.53983  0.00343624
          20      1.5317     1.52193   0.0029861
          20     1.49529     1.50816  0.00280673
          20      1.4918     1.49178  0.00220799
          20     1.45256      1.4768  0.00268099
          20     1.44982     1.46336  0.00209795
          20     1.44829     1.44155  0.00240044
          20     1.42273     1.43425  0.00245567
          20     1.40908     1.41531  0.00289211
          20     1.38676     1.40431  0.00306581
          20     1.41028      1.3875  0.00203636
          20     1.34915     1.37157  0.00278436
          20      1.3635     1.35792  0.00300461
