           1   -0.964448   -0.964448           0
           2   -0.963864   -0.964156    0.000292
           3    -0.96516   -0.964491 0.000374731
           4   -0.962832   -0.964076 0.000492098
           5   -0.971496    -0.96556  0.00153217
           6   -0.964896   -0.965449   0.0012559
           7   -0.971704   -0.966343  0.00138745
           8   -0.967976   -0.966547  0.00121878
           9    -0.96384   -0.966246  0.00111616
          10   -0.965976   -0.966219 0.000998687
          11   -0.965472   -0.966151 0.000905896
          12   -0.979008   -0.967223  0.00135342
          13   -0.976568   -0.967942  0.00143761
          14   -0.969432   -0.968048  0.00133522
          15   -0.973528   -0.968413   0.0012956
          16   -0.983104   -0.969332  0.00152045
          17   -0.980952   -0.970015  0.00158337
          18    -0.96072   -0.969499  0.00157961
          19   -0.983176   -0.970219  0.00165853
          20   -0.972816   -0.970348  0.00157877
          21    -0.96932   -0.970299  0.00150251
          22    -0.97312   -0.970428  0.00143831
          23   -0.967936   -0.970319  0.00137861
          24   -0.974024   -0.970474  0.00132892
          25   -0.972056   -0.970537  0.00127622
          26     -0.9752   -0.970716   0.0012392
          27   -0.966992   -0.970578  0.00120038
          28   -0.969736   -0.970548   0.0011571
          29   -0.980416   -0.970889  0.00116719
          30   -0.975592   -0.971045  0.00113846
          31   -0.965728   -0.970874   0.0011144
          32   -0.980712   -0.971181  0.00112196
          33    -0.97104   -0.971177  0.00108744
          34   -0.977112   -0.971352  0.00106931
          35   -0.977376   -0.971524  0.00105248
          36   -0.975976   -0.971647  0.00103028
          37   -0.958608   -0.971295  0.00106221
          38   -0.978008   -0.971472  0.00104887
          39   -0.974016   -0.971537   0.0010237
          40   -0.980704   -0.971766  0.00102376
          41    -0.97352   -0.971809 0.000999395
          42   -0.972872   -0.971834 0.000975638
          43   -0.984768   -0.972135 0.000999034
          44   -0.978088    -0.97227 0.000985398
          45   -0.968712   -0.972191 0.000966491
          46     -0.9698   -0.972139 0.000946675
          47   -0.975864   -0.972218 0.000929698
          48   -0.970832    -0.97219 0.000910582
          49   -0.982456   -0.972399 0.000916086
          50   -0.972296   -0.972397  0.00089758
          51   -0.977552   -0.972498 0.000885592
          52   -0.974656    -0.97254 0.000869385
          53    -0.97604   -0.972606 0.000855378
          54    -0.96468   -0.972459 0.000852123
          55   -0.978472   -0.972568 0.000843601
          56    -0.97304   -0.972577 0.000828443
          57   -0.975488   -0.972628  0.00081538
          58     -0.9588   -0.972389 0.000835917
          59   -0.962008   -0.972213 0.000840256
          60    -0.97296   -0.972226 0.000826227
          61   -0.962376   -0.972064 0.000828457
          62   -0.971248   -0.972051 0.000815092
          63   -0.973304   -0.972071 0.000802296
          64   -0.979032    -0.97218 0.000797116
          65    -0.98328   -0.972351 0.000803123
          66   -0.964824   -0.972236 0.000799041
          67   -0.977952   -0.972322 0.000791634
          68   -0.969408   -0.972279 0.000781082
          69    -0.97536   -0.972324 0.000770973
          70    -0.97536   -0.972367 0.000761116
          71    -0.97892   -0.972459 0.000755975
          72     -0.9792   -0.972553 0.000751258
          73   -0.980592   -0.972663 0.000749035
          74   -0.980592    -0.97277 0.000746572
          75   -0.985456   -0.972939 0.000755723
          76   -0.971368   -0.972919 0.000745999
          77   -0.976928   -0.972971 0.000738086
          78   -0.970696   -0.972942 0.000729145
          79   -0.979088   -0.973019 0.000724049
          80    -0.97884   -0.973092 0.000718634
          81   -0.963424   -0.972973 0.000719673
          82   -0.960784   -0.972824 0.000726218
          83   -0.988024   -0.973007 0.000740419
          84   -0.983096   -0.973127 0.000741345
          85   -0.974784   -0.973147 0.000732831
          86    -0.97412   -0.973158 0.000724348
          87    -0.96916   -0.973112 0.000717447
          88   -0.972544   -0.973106 0.000709277
          89   -0.955208   -0.972905 0.000729527
          90   -0.968704   -0.972858 0.000722883
          91   -0.970192   -0.972829 0.000715496
          92   -0.968592   -0.972783 0.000709172
          93   -0.982104   -0.972883  0.00070863
          94   -0.971264   -0.972866 0.000701262
          95   -0.984224   -0.972985 0.000704067
          96   -0.972072   -0.972976 0.000696759
          97   -0.975424   -0.973001 0.000690001
          98   -0.974672   -0.973018 0.000683136
          99   -0.983344   -0.973122 0.000684198
         100   -0.962056   -0.973012 0.000686302
