           1   -0.666952   -0.666952           0
           2   -0.666008    -0.66648    0.000472
           3   -0.663296   -0.665419  0.00109576
           4   -0.665128   -0.665346 0.000778219
           5     -0.6654   -0.665357 0.000602903
           6   -0.669344   -0.666021 0.000827002
           7   -0.667552    -0.66624 0.000732351
           8   -0.666552   -0.666279 0.000635433
           9    -0.66708   -0.666368 0.000567422
          10   -0.663856   -0.666117 0.000566282
          11   -0.664168    -0.66594 0.000541995
          12   -0.662064   -0.665617 0.000590853
          13   -0.668008   -0.665801 0.000573791
          14   -0.665944   -0.665811 0.000531326
          15   -0.662088   -0.665563 0.000553412
          16   -0.666944   -0.665649 0.000524819
          17   -0.663256   -0.665508 0.000512685
          18   -0.662272   -0.665328 0.000515718
          19   -0.664104   -0.665264 0.000492059
          20      -0.663   -0.665151 0.000480338
          21   -0.666136   -0.665198 0.000459294
          22   -0.664504   -0.665166 0.000439054
          23   -0.663336   -0.665087  0.00042701
          24   -0.665232   -0.665093 0.000408876
          25   -0.665848   -0.665123 0.000393342
          26   -0.666984   -0.665194  0.00038463
          27   -0.661944   -0.665074 0.000389198
          28   -0.662088   -0.664967 0.000389909
          29   -0.664272   -0.664943 0.000376987
          30    -0.66364     -0.6649 0.000366786
          31   -0.667176   -0.664973 0.000362275
          32   -0.667232   -0.665044 0.000357802
          33    -0.66724   -0.665111 0.000353117
          34   -0.665312   -0.665116 0.000342625
          35   -0.665504   -0.665128 0.000332876
          36   -0.664272   -0.665104 0.000324369
          37   -0.663808   -0.665069 0.000317418
          38   -0.669456   -0.665184  0.00032982
          39   -0.663504   -0.665141 0.000324127
          40   -0.661784   -0.665057 0.000326879
          41    -0.66596   -0.665079 0.000319566
          42   -0.662728   -0.665023 0.000316849
          43   -0.668208   -0.665097 0.000318134
          44   -0.662952   -0.665049 0.000314621
          45   -0.666048   -0.665071  0.00030835
          46    -0.66656   -0.665103 0.000303306
          47   -0.663416   -0.665067 0.000298945
          48    -0.65948   -0.664951  0.00031495
          49    -0.66424   -0.664936 0.000308797
          50   -0.663768   -0.664913 0.000303459
          51   -0.667008   -0.664954 0.000300272
          52    -0.66624   -0.664979 0.000295478
          53   -0.663224   -0.664946 0.000291734
          54     -0.6616   -0.664884 0.000292908
          55     -0.6696   -0.664969 0.000300048
          56   -0.662408   -0.664924  0.00029817
          57   -0.662592   -0.664883 0.000295735
          58   -0.666456    -0.66491 0.000291855
          59    -0.66276   -0.664873 0.000289171
          60   -0.664864   -0.664873  0.00028431
          61   -0.665776   -0.664888 0.000280002
          62   -0.664336   -0.664879 0.000275593
          63    -0.66296   -0.664849 0.000272889
          64   -0.665248   -0.664855 0.000268663
          65   -0.662288   -0.664816  0.00026743
          66    -0.65908   -0.664729 0.000277315
          67    -0.66348    -0.66471 0.000273779
          68   -0.657928    -0.66461 0.000287572
          69    -0.66472   -0.664612 0.000283378
          70   -0.661936   -0.664574 0.000281904
          71   -0.661832   -0.664535 0.000280575
          72   -0.664784   -0.664538 0.000276672
          73   -0.663344   -0.664522 0.000273346
          74   -0.668456   -0.664575 0.000274818
          75    -0.66416    -0.66457 0.000271185
          76   -0.663144   -0.664551  0.00026825
          77   -0.665568   -0.664564 0.000265073
          78    -0.66548   -0.664576 0.000261915
          79   -0.664096    -0.66457  0.00025865
          80   -0.664968   -0.664575 0.000255445
          81   -0.661072   -0.664532 0.000255951
          82   -0.660208   -0.664479 0.000258251
          83   -0.660984   -0.664437 0.000258571
          84   -0.663736   -0.664428 0.000255611
          85   -0.663984   -0.664423  0.00025264
          86   -0.667232   -0.664456 0.000251812
          87   -0.664184   -0.664453  0.00024892
          88   -0.665304   -0.664462 0.000246266
          89    -0.66744   -0.664496 0.000245771
          90   -0.659584   -0.664441 0.000249077
          91   -0.661792   -0.664412 0.000248039
          92   -0.664368   -0.664412 0.000245329
          93   -0.662872   -0.664395 0.000243241
          94   -0.666824   -0.664421 0.000242022
          95   -0.663192   -0.664408  0.00023981
          96     -0.6652   -0.664416 0.000237443
          97   -0.665944   -0.664432 0.000235509
          98   -0.664632   -0.664434 0.000233103
          99    -0.66256   -0.664415 0.000231511
         100     -0.6664   -0.664435 0.000230042
