          20   -0.974969   -0.974052 0.000574246
          20    -0.96999   -0.971173 0.000491559
          20   -0.966786    -0.96738 0.000368025
          20   -0.961494   -0.962829 0.000350024
          20   -0.960022   -0.959848  0.00044724
          20   -0.956058   -0.956415  0.00045314
          20   -0.952802    -0.95203 0.000457525
          20   -0.945178   -0.947241 0.000563125
          20    -0.94221   -0.943395 0.000577219
          20   -0.936302   -0.939431 0.000470848
          20   -0.933827   -0.934966 0.000441709
          20   -0.929227   -0.930679 0.000356707
          20   -0.927304   -0.926363 0.000341446
          20   -0.924605   -0.922106  0.00047783
          20   -0.917893   -0.918607 0.000333637
          20    -0.91364   -0.914039 0.000386432
          20   -0.910966    -0.90931 0.000399422
          20   -0.904868   -0.905111 0.000377979
          20   -0.900474   -0.900812 0.000383235
          20   -0.898206   -0.896521 0.000364964
          20   -0.893058    -0.89221 0.000241231
          20   -0.888302   -0.888305 0.000321498
          20     -0.8836   -0.883698 0.000234246
          20   -0.879424   -0.879366 0.000267547
          20   -0.874184   -0.874579 0.000360285
          20   -0.869746   -0.870232 0.000261925
          20    -0.86805   -0.866163 0.000240296
          20   -0.861446   -0.861035 0.000234805
          20   -0.857728   -0.857317 0.000187767
          20   -0.851951   -0.852861 0.000272703
          20   -0.849836   -0.848858 0.000220244
          20   -0.845587   -0.844125 0.000317447
          20   -0.839794   -0.839424 0.000240523
          20   -0.835572   -0.835365 0.000323662
          20   -0.830662   -0.830961 0.000214603
          20   -0.826511   -0.826342 0.000225429
          20   -0.822226    -0.82256 0.000210128
          20   -0.818474     -0.8178 0.000240396
          20   -0.811968   -0.813237  0.00023541
          20    -0.80899   -0.809009 0.000211965
          20   -0.804939   -0.804115 0.000161083
          20   -0.801013   -0.800239 0.000254798
          20   -0.795386    -0.79562 0.000168361
          20   -0.792247   -0.790945 0.000266037
          20   -0.784633   -0.787229 0.000287526
          20    -0.78437   -0.783061 0.000299044
          20   -0.779036   -0.778497 0.000160114
          20   -0.775216   -0.774455 0.000263855
          20   -0.770658   -0.770169   0.0002009
          20   -0.766217   -0.765979 0.000215865
          20   -0.761629   -0.761343  0.00023187
          20   -0.756258   -0.757325 0.000188958
          20    -0.75423   -0.753493 0.000159026
          20   -0.746943   -0.749107  0.00028635
          20    -0.74531   -0.744964 0.000164116
          20   -0.740661   -0.740685 0.000134663
          20   -0.736846   -0.736569 0.000238441
          20   -0.732467   -0.732705 0.000173752
          20   -0.728246   -0.728677 0.000133458
          20   -0.725728    -0.72449 0.000169651
          20   -0.717986   -0.720681 0.000255486
          20   -0.716587   -0.716779  0.00021182
          20   -0.713566   -0.712812 0.000191591
          20   -0.709571   -0.708787 0.000116395
          20   -0.705634   -0.705272 0.000178066
          20   -0.701205   -0.700857 0.000149487
          20   -0.698103     -0.6972 0.000169721
          20   -0.694079   -0.693776 0.000137537
          20   -0.689482   -0.689788 0.000147906
          20   -0.685295   -0.686111 0.000149315
          20   -0.680749   -0.681963 0.000156828
          20    -0.67809   -0.678526 0.000169505
          20   -0.674873   -0.674995 0.000145912
          20   -0.671162   -0.671183 0.000169142
          20   -0.667684   -0.667796  0.00019653
          20   -0.663915      -0.664 0.000148925
          20   -0.660688   -0.660352 0.000176633
          20   -0.658063   -0.656862 0.000189316
          20    -0.65267   -0.653349 0.000144031
          20   -0.650029   -0.649899 0.000182504
          20   -0.645243   -0.646431 0.000189038
          20   -0.643506   -0.643084 0.000176923
          20   -0.638001   -0.639638  0.00016679
          20   -0.634689   -0.636196 0.000151067
          20   -0.632568   -0.632595 0.000157412
          20   -0.630986   -0.629759 0.000170035
          20   -0.625565   -0.626166 0.000175197
          20   -0.622971   -0.622924 0.000134107
          20   -0.620522   -0.619862 0.000157515
          20   -0.616315   -0.616676 0.000142081
          20   -0.612424   -0.613162 0.000169503
          20   -0.610408   -0.610581  0.00017916
          20   -0.607384   -0.607016 0.000123093
          20   -0.604488   -0.603989 0.000163967
          20     -0.6011   -0.600936 0.000134152
          20   -0.598048   -0.597805 0.000129378
          20   -0.593246   -0.594818 0.000164979
          20   -0.592278   -0.591575 0.000154295
          20   -0.588269   -0.588719 0.000167623
          20   -0.585798   -0.585759 0.000152611
          20   -0.582001   -0.582652 0.000132215
          20   -0.581078   -0.579739 0.000139408
          20   -0.577983   -0.577058 0.000164536
          20    -0.57316   -0.574056 0.000191593
          20   -0.570934   -0.571057 0.000123928
          20   -0.568094   -0.568346 0.000122678
          20   -0.564899     -0.5657 0.000182667
          20   -0.563529   -0.562757 0.000151793
          20   -0.560739   -0.560152 0.000126623
          20   -0.556198   -0.557454 0.000163939
          20   -0.554331   -0.554579 0.000153527
          20   -0.551898   -0.551808 0.000141247
          20   -0.548963   -0.549141 0.000137288
          20   -0.547747   -0.546866 0.000140517
          20   -0.543762   -0.544156 0.000136361
          20   -0.541606   -0.541501 0.000148959
          20   -0.538124   -0.538585 0.000169447
          20   -0.537614   -0.536248 0.000145714
          20   -0.533761   -0.533599 9.84505e-05
          20   -0.531676   -0.531302 0.000133844
          20   -0.529046   -0.528654 0.000147508
          20   -0.525874   -0.526021 0.000152421
          20   -0.524253   -0.523921 0.000105706
          20   -0.521231   -0.521246 0.000191653
          20   -0.519015   -0.518666 0.000160942
          20   -0.516758   -0.516553 0.000112664
          20   -0.512874   -0.513801 0.000151712
          20   -0.510966   -0.511837 0.000137845
          20   -0.509974   -0.509294 0.000128527
          20   -0.506826   -0.506908 0.000102496
          20   -0.503962   -0.504771 0.000153079
          20   -0.501942   -0.502211 0.000128971
          20    -0.50103   -0.500145 0.000123733
          20   -0.497896   -0.497914 0.000125319
          20   -0.495128    -0.49565 0.000140574
          20   -0.492773   -0.493517  0.00011065
          20   -0.491411    -0.49139 0.000124132
          20   -0.488391   -0.488971 0.000114566
          20   -0.485888   -0.486721 0.000160874
          20   -0.486051   -0.484773 0.000141293
          20   -0.482892    -0.48248 9.79853e-05
          20   -0.481493   -0.480659 0.000125803
          20   -0.478314   -0.478467 0.000115816
          20   -0.474626   -0.476064 0.000142414
          20   -0.473659   -0.474307 9.11874e-05
          20    -0.47159    -0.47221  0.00013824
          20   -0.469443   -0.470047 0.000115982
          20   -0.467365   -0.468011  0.00010073
          20   -0.466954   -0.465877 0.000134755
          20   -0.464028   -0.464044 0.000141349
          20   -0.462842   -0.462163  0.00013956
