          20   -0.974247   -0.974596 0.000267816
          20    -0.96819   -0.970571 0.000304461
          20   -0.969075    -0.96791 0.000311121
          20   -0.960966   -0.962795 0.000345138
          20   -0.957198   -0.959731 0.000469958
          20   -0.955688     -0.9552  0.00043924
          20   -0.952906   -0.951387  0.00028849
          20   -0.948366   -0.947619 0.000291185
          20   -0.944086   -0.943479 0.000349097
          20   -0.939076     -0.9394 0.000390348
          20   -0.934656   -0.935371 0.000286297
          20   -0.931406   -0.931027 0.000350411
          20   -0.929244    -0.92628 0.000368489
          20   -0.921659   -0.921999 0.000265303
          20   -0.917947   -0.917514 0.000282339
          20   -0.913727   -0.913367  0.00033894
          20   -0.908929   -0.909281 0.000312702
          20   -0.906408   -0.905349 0.000347975
          20   -0.901861   -0.900709 0.000323889
          20   -0.896594   -0.895904 0.000202466
          20   -0.893076   -0.892179 0.000228459
          20    -0.88837   -0.887554 0.000249868
          20   -0.883186   -0.883381 0.000219339
          20   -0.878111   -0.878958 0.000287642
          20      -0.875    -0.87437  0.00021917
          20   -0.870812   -0.870181 0.000220293
          20   -0.865082    -0.86578 0.000250352
          20   -0.860576   -0.861323 0.000274767
          20   -0.855106   -0.856948 0.000253734
          20   -0.852818   -0.852657 0.000201703
          20   -0.848372   -0.848247 0.000251646
          20     -0.8439    -0.84406 0.000203894
          20   -0.840057   -0.839475 0.000191122
          20    -0.83475   -0.835509  0.00019383
          20   -0.830784   -0.830538 0.000190095
          20   -0.826285   -0.826254 0.000199365
          20   -0.822659   -0.821847 0.000179224
          20   -0.817622   -0.817495 0.000183161
          20   -0.813938   -0.813648  0.00018545
          20   -0.809014   -0.808601 0.000148156
          20   -0.804577   -0.804437 0.000181779
          20   -0.800339   -0.799858 0.000220108
          20   -0.796042   -0.795655 0.000200561
          20   -0.791793   -0.791559 0.000163014
          20   -0.787787   -0.787203 0.000149169
          20   -0.781924   -0.783135 0.000138327
          20   -0.778647   -0.778624 0.000168416
          20   -0.774265   -0.774461 0.000158011
          20   -0.771286   -0.770308 0.000169187
          20   -0.765938   -0.765766  0.00016557
          20   -0.761354   -0.761473 0.000169875
          20   -0.758006   -0.757295 0.000157412
          20   -0.754714   -0.753506  0.00018891
          20   -0.748304   -0.749072 0.000169504
          20   -0.745198   -0.744746 0.000169381
          20    -0.74186   -0.740828 0.000151746
          20   -0.736434   -0.736636 0.000208911
          20   -0.732946   -0.732417   0.0001628
          20   -0.728541   -0.728679 0.000209993
          20   -0.725146   -0.724609 0.000126215
          20   -0.719944   -0.720781 0.000143734
          20   -0.716194   -0.716651 0.000176291
          20   -0.712617   -0.712698 0.000110705
          20   -0.709662   -0.709009 0.000118961
          20   -0.705702   -0.705049 0.000137239
          20   -0.700989   -0.701091 0.000162781
          20   -0.697865   -0.697207 0.000167267
          20   -0.693981   -0.693441 0.000168279
          20   -0.689689   -0.689643 0.000149536
          20   -0.685274   -0.685783 0.000162386
          20   -0.683586   -0.682295 0.000160899
          20    -0.67755   -0.678353 0.000173524
          20    -0.67467      -0.675 0.000134454
          20    -0.67117   -0.671012 0.000137492
          20   -0.666309   -0.667574 0.000136736
          20   -0.663866   -0.663944  0.00017532
          20   -0.659824   -0.660476 0.000149797
          20   -0.656754    -0.65686 0.000131355
          20   -0.653667   -0.653379 0.000111512
          20   -0.649489   -0.649902 0.000125246
          20     -0.6467   -0.646332 0.000151866
          20   -0.641763   -0.642935 0.000138063
          20   -0.638839   -0.639356 0.000177791
          20   -0.635623   -0.635966 0.000107629
          20   -0.631754   -0.632868 0.000154566
          20   -0.629963   -0.629725 0.000137648
          20   -0.625934   -0.626321 0.000159411
          20   -0.622353   -0.623099 0.000104508
          20   -0.620042   -0.619671 0.000165503
          20   -0.616252   -0.616617 0.000133723
          20   -0.613461   -0.613269 0.000128878
          20   -0.610074   -0.610271 0.000101515
          20   -0.608484   -0.607224 0.000145341
          20   -0.604242   -0.603651 0.000139506
          20   -0.601067   -0.601011 0.000120497
          20   -0.596817   -0.597745 0.000133638
          20   -0.594278   -0.594723 0.000135017
          20   -0.591837   -0.591826 0.000137537
          20   -0.588681   -0.588705 0.000133121
          20    -0.58562   -0.585769 0.000174155
          20    -0.58333    -0.58274 0.000111815
          20    -0.58011   -0.579879 9.44165e-05
          20   -0.577406   -0.577111 0.000105141
          20   -0.574631   -0.574097 0.000105874
          20   -0.571386   -0.571418 0.000112359
          20   -0.568491   -0.568338 0.000136477
          20   -0.565505   -0.565561 0.000101022
          20   -0.562034    -0.56258 0.000114847
          20   -0.560046   -0.560009 0.000127074
          20   -0.556955   -0.557339 0.000101316
          20   -0.554863     -0.5548 8.46649e-05
          20   -0.550431   -0.551608 0.000116742
          20   -0.549602   -0.549253 0.000130833
          20   -0.546778    -0.54658 0.000106783
          20   -0.544032   -0.543865 0.000104133
          20   -0.541714   -0.541251  0.00011009
          20    -0.53876   -0.538602 0.000117391
          20    -0.53629   -0.536143 0.000142746
          20   -0.533663   -0.533479   9.562e-05
          20   -0.531188   -0.531216  9.1914e-05
          20   -0.528956   -0.528558 0.000112282
          20   -0.525856   -0.526219 0.000112725
          20   -0.522966   -0.523544 0.000145205
          20    -0.52097   -0.521354 0.000120578
          20   -0.519616   -0.518996 0.000120432
          20   -0.517355   -0.516476 0.000156451
          20   -0.513996   -0.513975 9.71746e-05
          20   -0.511606   -0.511699 9.74448e-05
          20   -0.509221   -0.509312 0.000115173
          20   -0.507694   -0.507074 9.60145e-05
          20   -0.504573   -0.504659   8.225e-05
          20   -0.502376    -0.50225 8.08818e-05
          20    -0.50008   -0.500178 0.000112421
          20   -0.498355   -0.497984 0.000124785
          20   -0.495465   -0.495516   9.424e-05
          20    -0.49259   -0.493384 0.000141279
          20   -0.491509   -0.491241 0.000113936
          20   -0.488975   -0.489156 0.000113123
          20   -0.488198   -0.486999 0.000157273
          20   -0.483753   -0.484577 0.000132912
          20   -0.482594   -0.482529 0.000113589
          20   -0.480541   -0.480477 0.000127656
          20   -0.478344   -0.478265 0.000111046
          20   -0.476558   -0.476392 0.000107141
          20   -0.474794   -0.474176 0.000135081
          20    -0.47325   -0.472134 0.000145482
          20   -0.469888       -0.47 0.000115341
          20   -0.468092   -0.468027  0.00012136
          20   -0.466144   -0.465976 0.000124111
          20   -0.465696   -0.464204 0.000124487
          20    -0.46221    -0.46226 0.000108132
