           1   -0.461944   -0.461944           0
           2   -0.462908   -0.462426    0.000482
           3   -0.462071   -0.462308 0.000302371
           4    -0.46254   -0.462366 0.000221553
           5   -0.462086    -0.46231 0.000180533
           6   -0.461891    -0.46224 0.000163078
           7   -0.461919   -0.462194 0.000145246
           8   -0.462536   -0.462237 0.000132846
           9   -0.462453   -0.462261  0.00011959
          10   -0.461725   -0.462207 0.000119646
          11    -0.46263   -0.462246 0.000114857
          12   -0.461329   -0.462169 0.000129739
          13   -0.461478   -0.462116 0.000130667
          14   -0.462764   -0.462162 0.000129524
          15   -0.462159   -0.462162  0.00012058
          16    -0.46277     -0.4622  0.00011901
          17    -0.46259   -0.462223 0.000114113
          18   -0.461983    -0.46221 0.000108409
          19   -0.462261   -0.462212  0.00010258
          20   -0.461747   -0.462189 0.000100057
          21   -0.462491   -0.462204 9.62543e-05
          22   -0.462668   -0.462225 9.41718e-05
          23   -0.461035   -0.462173 0.000103787
          24   -0.462529   -0.462188 0.000100468
          25   -0.462422   -0.462197 9.68186e-05
          26   -0.461393   -0.462166 9.80295e-05
          27   -0.463124   -0.462202 0.000100779
          28   -0.461412   -0.462173 0.000101125
          29    -0.46243   -0.462182 9.79772e-05
          30   -0.461936   -0.462174 9.50104e-05
          31   -0.461641   -0.462157 9.34909e-05
          32   -0.461219   -0.462128  9.5147e-05
          33   -0.461471   -0.462108 9.43394e-05
          34    -0.46253    -0.46212   9.236e-05
          35   -0.461965   -0.462116 8.97921e-05
          36   -0.461459   -0.462097 8.91473e-05
          37   -0.463087   -0.462124 9.07371e-05
          38   -0.462097   -0.462123   8.832e-05
          39    -0.46205   -0.462122 8.60459e-05
          40   -0.461674    -0.46211 8.46118e-05
          41    -0.46237   -0.462117 8.27641e-05
          42   -0.461544   -0.462103 8.19125e-05
          43    -0.46268   -0.462117 8.11023e-05
          44   -0.462317   -0.462121 7.93683e-05
          45    -0.46126   -0.462102 7.99092e-05
          46   -0.461937   -0.462098 7.82351e-05
          47   -0.461316   -0.462082 7.83412e-05
          48   -0.461414   -0.462068 7.79445e-05
          49   -0.462738   -0.462081 7.75544e-05
          50   -0.461782   -0.462075 7.62238e-05
          51   -0.463105   -0.462096 7.73924e-05
          52   -0.462759   -0.462108 7.69549e-05
          53   -0.462242   -0.462111 7.55308e-05
          54   -0.462451   -0.462117 7.43863e-05
          55   -0.462265    -0.46212 7.30705e-05
          56   -0.461364   -0.462106 7.30124e-05
          57   -0.461281   -0.462092  7.3168e-05
          58    -0.46293   -0.462106 7.33318e-05
          59   -0.461543   -0.462097 7.27074e-05
          60   -0.462818   -0.462109 7.24877e-05
          61   -0.462312   -0.462112 7.13673e-05
          62   -0.463314   -0.462132 7.28354e-05
          63   -0.462094   -0.462131 7.16724e-05
          64   -0.462515   -0.462137 7.07987e-05
          65    -0.46213   -0.462137  6.9701e-05
          66   -0.461484   -0.462127 6.93459e-05
          67     -0.4617   -0.462121 6.85997e-05
          68   -0.461498   -0.462111 6.81999e-05
          69   -0.462502   -0.462117 6.74427e-05
          70   -0.461808   -0.462113 6.66187e-05
          71   -0.462542   -0.462119  6.5952e-05
          72   -0.462408   -0.462123 6.51536e-05
          73    -0.46183   -0.462119 6.43796e-05
          74   -0.461908   -0.462116 6.35674e-05
          75   -0.462179   -0.462117 6.27198e-05
          76   -0.461556   -0.462109 6.23273e-05
          77   -0.462114   -0.462109 6.15126e-05
          78   -0.462216   -0.462111 6.07342e-05
          79   -0.461838   -0.462107 6.00595e-05
          80   -0.461761   -0.462103  5.9462e-05
          81   -0.462595   -0.462109 5.90369e-05
          82   -0.463274   -0.462123 6.00169e-05
          83   -0.461759   -0.462119 5.94514e-05
          84   -0.463266   -0.462133  6.0307e-05
          85   -0.462084   -0.462132  5.9596e-05
          86   -0.461907   -0.462129 5.89569e-05
          87   -0.462046   -0.462128 5.82831e-05
          88   -0.461615   -0.462123 5.79114e-05
          89   -0.461985   -0.462121  5.7278e-05
          90    -0.46241   -0.462124 5.67286e-05
          91     -0.4628   -0.462132 5.65911e-05
          92   -0.462842   -0.462139  5.6502e-05
          93   -0.462902   -0.462148 5.64901e-05
          94   -0.463167   -0.462158 5.69288e-05
          95   -0.461848   -0.462155 5.64211e-05
          96   -0.463425   -0.462168 5.73753e-05
          97   -0.461341    -0.46216 5.74182e-05
          98    -0.46247   -0.462163 5.69175e-05
          99   -0.462437   -0.462166 5.64075e-05
         100   -0.461739   -0.462162 5.60033e-05
