          20    0.327147    0.325884  0.00242659
          20    0.350364    0.348021  0.00183483
          20    0.350925    0.358856  0.00208843
          20    0.384221    0.379873  0.00218818
          20    0.401068    0.389141  0.00197985
          20    0.395927    0.402174  0.00194683
          20    0.401977    0.406142  0.00135019
          20    0.401148    0.412618  0.00153235
          20     0.41485    0.418094  0.00150986
          20    0.425139    0.421414  0.00176931
          20     0.43214    0.425586  0.00168987
          20    0.413266     0.42541  0.00142939
          20    0.418146    0.426337  0.00166859
          20    0.413791    0.427716  0.00166918
          20     0.42022    0.429297   0.0017132
          20      0.4284    0.426986  0.00145201
          20    0.423756    0.431164   0.0016292
          20     0.43505    0.434169  0.00163562
          20      0.4322     0.43491   0.0017195
          20    0.437311    0.432028  0.00148213
          20     0.42781    0.434032  0.00150032
          20    0.440303    0.433941  0.00103342
          20    0.434626    0.433987  0.00179851
          20    0.439727    0.436994  0.00118238
          20    0.419678    0.433242  0.00108932
          20    0.443443    0.438968  0.00165275
          20    0.432103    0.439959  0.00164825
          20    0.440373    0.440676  0.00144047
          20    0.440286    0.436731  0.00110168
          20    0.447393    0.440213  0.00119859
          20    0.439029    0.440725  0.00109552
          20    0.444271    0.440493  0.00113077
          20    0.436002    0.439841  0.00112355
          20    0.444099    0.440646  0.00172755
          20    0.444394    0.441016  0.00126772
          20    0.445018    0.439498 0.000786688
          20    0.440305    0.439412   0.0012662
          20    0.433278    0.437779 0.000680088
          20    0.435681     0.43865  0.00073118
          20    0.439873    0.438867 0.000865471
          20    0.437779     0.43651  0.00067228
          20    0.432977     0.43416 0.000780406
          20    0.430629    0.432645 0.000739085
          20    0.436655    0.432404 0.000728707
          20    0.430789    0.430625 0.000750671
          20    0.429182     0.42873 0.000679377
          20    0.422187    0.427148 0.000857354
          20    0.420784    0.425245 0.000821822
          20    0.423687    0.425063 0.000890886
          20    0.421743    0.421325 0.000814118
          20    0.420052    0.419933 0.000752214
          20    0.416423    0.416745 0.000774157
          20    0.413793    0.415161 0.000732174
          20    0.415516     0.41321 0.000530536
          20    0.410637    0.410855 0.000459807
          20    0.410138    0.409198 0.000832662
          20     0.40647    0.405677  0.00076845
          20       0.407    0.405633 0.000532679
          20    0.399984    0.401576 0.000611319
          20    0.400231    0.398966 0.000569136
          20    0.402052    0.397131 0.000723671
          20    0.391785    0.394676 0.000764868
          20    0.393761    0.392754 0.000443465
          20    0.390802    0.390126 0.000818643
          20    0.388122    0.387349 0.000705573
          20    0.383953     0.38453  0.00052715
          20    0.383701    0.381896 0.000637205
          20    0.379338    0.379675 0.000557463
          20    0.377579    0.376464 0.000405239
          20    0.373642    0.373391 0.000579415
          20    0.365345    0.371364 0.000575096
          20    0.372314    0.368204 0.000553375
          20    0.367985    0.365546 0.000332939
          20    0.361414    0.363244 0.000521399
          20    0.359078    0.360454 0.000459929
          20    0.355173    0.357231 0.000456986
          20     0.35857    0.355807  0.00057414
          20    0.352573    0.351848 0.000428947
          20    0.348038    0.350555 0.000434841
          20    0.344793    0.346799 0.000420482
          20    0.344128     0.34425 0.000426033
          20    0.342864    0.341673 0.000453921
          20    0.339679    0.338641 0.000426863
          20    0.334126    0.336434 0.000314786
          20    0.334352    0.334668 0.000471804
          20    0.331255    0.331418 0.000404859
          20    0.331558    0.328908 0.000596882
          20    0.330635    0.325368 0.000486865
          20    0.322817    0.323641 0.000469986
          20     0.31848    0.320281 0.000377146
          20    0.317053    0.318386  0.00040052
          20     0.31269    0.314817 0.000345541
          20    0.313005    0.312402 0.000376089
          20    0.311324    0.310645  0.00035269
          20    0.307497    0.308005 0.000339095
          20    0.307551    0.306095  0.00032534
          20    0.302157    0.303176 0.000358269
          20     0.30112    0.300611 0.000358777
          20    0.298789    0.298287 0.000344928
          20    0.294874    0.295803 0.000323053
          20    0.292942    0.293416 0.000329603
          20    0.290063    0.290382 0.000323992
          20    0.289136    0.288527 0.000338666
          20     0.28581     0.28661 0.000253458
          20    0.281851    0.284166 0.000319845
          20    0.280702    0.281817 0.000305619
          20    0.280074    0.279581 0.000339703
          20    0.274276     0.27663 0.000344816
          20    0.275161    0.275176 0.000313099
          20    0.271869      0.2725 0.000332174
          20    0.272097    0.270164 0.000279907
          20    0.269485    0.268801 0.000253493
          20    0.265529    0.265733 0.000282196
          20    0.261856    0.263445 0.000240752
          20    0.262893    0.262049 0.000322569
          20     0.26178    0.259963 0.000266393
          20    0.256373    0.257414 0.000275409
          20    0.254999    0.255399 0.000231059
          20    0.252438    0.253507 0.000241291
          20    0.253104    0.251145 0.000232158
          20    0.247739    0.249224 0.000221846
          20    0.247162    0.247209 0.000348898
          20    0.246378    0.245279 0.000280618
          20    0.239031    0.243219 0.000406974
          20    0.239021    0.241007 0.000225095
          20    0.238123    0.239446 0.000307592
          20    0.237783    0.237616 0.000223739
          20    0.234149     0.23609 0.000272143
          20     0.23367    0.233467  0.00019748
          20    0.234054    0.232311 0.000234241
          20    0.229406    0.229775 0.000273122
          20    0.228366    0.227865 0.000273497
          20    0.227217    0.226318 0.000264651
          20    0.223651    0.224826 0.000290396
          20    0.223421    0.222515 0.000322659
          20    0.220055    0.221105  0.00029696
          20    0.220047    0.218815 0.000258052
          20    0.217285    0.217379 0.000254966
          20    0.215756    0.215845 0.000267834
          20    0.215465    0.214432 0.000219839
          20    0.212055    0.212743  0.00018615
          20    0.209476    0.210986 0.000189664
          20    0.209034     0.20926 0.000308389
          20    0.208385    0.207629 0.000254931
          20    0.205402    0.206079 0.000234886
          20    0.204877    0.204568 0.000224127
          20    0.201954    0.202314 0.000150461
          20    0.201819    0.201403 0.000243925
          20    0.199661    0.199738 0.000247775
          20    0.199134     0.19835 0.000169275
          20     0.19733    0.196735 0.000181297
