          20    0.319373     0.33006  0.00410907
          20    0.353076    0.342645  0.00363957
          20    0.370515    0.362099  0.00298939
          20    0.382783     0.37783  0.00251374
          20    0.393811     0.39036  0.00281599
          20    0.380246     0.39176  0.00217967
          20    0.408677    0.405537  0.00207087
          20     0.40653    0.414407  0.00250002
          20    0.434023    0.415358  0.00233925
          20    0.429406    0.418814  0.00188832
          20    0.430903    0.424156  0.00210885
          20    0.441117    0.428786   0.0021814
          20    0.424911    0.427896  0.00291906
          20     0.43101    0.428844  0.00265259
          20    0.419333    0.426516  0.00246513
          20    0.431943    0.430053  0.00190463
          20    0.428671    0.426851  0.00236119
          20    0.438285    0.428156  0.00203291
          20     0.42681    0.432885  0.00214743
          20     0.42159    0.433397  0.00171031
          20    0.436218    0.436913  0.00256806
          20    0.423541    0.432535  0.00171426
          20    0.426948    0.435451   0.0020167
          20    0.425162    0.437932  0.00183176
          20    0.440727    0.438147  0.00149613
          20    0.453855    0.436574  0.00212245
          20    0.446895    0.439684  0.00183123
          20    0.431608    0.439027   0.0015271
          20    0.441254    0.441807  0.00173709
          20    0.441833     0.43945  0.00133658
          20    0.442427     0.44228  0.00117874
          20    0.431467    0.439777  0.00120132
          20    0.436556    0.437039  0.00106826
          20     0.44385    0.439269  0.00162803
          20    0.441368    0.437857 0.000944694
          20    0.437787    0.438278 0.000943381
          20    0.441448    0.438397  0.00133729
          20    0.440547    0.439124  0.00113213
          20    0.437504    0.437561  0.00077044
          20    0.433623    0.435454  0.00122084
          20    0.433497    0.434786  0.00110419
          20    0.433285    0.434102 0.000721413
          20    0.437155    0.434258 0.000919753
          20    0.428653    0.431882 0.000906323
          20    0.424316    0.429202 0.000982258
          20    0.425411     0.43039 0.000660749
          20    0.423212    0.427008 0.000966126
          20     0.43067    0.426492 0.000875086
          20    0.421897     0.42505 0.000988168
          20     0.42846    0.422204 0.000814158
          20    0.419106     0.41968 0.000763685
          20    0.416277      0.4176 0.000682247
          20    0.418604    0.415328 0.000781755
          20    0.411271    0.412207 0.000909085
          20    0.410772    0.410796 0.000821076
          20    0.410692    0.409306 0.000739691
          20    0.403046    0.405952 0.000590139
          20    0.403943    0.404163 0.000673762
          20     0.40277    0.402481 0.000608308
          20    0.392375    0.398926 0.000845534
          20    0.399652    0.398871 0.000614962
          20    0.394565    0.394948 0.000609243
          20    0.388773    0.392032 0.000712355
          20    0.389465    0.390285 0.000663025
          20     0.38484    0.385562 0.000468379
          20    0.381605      0.3847 0.000619872
          20    0.383882    0.381285 0.000533597
          20    0.380128    0.379185   0.0006234
          20    0.379601    0.375594 0.000680971
          20    0.373508     0.37326 0.000445808
          20    0.370021    0.371332  0.00048232
          20    0.367354    0.367577 0.000610509
          20    0.363142    0.365843 0.000498536
          20    0.366325    0.363831 0.000464543
          20     0.35606    0.359557 0.000533773
          20    0.359648     0.35715 0.000355971
          20    0.357673    0.355259 0.000640195
          20    0.354299    0.352308 0.000383628
          20    0.353527    0.349338 0.000498108
          20    0.344711    0.347296 0.000553813
          20    0.344559    0.345144 0.000383022
          20    0.341783    0.341774 0.000392788
          20    0.341681    0.339219 0.000588694
          20     0.33637    0.336041 0.000470134
          20    0.333165    0.334313 0.000468067
          20    0.330518    0.330537 0.000613849
          20    0.328924    0.328633 0.000350771
          20    0.328438    0.325822  0.00050128
          20    0.319836    0.322898 0.000594898
          20    0.318703    0.320625 0.000420492
          20    0.317277    0.318517  0.00037859
          20    0.315244    0.314584 0.000330757
          20    0.313379    0.313108 0.000365123
          20    0.313383    0.311171 0.000437214
          20    0.306284    0.307181 0.000470033
          20    0.301219    0.305265 0.000510084
          20    0.306099    0.303842 0.000430346
          20    0.301146     0.30085 0.000287257
          20     0.29595    0.297781 0.000444787
          20    0.294676    0.295522 0.000390029
          20    0.294271    0.293852 0.000361924
          20    0.291827    0.291565 0.000356606
          20    0.288492    0.288907 0.000345166
          20    0.285483    0.286034 0.000311613
          20    0.284465    0.283197 0.000314567
          20    0.282887    0.281147 0.000326561
          20    0.278947     0.27964  0.00040115
          20      0.2783      0.2777 0.000316891
          20    0.273181    0.275124 0.000293537
          20     0.27366    0.273081 0.000285765
          20     0.26913    0.270307  0.00028719
          20    0.268412    0.268589 0.000431557
          20    0.264541    0.266036 0.000275223
          20    0.264877    0.263727 0.000339794
          20    0.257754    0.261478 0.000474905
          20    0.258632    0.259559 0.000319619
          20     0.25644    0.257537 0.000347923
          20    0.255615    0.255864 0.000255232
          20    0.253291    0.253181 0.000307258
          20    0.254199    0.251642  0.00032896
          20    0.248381    0.249365 0.000285621
          20    0.247357    0.247434  0.00030131
          20    0.244324    0.244993 0.000283194
          20    0.242029    0.243039  0.00036104
          20    0.240385    0.241449   0.0003277
          20    0.240956    0.238981 0.000304102
          20    0.235631    0.238005 0.000244099
          20     0.23513    0.235558 0.000185274
          20    0.233235    0.233607 0.000275995
          20     0.23212    0.231645 0.000269965
          20    0.228996     0.23012 0.000218618
          20    0.228146    0.228261 0.000229895
          20    0.226384     0.22645 0.000210407
          20     0.22406    0.224124 0.000256256
          20    0.221815    0.222777 0.000227423
          20    0.218983    0.221062 0.000281176
          20    0.218505    0.218917 0.000203108
          20    0.218126    0.216743 0.000328302
          20    0.216571     0.21576 0.000171853
          20    0.215533    0.214367  0.00018909
          20    0.212286    0.212366 0.000287323
          20    0.211586    0.210723 0.000309173
          20    0.208432     0.20919 0.000266725
          20       0.209    0.207499 0.000220704
          20    0.207022     0.20614 0.000238739
          20     0.20441    0.204359 0.000201302
          20    0.202495    0.202617 0.000294595
          20    0.200458     0.20128  0.00021717
          20    0.197613    0.199315 0.000224922
          20     0.19594    0.198059 0.000220481
          20     0.19765    0.196628 0.000215583
