 	  20    0.821434    0.891983  0.00547165
          20    0.853916      0.8729  0.00462927
          20    0.892394     0.84907  0.00741533
          20    0.809273    0.827804  0.00519046
          20    0.835144    0.811985  0.00508633
          20    0.786794    0.797849  0.00486949
          20    0.806684     0.77245  0.00526895
          20    0.766912    0.747696   0.0058836
          20    0.738665    0.723647    0.005364
          20    0.721262    0.691033  0.00657846
          20    0.709055    0.673586  0.00500448
          20    0.584211    0.641421  0.00658156
          20    0.596685    0.610035  0.00600457
          20    0.579629    0.596455  0.00572116
          20     0.55455    0.574356  0.00411443
          20    0.499635    0.547816  0.00586128
          20    0.517747    0.533922  0.00475678
          20    0.540486     0.50041  0.00368423
          20    0.459617    0.482054  0.00429342
          20    0.484638    0.464523  0.00436462
          20    0.463655    0.440584  0.00401665
          20    0.423954    0.427414  0.00305175
          20    0.391403     0.40701  0.00360331
          20    0.396692    0.385409  0.00305767
          20    0.378526    0.375986  0.00384879
          20    0.355352     0.35345  0.00325565
          20    0.329025     0.34645    0.002698
          20    0.325782    0.327364  0.00349113
          20    0.291608    0.313357  0.00336549
          20    0.289767    0.304044  0.00295125
          20    0.303016    0.288257  0.00234175
          20    0.299926    0.278542  0.00204477
          20    0.266905    0.268269  0.00228083
          20     0.25156    0.258823  0.00226688
          20    0.238754    0.244399  0.00231896
          20     0.24275    0.245563  0.00177532
          20      0.2056    0.228971  0.00213965
          20    0.231797    0.222965  0.00260405
          20    0.203818    0.213021  0.00216378
          20    0.203678    0.208944  0.00203706
          20     0.19958    0.200925  0.00186014
          20     0.19167    0.192123  0.00155408
          20    0.189438    0.186373  0.00136537
          20    0.181664    0.181719  0.00155463
          20    0.189213    0.176067  0.00209433
          20     0.16926    0.171573  0.00162251
          20     0.16805    0.168158  0.00186663
          20    0.141026    0.159898  0.00233159
          20    0.140412     0.15684  0.00174383
          20    0.153067    0.151816  0.00187819
          20    0.142874    0.147444  0.00181213
          20     0.14145    0.142012  0.00100356
          20    0.140976    0.136363  0.00163236
          20    0.135172     0.13493  0.00139947
          20    0.127049    0.129597   0.0014039
          20    0.119226     0.12687  0.00123214
          20    0.129601    0.123811  0.00128336
          20    0.126371    0.121024   0.0011414
          20    0.121768    0.117287   0.0012956
          20    0.119472    0.114142   0.0011987
          20    0.119881    0.111829  0.00103585
          20    0.102648    0.107393  0.00110662
          20    0.095776    0.104358  0.00162491
          20    0.111578    0.103885 0.000954119
          20   0.0969136    0.100167 0.000991793
          20   0.0855228   0.0973755  0.00107143
          20   0.0989704   0.0986107  0.00113693
          20   0.0936896   0.0932796 0.000814099
          20   0.0970304   0.0921249 0.000748634
          20   0.0892524   0.0896861 0.000752713
          20   0.0862812    0.089349   0.0010928
          20   0.0822092   0.0856703 0.000962197
          20   0.0817472   0.0840418  0.00089368
          20   0.0744044   0.0813613  0.00100551
          20   0.0827752   0.0820635  0.00113127
          20    0.070718   0.0792033  0.00079068
          20   0.0779328   0.0775087 0.000754703
          20   0.0779572   0.0760483 0.000767899
          20    0.069216   0.0744518  0.00087469
          20   0.0741868   0.0728647 0.000810914
          20   0.0709812   0.0717207 0.000923942
          20   0.0592748   0.0701058 0.000905177
          20   0.0688552   0.0680437 0.000937369
          20     0.06603   0.0670973 0.000796254
          20   0.0644328    0.066469  0.00080939
          20   0.0657176   0.0635316 0.000544457
          20   0.0609172   0.0641844 0.000794475
          20   0.0626324   0.0623965 0.000842846
          20    0.065372     0.06212 0.000585001
          20   0.0599188   0.0605679 0.000563662
          20   0.0585228   0.0602009 0.000784932
          20   0.0534676   0.0575757 0.000723098
          20    0.056184   0.0569079 0.000698402
          20   0.0576256    0.055731 0.000594634
          20     0.06017    0.056232 0.000503663
          20   0.0557688    0.054797 0.000606811
          20    0.053112    0.053601 0.000567127
          20   0.0535716     0.05332 0.000624978
          20     0.05034   0.0527897 0.000549614
          20    0.050228   0.0504624 0.000566727
          20   0.0555216   0.0512431 0.000596165
          20   0.0466352   0.0501317 0.000701709
          20   0.0481452    0.048905 0.000386686
          20   0.0468788   0.0480843 0.000679403
          20   0.0440132   0.0461151   0.0005898
          20    0.048698   0.0470886 0.000511689
          20   0.0429108    0.046811  0.00058122
          20   0.0393668   0.0455944 0.000592797
          20   0.0452224   0.0451408  0.00064821
          20   0.0440424   0.0445661 0.000323162
          20    0.043496   0.0438989 0.000569517
          20   0.0445812    0.042303  0.00061619
          20   0.0446356    0.042266 0.000567839
          20   0.0406236   0.0412658 0.000396678
          20   0.0406112    0.041738 0.000477623
          20   0.0420192   0.0406556  0.00061392
          20    0.039224   0.0398369 0.000584659
          20   0.0365004   0.0390463 0.000420614
          20    0.038302   0.0389005 0.000254727
          20   0.0368676   0.0386455 0.000584309
          20   0.0379632   0.0379677 0.000560203
          20   0.0392204   0.0373157 0.000568923
          20    0.035908   0.0373422 0.000511729
          20   0.0360196   0.0365033 0.000442155
          20   0.0361244   0.0355327 0.000510734
          20   0.0401192    0.036237 0.000438015
          20   0.0332688   0.0353334 0.000603497
          20   0.0344616   0.0355212 0.000457563
          20     0.03119   0.0341796  0.00042655
          20   0.0340936   0.0336429 0.000458014
          20   0.0351084   0.0330903 0.000596246
          20   0.0346728   0.0331615  0.00042633
          20   0.0333976   0.0328312 0.000316615
          20    0.029168   0.0316472 0.000496003
          20   0.0289048   0.0321344 0.000464988
          20   0.0322024   0.0315211 0.000386006
          20   0.0311176   0.0314342 0.000307637
          20     0.03185   0.0306902  0.00047701
          20   0.0330096   0.0309014 0.000277746
          20   0.0330092   0.0311783 0.000422825
          20   0.0301228   0.0304329 0.000360264
          20    0.030428   0.0290029 0.000395255
          20   0.0283132   0.0299487 0.000446205
          20   0.0311528   0.0292719 0.000412581
          20   0.0256068   0.0288097 0.000354065
          20   0.0295984   0.0286088 0.000345519
          20   0.0291072   0.0281267 0.000385617
          20   0.0309452   0.0283592 0.000508798
          20   0.0262448   0.0278585 0.000447191
          20    0.026714   0.0272416 0.000307575
          20   0.0262392   0.0273203 0.000357157
