          20    0.871252    0.885753   0.0085083
          20    0.878758    0.863761  0.00918068
          20     0.91343    0.860729  0.00956615
          20    0.869896    0.846394  0.00756115
          20    0.836777    0.820248  0.00896358
          20     0.81984    0.797483  0.00697668
          20    0.763622    0.780265  0.00706442
          20    0.743143    0.742632   0.0082304
          20    0.618917    0.709376  0.00969378
          20     0.74219    0.689375  0.00802114
          20    0.690064    0.693665  0.00616608
          20     0.71736     0.65878  0.00472283
          20    0.615862    0.615639  0.00732664
          20    0.557764    0.594701  0.00657826
          20     0.54293    0.570784  0.00685224
          20    0.509682    0.541333  0.00723497
          20    0.581214    0.524457  0.00585176
          20    0.527216    0.504305  0.00644486
          20    0.471368    0.488361  0.00556128
          20    0.481308    0.460794  0.00732678
          20    0.403044    0.435525  0.00559918
          20    0.435606    0.414784  0.00511095
          20    0.426634    0.407119  0.00499015
          20    0.373867    0.385005  0.00356476
          20    0.358429    0.374693  0.00436659
          20    0.354234    0.359428  0.00516523
          20     0.30392    0.341583  0.00430657
          20    0.303056    0.334119  0.00395539
          20     0.32543    0.318167  0.00548033
          20    0.290876    0.304547  0.00393025
          20    0.293113    0.299196  0.00383275
          20    0.291429    0.279538  0.00278667
          20    0.261572    0.265453  0.00270142
          20    0.260154     0.25652  0.00356389
          20    0.256908    0.255767  0.00247546
          20    0.217508    0.243614  0.00281917
          20    0.225344    0.236806   0.0022268
          20     0.24284    0.224984    0.003366
          20    0.209205    0.214615  0.00329679
          20    0.207831     0.20647   0.0015863
          20    0.197228    0.196727  0.00265004
          20    0.190674    0.196613  0.00209512
          20    0.201205      0.1873  0.00227127
          20    0.183976    0.183435  0.00266988
          20    0.182285    0.174954  0.00255545
          20     0.17655    0.170836  0.00269061
          20     0.16028    0.159495  0.00284346
          20    0.159569    0.162746   0.0017096
          20     0.15536    0.156025  0.00142396
          20     0.15994     0.14746  0.00262493
          20    0.150129    0.142807   0.0016829
          20    0.143837    0.143777   0.0016853
          20    0.130428    0.138201  0.00171641
          20    0.132663     0.13584  0.00162297
          20    0.134344    0.133115  0.00179545
          20    0.123732    0.124692  0.00150801
          20    0.125721    0.124016  0.00132593
          20    0.122997    0.122695  0.00144289
          20    0.128163    0.120556  0.00142433
          20    0.113917    0.113936  0.00080415
          20    0.117606    0.110503  0.00165005
          20    0.121012    0.108794  0.00130934
          20   0.0971868    0.104535  0.00164062
          20    0.104523    0.102931  0.00131304
          20    0.100674       0.101  0.00127316
          20    0.102253   0.0983993   0.0013835
          20   0.0961604   0.0988694  0.00101028
          20   0.0922132   0.0924933  0.00135397
          20   0.0857916   0.0926081  0.00160781
          20    0.095176   0.0888808  0.00105101
          20   0.0897584   0.0884056  0.00100361
          20   0.0872008   0.0896433 0.000999973
          20   0.0901288   0.0862836 0.000965095
          20   0.0824616   0.0821788   0.0010656
          20   0.0838544   0.0808958 0.000916255
          20   0.0772128   0.0781528   0.0013923
          20     0.08079   0.0758844  0.00118798
          20   0.0719156   0.0752432  0.00121058
          20    0.077052   0.0751865 0.000931596
          20   0.0698824   0.0733961 0.000985183
          20   0.0818068    0.071678  0.00102939
          20   0.0749284   0.0705988  0.00105703
          20    0.073226   0.0695851 0.000884286
          20   0.0665992   0.0671031 0.000943701
          20   0.0657988   0.0656389  0.00100376
          20   0.0670336   0.0642233  0.00108541
          20   0.0710764   0.0648054 0.000779142
          20   0.0607656    0.061466  0.00108217
          20    0.063652   0.0616061 0.000929689
          20   0.0621748   0.0607475 0.000976368
          20   0.0576204   0.0593735 0.000881221
          20    0.058322    0.058626  0.00104814
          20   0.0539664   0.0580413 0.000768908
          20    0.056618   0.0553767  0.00117508
          20    0.050842   0.0535111 0.000748965
          20   0.0559064   0.0551267 0.000623945
          20   0.0518056   0.0537368 0.000785964
          20    0.054152   0.0531357 0.000711896
          20   0.0530536   0.0520284 0.000885852
          20   0.0549136   0.0505113 0.000699292
          20   0.0509036   0.0510347 0.000701253
          20   0.0534356    0.050307 0.000712661
          20   0.0537164    0.048703 0.000943959
          20    0.048518   0.0477173 0.000644023
          20   0.0496196   0.0491403 0.000775174
          20   0.0492836   0.0465239 0.000696358
          20    0.046128   0.0470122 0.000774975
          20   0.0384448    0.044732 0.000643244
          20    0.048036   0.0446876 0.000734462
          20    0.044158   0.0442713 0.000511394
          20   0.0403664    0.042795 0.000488468
          20   0.0475856   0.0436178 0.000531747
          20    0.044978   0.0428439 0.000798855
          20   0.0426892   0.0422642 0.000628656
          20   0.0420332   0.0417027 0.000526063
          20   0.0417484    0.041352 0.000563001
          20   0.0454416   0.0405718 0.000612808
          20   0.0387984   0.0391208 0.000462061
          20   0.0324488   0.0389248 0.000721216
          20   0.0367536   0.0393379 0.000673914
          20   0.0327804   0.0383643 0.000666973
          20   0.0405292   0.0374526 0.000591169
          20    0.037746   0.0365649 0.000560378
          20   0.0432524   0.0379348 0.000638807
          20   0.0325784   0.0364511  0.00065373
          20   0.0330124   0.0364842 0.000634013
          20   0.0341364   0.0352969 0.000468706
          20   0.0369352   0.0342397 0.000665643
          20   0.0348812   0.0348161 0.000601077
          20    0.031894   0.0340034 0.000635113
          20   0.0315784   0.0340966 0.000476589
          20   0.0324404   0.0326521 0.000711972
          20   0.0332164   0.0335835 0.000359336
          20     0.03516   0.0325819 0.000530413
          20   0.0352708   0.0330709 0.000495165
          20     0.03468   0.0321665 0.000540151
          20    0.031514   0.0317009 0.000495859
          20   0.0309356    0.030988 0.000510067
          20   0.0282828    0.031205 0.000474969
          20   0.0298516   0.0305143 0.000488348
          20   0.0308284   0.0294222 0.000513791
          20   0.0325844   0.0295159 0.000526096
          20   0.0261416   0.0291117 0.000532872
          20   0.0264524   0.0285027  0.00048687
          20   0.0268928   0.0287955 0.000435855
          20   0.0256296   0.0293975 0.000351779
          20   0.0298632   0.0287382 0.000510232
          20   0.0282144   0.0286683 0.000516694
          20    0.024304   0.0276306 0.000461833
          20   0.0246408   0.0272974 0.000478345
          20   0.0242592   0.0274806 0.000528056
